-0.003601
-0.001799
-0.005897
-0.002677
0.002791
0.002218
0.002422
0.001681
0.001076
-0.000722
-0.000114
0.004455
0.002805
0.006841
0.007078
0.005426
0.004991
0.000298
0.003328
-0.000129
0.003266
-0.001626
-0.001581
-0.006198
-0.007654
-0.010774
-0.006828
-0.002973
-0.003677
-0.003351
-0.003411
-0.004172
-0.003289
-0.006467
-0.009392
-0.009840
-0.008419
-0.004620
-0.004365
-0.002298
-0.002143
-0.005373
-0.005663
-0.006179
-0.003128
-0.001117
0.001256
0.001052
0.001123
0.000995
-0.001463
-0.001871
-0.002323
-0.001357
0.000065
0.001147
-0.000515
-0.000944
-0.000568
0.000426
-0.001941
-0.004822
-0.004938
-0.003045
-0.001804
-0.002693
-0.003600
-0.003418
-0.003981
-0.004734
-0.004509
-0.005575
-0.005837
-0.006703
-0.004552
-0.003238
-0.003631
-0.004127
-0.002836
-0.001709
-0.000564
-0.001956
-0.000937
0.001003
0.003518
0.003385
0.004007
0.004660
0.003592
0.003067
0.003344
0.002094
0.003051
0.003619
0.003184
0.005107
0.004462
0.004038
0.002832
0.002656
0.002866
0.004670
0.003792
0.003020
0.003618
0.002915
0.000850
0.000163
-0.000298
0.000348
0.001407
0.001989
0.002546
0.000906
0.001165
0.001455
0.000900
0.002052
0.001693
0.000964
0.001224
0.001758
0.000977
-0.001125
-0.001118
-0.001526
-0.001568
-0.000159
0.000471
0.000456
0.000069
-0.000003
-0.000241
0.000657
0.000251
0.000780
-0.000448
0.001049
0.000963
0.000961
-0.001200
-0.000394
0.000043
-0.000534
-0.000609
-0.002740
-0.001893
-0.002762
-0.003435
-0.003714
-0.004493
-0.003245
-0.003429
-0.002110
-0.002512
0.000064
-0.000643
-0.000722
-0.001796
-0.001198
-0.001838
-0.002113
-0.004157
-0.003720
-0.003993
-0.004401
-0.004976
-0.005340
-0.005087
-0.005013
-0.005531
-0.006594
-0.006889
-0.006392
-0.006313
-0.007075
-0.007168
-0.006834
-0.007142
-0.006782
-0.006874
-0.006813
-0.007069
-0.007413
-0.007049
-0.007219
-0.007423
-0.006538
-0.006006
-0.006273
-0.005342
-0.005306
-0.004046
-0.003202
-0.003855
-0.003765
-0.001939
-0.000869
-0.000454
0.000023
0.000232
0.000351
0.001620
0.001349
0.001228
0.002902
0.003435
0.003808
0.004108
0.003998
0.003629
0.002173
0.003252
0.004641
0.004871
0.003734
0.004420
0.004157
0.004638
0.004450
0.003701
0.003186
0.004677
0.004978
0.004542
0.005147
0.004736
0.003664
0.004138
0.004292
0.004524
0.004863
0.004507
0.003662
0.003840
0.002846
0.002787
0.003442
0.003939
0.002334
0.002020
0.001362
0.001078
0.001103
0.000076
-0.000414
-0.000041
-0.000944
-0.000891
-0.000764
-0.001819
-0.002366
-0.001743
-0.002044
-0.003113
-0.002544
-0.002276
-0.001298
-0.002380
-0.001715
-0.001451
-0.001923
-0.002131
-0.002904
-0.003224
-0.003750
-0.004071
-0.002717
-0.002924
-0.002577
-0.002895
-0.003105
-0.002478
-0.003299
-0.002623
-0.002977
-0.003269
-0.003179
-0.003582
-0.003366
-0.003967
-0.003507
-0.003076
-0.003210
-0.002994
-0.003851
-0.003804
-0.004789
-0.004573
-0.004075
-0.004239
-0.004190
-0.004824
-0.004068
-0.003092
-0.003394
-0.003650
-0.003019
-0.002957
-0.002830
-0.002724
-0.002793
-0.004172
-0.004224
-0.004385
-0.004066
-0.003275
-0.002631
-0.002703
-0.002657
-0.002015
-0.001776
-0.001517
-0.001764
-0.001894
-0.001482
-0.001968
-0.002010
-0.003258
-0.003263
-0.002677
-0.002679
-0.003223
-0.003895
-0.002889
-0.002758
-0.002284
-0.001995
-0.002179
-0.001134
-0.000718
-0.000555
-0.000739
0.000371
0.000500
0.000410
0.000652
0.000901
0.000379
-0.000147
0.000673
-0.000232
-0.000007
-0.000729
-0.000864
-0.000709
-0.000676
-0.001758
-0.001915
-0.001729
-0.001204
-0.001178
-0.000481
-0.000432
0.000312
0.000216
0.000371
0.000882
0.001510
0.000944
0.001550
0.000909
0.000756
0.001300
0.001045
0.001493
0.001206
0.002036
0.001601
0.001219
0.000893
0.000805
0.000791
0.001180
0.000636
0.001781
0.001401
0.001481
0.002065
0.002211
0.002337
0.002208
0.002114
0.003084
0.002695
0.003499
0.003520
0.003871
0.003646
0.004382
0.004149
0.004240
0.005559
0.005373
0.005098
0.005203
0.005259
0.004727
0.004513
0.004101
0.004460
0.004637
0.004088
0.003699
0.004040
0.003984
0.004815
0.003883
0.003283
0.001434
0.001358
0.001127
0.001789
0.001526
0.001699
0.002463
0.002209
0.001533
0.001438
0.001643
0.001200
0.001048
0.000718
-0.000149
-0.000004
-0.000475
-0.000488
-0.001010
-0.000450
-0.000373
-0.000086
-0.000952
-0.000680
-0.000803
-0.001242
-0.001618
-0.001997
-0.002055
-0.001685
-0.001440
-0.001721
-0.001432
-0.001436
-0.001275
-0.001053
-0.000999
-0.001315
-0.001287
-0.000713
-0.001184
-0.000635
-0.000394
-0.000416
-0.000944
-0.001412
-0.001429
-0.001969
-0.002778
-0.002820
-0.002656
-0.003483
-0.002659
-0.003163
-0.003257
-0.002343
-0.002040
-0.002518
-0.002337
-0.001700
-0.002193
-0.001266
-0.001825
-0.002253
-0.001530
-0.001802
-0.002892
-0.003327
-0.002819
-0.002841
-0.002730
-0.003028
-0.002799
-0.002845
-0.002839
-0.003279
-0.003143
-0.002867
-0.001903
-0.002132
-0.001751
-0.001654
-0.002646
-0.002517
-0.001678
-0.002202
-0.002804
-0.003048
-0.002707
-0.002718
-0.003263
-0.002869
-0.003339
-0.002307
-0.002075
-0.001628
-0.001554
-0.001921
-0.001470
-0.001470
-0.001527
-0.001351
-0.001481
-0.001882
-0.001353
-0.001576
-0.001691
-0.001494
-0.001068
-0.001955
-0.002548
-0.002035
-0.002373
-0.001986
-0.001766
-0.001740
-0.001836
-0.001961
-0.002115
-0.002434
-0.001726
-0.002466
-0.002489
-0.001914
-0.002434
-0.002866
-0.002436
-0.002749
-0.002821
-0.003198
-0.003046
-0.002982
-0.002932
-0.002738
-0.002264
-0.002300
-0.002623
-0.002550
-0.002448
-0.002166
-0.002934
-0.003649
-0.003083
-0.002877
-0.003513
-0.003477
-0.002934
-0.003401
-0.003877
-0.004048
-0.004245
-0.004898
-0.004860
-0.004764
-0.003434
-0.003896
-0.003643
-0.004016
-0.003662
-0.003993
-0.004813
-0.004904
-0.004940
-0.005282
-0.006011
-0.006171
-0.005731
-0.004949
-0.005124
-0.005293
-0.005058
-0.004597
-0.004033
-0.004463
-0.005346
-0.005326
-0.005689
-0.005191
-0.005459
-0.005028
-0.004870
-0.004937
-0.004997
-0.004464
-0.004021
-0.003359
-0.003066
-0.002594
-0.002633
-0.002309
-0.002414
-0.002703
-0.002644
-0.002965
-0.003423
-0.002923
-0.002045
-0.001917
-0.001885
-0.001757
-0.002387
-0.002230
-0.001871
-0.002074
-0.002105
-0.002081
-0.001352
-0.001996
-0.002698
-0.002423
-0.003160
-0.003541
-0.003792
-0.002942
-0.003120
-0.003377
-0.002653
-0.002568
-0.002463
-0.002128
-0.001898
-0.001109
-0.000912
-0.000571
-0.000537
-0.000479
-0.000761
-0.000423
-0.000733
-0.000419
-0.001309
-0.001510
-0.001665
-0.001361
-0.001626
-0.001785
-0.002058
-0.001186
-0.000934
-0.000424
-0.000641
-0.001261
-0.001644
-0.001423
-0.001198
-0.001140
-0.001409
-0.001265
-0.001531
-0.001461
-0.001045
-0.001713
-0.000854
-0.000787
-0.000829
-0.000311
-0.000362
-0.001209
-0.000470
-0.000285
-0.000574
-0.000725
-0.000818
-0.001183
-0.001182
-0.001471
-0.001383
-0.001931
-0.001982
-0.001624
-0.001384
-0.001772
-0.001395
-0.001146
-0.001494
-0.001769
-0.001201
-0.001296
-0.000992
-0.001190
-0.001393
-0.000913
0.000294
0.000380
0.000351
0.000684
0.000244
0.000452
0.000666
0.000224
0.000233
0.000061
-0.000583
-0.000251
0.000015
-0.000158
-0.000723
-0.001045
-0.001103
-0.001200
-0.001412
-0.001569
-0.001019
-0.000938
-0.000279
-0.000273
0.000277
0.000775
0.000857
0.001067
0.001685
0.001361
0.001842
0.001034
0.000974
0.001707
0.001664
0.001497
0.001566
0.002214
0.001377
0.001307
0.001373
0.000546
0.001118
0.001272
0.001515
0.001452
0.001949
0.001443
0.001220
0.001551
0.001687
0.001912
0.001557
0.001880
0.001505
0.002287
0.003004
0.002912
0.002236
0.002576
0.002711
0.002010
0.001871
0.001985
0.001420
0.001202
0.001568
0.002130
0.002108
0.001468
0.001331
0.000879
0.000754
0.000839
0.000887
0.000632
-0.000189
0.000526
0.000099
0.000072
0.000352
0.000082
-0.000948
-0.000743
-0.000869
-0.000585
-0.000474
-0.000527
-0.000610
-0.000207
-0.000026
0.000217
-0.000169
-0.000205
0.000544
0.000979
0.001523
0.001201
0.001350
0.002432
0.002303
0.002057
0.001704
0.001318
0.001571
0.001695
0.001473
0.001514
0.001462
0.001135
0.001225
0.001484
0.000988
0.001096
0.000953
0.000814
0.001028
0.000662
0.001149
0.000495
0.000352
0.000562
0.000401
0.000334
0.000376
0.000008
-0.000136
-0.000012
0.000690
0.000527
0.000434
0.000398
0.000618
0.000314
-0.000420
-0.000313
-0.000962
-0.001094
-0.001091
-0.000665
-0.000641
-0.000057
0.000214
-0.000010
-0.000316
-0.000571
-0.000793
-0.001088
-0.001057
-0.001529
-0.001467
-0.001167
-0.001375
-0.001008
-0.000794
-0.000852
-0.000451
-0.000763
-0.000494
-0.000915
-0.000576
-0.000770
-0.000714
-0.000559
-0.000395
-0.000867
-0.001859
-0.001912
-0.001928
-0.001768
-0.001498
-0.001956
-0.001699
-0.001245
-0.000793
-0.000654
-0.000907
-0.000350
-0.000452
-0.000392
-0.000591
-0.000975
-0.001234
-0.001268
-0.001292
-0.001173
-0.001754
-0.001761
-0.001757
-0.001972
-0.002845
-0.002730
-0.002754
-0.002985
-0.003694
-0.002749
-0.003072
-0.003290
-0.003227
-0.003556
-0.003381
-0.003357
-0.003193
-0.002963
-0.002801
-0.002448
-0.002758
-0.002489
-0.002542
-0.002524
-0.002537
-0.002277
-0.002490
-0.002135
-0.002473
-0.002295
-0.001877
-0.001569
-0.001487
-0.001691
-0.001541
-0.001722
-0.002190
-0.002593
-0.002772
-0.002650
-0.002628
-0.002435
-0.002418
-0.002221
-0.002667
-0.002536
-0.002194
-0.001468
-0.001447
-0.001688
-0.001698
-0.001733
-0.001666
-0.001388
-0.001650
-0.001309
-0.001328
-0.000973
-0.001059
-0.001155
-0.001154
-0.000797
-0.000386
-0.000958
-0.000864
-0.001353
-0.000940
-0.000694
-0.000416
-0.000563
-0.000546
-0.000785
-0.000690
-0.001340
-0.001721
-0.001928
-0.002014
-0.001773
-0.001694
-0.001708
-0.002046
-0.001668
-0.001350
-0.001747
-0.001821
-0.002420
-0.002299
-0.001964
-0.001300
-0.001319
-0.001106
-0.001071
-0.001044
-0.000813
-0.000149
0.000262
0.000227
0.000053
-0.000326
-0.000815
-0.000834
-0.000571
-0.000523
0.000063
0.000545
0.000664
0.000982
0.000807
0.000860
0.000541
0.000846
0.000606
0.000534
0.001041
0.001102
0.000906
0.000870
0.001158
0.001504
0.001491
0.002148
0.002559
0.002702
