-0.002290
-0.018307
0.005626
0.023133
0.020282
0.031465
0.018667
0.001134
0.007746
0.000039
0.001338
0.002474
0.011003
0.001125
0.010471
0.007844
0.015169
0.015982
0.000828
0.006139
0.013253
0.024667
0.032902
0.035358
0.022971
0.011035
0.010533
0.014143
0.026499
0.033447
0.031073
0.023342
0.015432
0.014520
0.018175
0.011423
0.008649
0.010428
0.007550
0.000614
0.002304
0.007114
0.012980
0.002663
0.000618
0.004302
0.007967
0.006639
0.004741
0.009191
0.010330
0.011223
0.021260
0.021605
0.025192
0.027188
0.025476
0.029447
0.025245
0.020300
0.021296
0.023765
0.026340
0.030810
0.039779
0.043467
0.049259
0.049783
0.046169
0.044939
0.046895
0.049657
0.049278
0.049512
0.051027
0.055065
0.062028
0.062326
0.060879
0.060363
0.061229
0.060559
0.065152
0.062887
0.071761
0.064686
0.071588
0.074067
0.079487
0.077464
0.088442
0.089554
0.090154
0.094243
0.094032
0.096553
0.090674
0.087603
0.086013
0.082684
0.082819
0.081351
0.076673
0.071106
0.071071
0.072405
0.072556
0.072484
0.067593
0.064485
0.064952
0.067935
0.071996
0.072700
0.073321
0.071762
0.072471
0.072719
0.068187
0.062940
0.064281
0.060700
0.065964
0.066442
0.064411
0.068944
0.069084
0.066504
0.069067
0.071850
0.072932
0.071970
0.073490
0.073810
0.079160
0.081432
0.078257
0.077028
0.076341
0.072695
0.068768
0.073712
0.073291
0.078810
0.080798
0.078708
0.074003
0.076232
0.073564
0.076750
0.082759
0.076478
0.075357
0.074442
0.080615
0.082925
0.083078
0.082569
0.084797
0.088069
0.090778
0.088628
0.088868
0.085082
0.086119
0.083388
0.083423
0.084710
0.088323
0.086146
0.086323
0.086323
0.082900
0.081644
0.085313
0.082395
0.082616
0.085012
0.085637
0.087763
0.091248
0.092536
0.092548
0.089349
0.090351
0.092618
0.094692
0.095809
0.099273
0.096261
0.092045
0.093404
0.093430
0.097362
0.094772
0.092294
0.094559
0.093306
0.095531
0.096791
0.096143
0.098303
0.096907
0.099415
0.097994
0.102904
0.105738
0.103432
0.103337
0.100849
0.099254
0.104136
0.107054
0.109121
0.105934
0.105849
0.104343
0.105194
0.101867
0.100070
0.101487
0.102138
0.100486
0.101965
0.103143
0.101243
0.099602
0.099093
0.101486
0.099081
0.101381
0.101014
0.097485
0.099034
0.099762
0.095116
0.092858
0.094133
0.095168
0.098521
0.100810
0.104221
0.104698
0.104423
0.103098
0.103053
0.104855
0.103735
0.104390
0.104969
0.104629
0.105802
0.104262
0.104553
0.103096
0.102964
0.100151
0.101164
0.099267
0.100368
0.104864
0.107060
0.103423
0.103652
0.103099
0.102278
0.100999
0.100917
0.100066
0.102427
0.098943
0.098132
0.098212
0.098364
0.098517
0.094763
0.093789
0.088124
0.087074
0.089157
0.089374
0.088610
0.091009
0.087365
0.083199
0.082832
0.084776
0.083981
0.084677
0.083185
0.085124
0.081506
0.078708
0.076915
0.077312
0.075961
0.075814
0.077718
0.079105
0.078124
0.080388
0.079958
0.084219
0.087354
0.087738
0.082318
0.080942
0.084256
0.080264
0.080324
0.083078
0.086832
0.089018
0.088517
0.095409
0.094726
0.095242
0.093393
0.094017
0.094648
0.093926
0.096202
0.097892
0.099956
0.104726
0.106697
0.105259
0.107632
0.107208
0.104569
0.102776
0.100913
0.099896
0.102216
0.106145
0.107840
0.106425
0.109065
0.110475
0.108252
0.110861
0.108071
0.105840
0.107622
0.107732
0.106755
0.105717
0.103605
0.101947
0.104461
0.103757
0.104702
0.104568
0.102389
0.103254
0.104489
0.101641
0.102782
0.103065
0.104032
0.103755
0.101913
0.101172
0.099021
0.097419
0.096308
0.100690
0.094765
0.094453
0.096232
0.094752
0.095201
0.097833
0.095224
0.093373
0.095100
0.092946
0.094160
0.090645
0.088247
0.089236
0.085819
0.084805
0.084227
0.084872
0.085357
0.084412
0.086045
0.080727
0.081349
0.083319
0.081689
0.082504
0.084599
0.083675
0.084516
0.085637
0.084701
0.084667
0.083262
0.084545
0.083945
0.085898
0.084286
0.083684
0.086691
0.086594
0.086374
0.089388
0.089863
0.088259
0.092258
0.091859
0.091574
0.095283
0.093717
0.090154
0.089133
0.083364
0.087522
0.086874
0.084807
0.085274
0.085888
0.085262
0.087089
0.085774
0.081884
0.080976
0.077056
0.075049
0.073433
0.070405
0.071090
0.072377
0.072448
0.073466
0.075177
0.075736
0.072543
0.072172
0.071581
0.072430
0.072666
0.074380
0.073589
0.075975
0.072069
0.072227
0.071784
0.073324
0.071633
0.072985
0.075776
0.076721
0.078789
0.077989
0.077328
0.074989
0.078020
0.075683
0.075885
0.075997
0.076770
0.079288
0.076881
0.079250
0.079350
0.080795
0.078977
0.077974
0.075484
0.075647
0.074910
0.080004
0.076282
0.074642
0.072787
0.069973
0.072407
0.072870
0.073868
0.073470
0.075460
0.075137
0.073109
0.072842
0.072696
0.072733
0.075078
0.072810
0.072492
0.071777
0.071930
0.070850
0.069438
0.068876
0.069062
0.067713
0.066392
0.066405
0.067679
0.067176
0.066712
0.068068
0.066782
0.066317
0.064725
0.065580
0.067090
0.068021
0.069253
0.070131
0.068756
0.069877
0.067331
0.068456
0.068340
0.067441
0.067499
0.068532
0.069334
0.070464
0.074637
0.074337
0.074223
0.077920
0.080504
0.083013
0.082736
0.079792
0.078635
0.077652
0.076495
0.074446
0.076614
0.078560
0.077065
0.075933
0.074003
0.071893
0.070754
0.073366
0.072634
0.072515
0.073952
0.073351
0.069590
0.067341
0.067627
0.066645
0.064945
0.064401
0.061967
0.062074
0.061463
0.061291
0.059800
0.059611
0.060041
0.059991
0.058977
0.060866
0.060878
0.061689
0.062196
0.062277
0.064152
0.065500
0.064465
0.066903
0.068857
0.067535
0.068087
0.065298
0.065350
0.068628
0.070683
0.069228
0.068971
0.068922
0.066483
0.065903
0.063790
0.062231
0.060018
0.059555
0.057784
0.057238
0.057875
0.055191
0.055955
0.057173
0.059853
0.057043
0.056152
0.057219
0.055785
0.058341
0.060339
0.060895
0.057481
0.057839
0.056836
0.058139
0.060393
0.060814
0.059751
0.060216
0.062801
0.065471
0.066031
0.065646
0.065101
0.062509
0.062163
0.060712
0.059823
0.057351
0.058134
0.058256
0.060309
0.063389
0.063028
0.062394
0.062414
0.062578
0.060521
0.060150
0.064747
0.063688
0.061769
0.062193
0.062849
0.062213
0.062196
0.062085
0.062773
0.062342
0.063625
0.063132
0.063137
0.061437
0.060899
0.059817
0.061529
0.062686
0.060555
0.058253
0.060446
0.060044
0.059480
0.058413
0.056855
0.057844
0.060713
0.062219
0.063685
0.064026
0.064861
0.066154
0.063780
0.064469
0.062666
0.063186
0.063723
0.063366
0.062901
0.061513
0.062478
0.064753
0.063675
0.062358
0.062489
0.063081
0.061859
0.060396
0.060167
0.060321
0.061689
0.062222
0.060676
0.060517
0.059458
0.056912
0.058004
0.056790
0.058135
0.056516
0.054579
0.055135
0.054694
0.055224
0.053360
0.053810
0.053354
0.055605
0.055919
0.055295
0.054492
0.054305
0.054606
0.055898
0.057061
0.059277
0.058836
0.057769
0.056582
0.055559
0.058056
0.056521
0.057375
0.056378
0.060075
0.061167
0.062199
0.062685
0.062244
0.061593
0.061031
0.062139
0.062497
0.062762
0.062557
0.065894
0.067144
0.067041
0.065259
0.067400
0.068896
0.068311
0.068949
0.068602
0.068007
0.068926
0.066830
0.067680
0.066647
0.067946
0.068653
0.067468
0.069239
0.067605
0.069957
0.071682
0.071618
0.068228
0.068752
0.068284
0.067530
0.067081
0.065794
0.064857
0.062479
0.062560
0.061563
0.061413
0.062491
0.061576
0.062095
0.064381
0.062444
0.062863
0.063277
0.060641
0.061919
0.060637
0.058885
0.060866
0.058901
0.058091
0.055348
0.056129
0.053252
0.053445
0.054117
0.056305
0.058616
0.058200
0.060315
0.057602
0.058078
0.058485
0.058292
0.059311
0.056821
0.054406
0.053058
0.051311
0.050349
0.048748
0.050332
0.049338
0.048524
0.047156
0.047776
0.047637
0.048002
0.048499
0.045412
0.047191
0.046873
0.045638
0.047432
0.045890
0.046743
0.045292
0.046851
0.046962
0.049097
0.049676
0.050302
0.051804
0.050014
0.048535
0.047123
0.046088
0.044532
0.044890
0.046452
0.047513
0.047223
0.048870
0.047441
0.046148
0.048866
0.048336
0.045549
0.046575
0.045843
0.046467
0.045127
0.046297
0.045271
0.043868
0.044068
0.044340
0.045661
0.045871
0.047276
0.047464
0.049731
0.047545
0.048150
0.048639
0.049252
0.047852
0.049322
0.049478
0.048507
0.049306
0.047437
0.045235
0.043583
0.043001
0.043773
0.043439
0.043048
0.041899
0.041622
0.041941
0.041528
0.041971
0.042178
0.043044
0.042555
0.039002
0.040395
0.038539
0.038640
0.039475
0.039953
0.040492
0.041015
0.042028
0.042706
0.042816
0.043050
0.043276
0.043312
0.041510
0.039667
0.038332
0.037646
0.036126
0.035616
0.035557
0.038377
0.037901
0.038554
0.038739
0.037183
0.036858
0.036903
0.036613
0.036654
0.036790
0.037689
0.039511
0.041205
0.041992
0.041862
0.043198
0.042656
0.042981
0.043549
0.044365
0.043078
0.044538
0.045954
0.046073
0.046983
0.045940
0.045422
0.045896
0.046477
0.046042
0.045113
0.045183
0.044469
0.041963
0.043057
0.042498
0.041450
0.044204
0.044285
0.044047
0.042821
0.043106
0.043395
0.043694
0.041604
0.041513
0.042615
0.043079
0.041161
0.040700
0.038695
0.037795
0.035955
0.034667
0.034789
0.036839
0.037888
0.037615
0.036299
0.036125
0.037415
0.038321
0.038880
0.037906
0.039167
0.038911
0.037693
0.035450
0.034497
0.033655
0.035022
0.036325
0.037593
0.037676
0.038813
0.038194
0.039341
0.041550
0.044265
0.045393
0.043525
0.043627
0.043555
0.044260
0.044204
0.045725
0.046855
0.046349
0.044265
0.045117
0.045754
0.047106
0.046196
0.045781
0.043402
0.042801
0.043190
0.043173
0.043959
0.043624
0.044886
0.044459
0.043390
0.043554
0.042566
0.044601
0.043857
0.044235
0.043933
0.043877
0.042803
0.040813
0.043059
0.042707
0.042907
0.044172
0.044061
0.043565
0.044477
0.043542
0.043288
0.043372
0.043615
0.045919
0.046294
0.045948
0.045114
0.043879
0.045760
0.042965
0.041613
0.042152
0.044455
0.043141
0.042727
0.043160
0.043250
0.044297
0.044960
0.047911
0.048161
0.048852
0.049806
0.052207
0.052191
0.050391
0.052830
0.053173
0.053382
0.054017
0.055360
0.055040
0.055163
0.056726
0.056187
0.055510
0.056338
0.056320
0.055586
0.055832
0.055359
0.054695
0.055124
0.056002
0.056349
0.057823
0.057475
0.059113
0.056548
0.054211
0.053041
0.052705
0.050934
0.051714
0.051723
0.051242
0.052420
0.051943
0.051193
0.051556
0.051518
0.050367
0.049705
0.049879
0.053037
0.050394
0.050066
0.051069
0.048440
0.049444
0.048103
0.048606
0.047778
0.050524
0.050907
0.052237
0.053644
0.054358
0.054548
0.053089
0.054572
0.056289
0.057487
0.057377
0.057858
0.058546
0.058216
0.056583
0.054851
0.054011
0.054983
0.054292
0.054065
0.056608
0.055219
0.056564
0.055680
0.055543
0.054285
0.054102
0.052965
0.052920
0.052264
0.052942
0.051834
0.050637
0.049871
0.050955
0.051195
0.051735
0.050946
0.050270
0.050665
0.051040
0.050420
0.052337
0.051451
0.050845
0.050886
0.050586
0.050492
0.051480
0.051971
0.052313
0.051839
0.052310
0.050823
0.050359
0.049071
0.047620
0.046573
0.047989
0.048399
0.050325
0.050212
0.053521
0.054262
0.055664
0.055923
0.054270
0.052748
0.052942
0.053636
0.052881
0.052564
0.052328
0.051005
0.050235
0.049302
0.048018
0.049855
0.049939
0.050352
0.049467
0.049892
0.049067
0.048768
0.047622
0.047190
0.047427
0.046336
0.045924
0.043371
0.044193
0.045497
0.046273
0.045253
0.042636
0.044606
0.044464
0.042852
0.042117
0.041232
0.040694
0.040280
0.040790
0.040688
0.042615
0.041284
0.041870
0.043453
0.042064
0.040973
0.041524
0.042204
0.042869
0.041719
0.040880
0.040701
0.040263
0.039679
0.040458
0.040022
0.040288
0.040718
0.040340
0.042174
0.043307
0.042102
0.040244
0.040492
0.040453
0.040420
0.040674
0.040914
0.040040
0.039554
0.041114
0.040384
0.038690
0.039084
0.039997
0.041497
0.041388
0.040579
0.040640
0.041308
0.042804
0.042845
0.041536
0.041418
0.039856
0.041817
0.040828
0.039560
0.039974
0.039254
0.039038
0.039427
0.039478
0.039953
0.038540
0.038940
0.038795
0.039902
0.040019
0.042109
0.041152
0.040838
0.040581
0.040135
0.038131
0.039534
0.039693
0.038590
0.039227
0.039405
0.038840
0.038094
0.039016
0.039288
0.038078
0.037603
0.036890
0.035678
0.034751
0.035610
0.034938
0.033339
0.032939
0.031805
0.033748
0.032886
0.032319
0.032360
0.033545
0.033777
0.032217
0.032322
0.033017
0.033962
0.034913
0.035506
0.033855
0.034303
0.035243
0.035484
0.035583
0.036416
0.037542
0.038593
0.040375
0.039901
0.039576
0.038635
0.039294
0.039121
0.038534
0.037559
0.037680
0.038688
0.039303
0.040551
0.040228
0.040070
0.041106
0.040676
0.040756
0.038773
0.037350
0.036697
0.036527
0.036863
0.038904
0.039025
0.038990
0.038043
0.037282
0.037434
0.038043
0.038537
0.038929
0.038652
0.037828
0.037714
0.037451
0.036685
0.037086
0.038421
0.038673
0.036998
0.036428
0.035444
0.035868
0.037278
0.036662
0.036132
0.036345
0.034041
0.033357
0.033093
0.032593
0.030123
0.032469
0.032634
0.032402
0.031946
0.032512
0.032855
0.033961
0.035395
0.035512
0.033808
0.032248
0.031629
0.031693
0.031776
0.030794
0.031096
0.029917
0.029843
0.030744
0.031938
0.032041
0.031349
0.032108
0.033876
0.032239
0.032643
0.031857
0.031368
0.030032
0.029442
0.031301
0.030015
0.029520
0.029423
0.028148
0.030507
0.029898
0.030482
0.030308
0.030634
0.030064
0.031327
0.031890
0.031777
0.031855
0.032687
0.031878
0.031300
0.031794
0.031556
0.030325
0.029685
0.030044
0.032253
0.031792
0.030424
0.030180
0.030932
0.029217
0.029054
0.027870
0.028581
0.029157
0.029217
0.029666
0.031072
0.031868
0.032790
0.034555
0.034414
0.035266
0.033355
0.033618
0.032500
0.032280
0.033152
0.034554
0.035150
0.034862
0.034355
0.034166
0.035166
0.036686
0.035834
0.036365
0.036131
0.036033
0.035904
0.034037
0.033375
0.034402
0.035345
0.034402
0.036871
0.035323
0.035663
0.036420
0.036597
0.039297
0.038859
0.038961
0.039502
0.039448
0.040172
0.039595
0.039674
0.040674
0.042863
0.042558
0.041534
0.042809
0.042353
0.042299
0.042417
0.042803
0.042438
0.042519
0.042938
0.042147
0.043561
0.045299
0.045196
0.046185
0.045969
0.046249
0.045618
0.046710
0.047831
0.046525
0.047130
0.046593
0.047008
0.047121
0.048405
0.047851
0.048912
0.048151
0.048631
0.048639
0.048265
0.048355
0.047529
0.048020
0.046634
0.047339
0.047493
0.046896
0.045245
0.044517
0.043224
0.044867
0.045958
0.046642
0.047809
0.048621
0.050566
0.050574
0.050365
0.049869
0.049916
0.050061
0.049068
0.050030
0.050116
0.051630
0.050798
0.052916
0.052054
0.052266
0.052574
0.053123
0.051379
0.052190
0.052873
0.051945
0.053890
0.053218
0.051771
0.052420
0.054154
0.052574
0.052160
0.051435
0.050047
0.051513
0.052204
0.052833
0.051477
0.052398
0.052344
0.051846
0.052594
0.053233
0.055495
0.054931
0.053589
0.054051
0.054613
0.055653
0.054966
0.055894
0.056664
0.056700
0.056544
0.056789
0.057437
0.057653
0.057402
0.059278
0.058342
0.059968
0.059637
0.059459
0.060498
0.060260
0.058522
0.058200
0.057389
0.057151
0.057593
0.055904
0.056603
0.055399
0.056258
0.057496
0.057583
0.056476
0.058402
0.056526
0.056409
0.056686
0.056353
0.056374
0.057186
0.058265
0.056063
0.057294
0.057253
0.056764
0.057180
0.058093
0.059437
0.059321
0.059087
0.058944
0.057882
0.057112
0.056191
0.055558
0.057051
0.057096
0.057417
0.057395
0.056898
0.055822
0.057734
0.058874
0.058876
0.058117
0.057291
0.055734
0.055396
0.054187
0.053604
0.051489
0.051700
0.053256
0.054035
0.053660
0.055433
0.053920
0.052692
0.052823
0.051177
0.049702
0.049976
0.049345
0.050541
0.050103
0.050502
0.051402
0.051302
0.050804
0.053182
0.054070
0.054695
0.054650
0.053909
0.054180
0.053356
0.053452
0.052913
0.053516
0.053768
0.053325
0.055028
0.056804
0.056817
0.057468
0.056905
0.057650
0.057568
0.058299
0.059064
0.057993
0.058722
0.059898
0.060530
0.061066
0.061718
0.061938
0.062980
0.062426
0.062472
0.063950
0.063613
0.061156
0.061938
0.063053
0.061971
0.060890
0.059559
0.060210
0.060056
0.061173
0.061460
0.060323
0.060326
0.060845
0.060938
0.060896
0.060080
0.060412
0.061212
0.061144
0.063626
0.063736
0.063869
0.064418
0.065163
0.063953
0.064988
0.064105
0.062864
0.063223
0.062724
0.061206
0.060864
0.062955
0.064446
0.065532
0.065634
0.066469
0.066359
0.065991
0.066056
0.067403
0.068104
0.068747
0.067959
0.067821
0.067154
0.067488
0.066111
0.065180
0.065241
0.066026
0.066103
0.066033
0.066559
0.065254
0.065610
0.065207
0.065132
0.064252
0.064768
0.064079
0.064792
0.064654
0.064872
0.065574
0.065627
0.065476
0.065917
0.066388
0.067845
0.066426
0.066541
0.066713
0.065780
0.066197
0.066530
0.065172
0.064769
0.062912
0.062256
0.063046
0.062362
0.063032
0.062037
0.062246
0.062485
0.062072
0.062770
0.062997
0.063254
0.062800
0.064216
0.063264
0.063324
0.062199
0.062384
0.062247
0.061295
0.062048
0.061746
0.060580
0.061061
0.063090
0.063890
0.062400
0.062480
0.061566
0.062308
0.061052
0.062605
0.061916
0.060891
0.061061
0.060020
0.060683
0.060051
0.060805
0.061586
0.062211
0.062503
0.063590
0.063122
0.061899
0.060531
0.060361
0.059526
0.057860
0.058111
0.058060
0.058057
0.057692
0.058467
0.060386
0.059110
0.057955
0.056805
0.057617
0.057748
0.057167
0.056111
0.055042
0.055028
0.056015
0.055988
0.056360
0.054819
0.054921
0.053558
0.054226
0.054535
0.054607
0.055935
0.055448
0.056469
0.056355
0.058472
0.058322
0.058678
0.058715
0.058653
0.058514
0.059475
0.060482
0.060872
0.061297
0.060916
0.060924
0.060007
0.061629
0.061656
0.060808
0.058626
0.059100
0.058638
0.058640
0.058116
0.057502
0.057749
0.058565
0.058067
0.059033
0.060020
0.060713
0.060484
0.058964
0.059122
0.059461
0.059949
0.060241
0.060607
0.058524
0.058711
0.058609
0.058527
0.059266
0.058640
0.057822
0.057210
0.056999
0.058236
0.058445
0.058900
0.058605
0.060392
0.059514
0.059105
0.061276
0.061183
0.062100
0.061922
0.061790
0.060243
0.059892
0.061015
0.060266
0.062012
0.062031
0.061488
0.061908
0.062079
0.061406
0.061341
0.061662
0.061089
0.062588
0.063578
0.063146
0.064986
0.064582
0.063786
0.063755
0.065270
0.064397
0.064005
0.064606
0.064042
0.064886
0.063610
0.062520
0.064072
0.063953
0.063907
0.064720
0.064122
0.062578
0.064493
0.065351
0.065739
0.067983
0.069249
0.069209
0.069064
0.068738
0.069342
0.070468
0.071200
0.071485
0.071165
0.071170
0.072875
0.071639
0.070615
0.070332
0.070685
0.068942
0.068634
0.067847
0.067890
0.067973
0.067228
0.068332
0.067702
0.067249
0.067429
0.069143
0.069822
0.068678
0.068405
0.067780
0.068482
0.069204
0.068369
0.069909
0.070485
0.070660
0.070124
0.070151
0.070761
0.070748
0.070749
0.070464
0.070588
0.070443
0.070520
0.069862
0.069937
0.069329
0.068860
0.068913
0.069691
0.069952
0.070709
0.071232
0.072981
0.073996
0.074309
0.075655
0.075849
0.075472
0.077192
0.076466
0.075907
0.077531
0.077641
0.077431
0.076161
0.078189
0.077175
0.076278
0.077361
0.077067
0.080033
0.080700
0.078945
0.076920
0.076014
0.075918
0.074303
0.073859
0.074013
0.071888
0.070928
0.070572
0.070038
0.069374
0.069987
0.069448
0.070417
0.071587
0.073122
0.072824
0.072623
0.070672
0.069831
0.070503
0.070873
0.070426
0.070871
0.070566
0.069853
0.071189
0.071964
0.073873
0.075344
0.075701
0.076488
0.075929
0.075652
0.075758
0.076497
0.076503
0.076345
0.075509
0.075477
0.076527
0.078879
0.078243
0.077025
0.077638
0.077386
0.078342
0.077317
0.078303
0.076885
0.076282
0.075636
0.076403
0.075475
0.076477
0.076439
0.076933
0.077740
0.078732
0.079062
0.077690
0.076376
0.075938
0.075431
0.074733
0.075006
0.074871
0.073289
0.073060
0.072964
0.073521
0.071904
0.073078
0.072355
0.073666
0.072288
0.073443
0.075356
0.075390
0.075450
0.075126
0.073587
0.073894
0.074045
0.073180
0.074356
0.073351
0.073065
0.072562
0.074221
0.073672
0.073898
0.075939
0.078282
0.078904
0.078668
0.080140
0.079031
0.078723
0.077493
0.078128
0.077343
0.076007
0.076555
0.076292
0.076922
0.075666
0.076572
0.075552
0.076540
0.076454
0.075410
0.074205
0.073195
0.073513
0.073988
0.073519
0.073082
0.072606
0.072326
0.074115
0.073180
0.072365
0.072107
0.073007
0.073439
0.072995
0.073241
0.073691
0.074261
0.072869
0.072067
0.072173
0.073052
0.071824
0.072780
0.075134
0.075666
0.075233
0.074915
0.074915
0.073614
0.074130
0.074930
0.075966
0.077601
0.077683
0.077679
0.076881
0.076310
0.077279
0.077147
0.077949
0.076629
0.076638
0.077311
0.076931
0.076927
0.077970
0.078691
0.078064
0.077214
0.076995
0.076992
0.075398
0.075806
0.074174
0.073924
0.071877
0.072363
0.073193
0.072397
0.072904
0.072521
0.071504
0.071260
0.070051
0.070346
0.068727
0.068139
0.067864
0.069774
0.068489
0.068700
0.069438
0.070102
0.070401
0.070943
0.071570
0.072614
0.071875
0.071677
0.071258
0.069864
0.069164
0.070162
0.069977
0.068002
0.067410
0.068034
0.069133
0.068533
0.065769
0.064884
0.064930
0.063840
0.063737
0.062891
0.063711
0.064052
0.065474
0.066444
0.066543
0.067633
0.067389
0.067100
0.067203
0.067171
0.067543
0.067610
0.067488
0.069048
0.068605
0.069926
0.069417
0.068754
0.068969
0.069580
0.070028
0.069434
0.069082
0.069467
0.069476
0.069930
0.068896
0.068320
0.069694
0.070291
0.070844
0.071451
0.069444
0.069713
0.068931
0.068545
0.067123
0.066373
0.066523
0.066704
0.066252
0.066521
0.066511
0.067269
0.068347
0.069137
0.069277
0.069448
0.071199
0.070912
0.072344
0.073070
0.073369
0.074004
0.074345
0.075124
0.074998
0.074735
0.075158
0.075157
0.076354
0.076879
0.076106
0.077003
0.075288
0.074943
0.075069
0.075249
0.075591
0.076551
0.076674
0.075772
0.075051
0.075386
0.074372
0.074651
0.073222
0.073600
0.072389
0.071560
0.071903
0.071621
0.071444
0.070793
0.070259
0.070597
0.070992
0.070189
0.070255
0.069979
0.070531
0.069796
0.068779
0.067679
0.067619
0.067983
0.069195
0.067750
0.066817
0.066834
0.065752
0.066176
0.067508
0.067244
0.068027
0.067618
0.067592
0.068154
0.067899
0.066837
0.066740
0.065448
0.064506
0.064373
0.064368
0.064472
0.063595
0.063750
0.063958
0.063517
0.062669
0.063236
0.063927
0.063833
0.063486
0.062420
0.062819
0.063152
0.062862
0.063207
0.063870
0.063638
0.064113
0.062268
0.063428
0.064117
0.062954
0.063246
0.062947
0.062651
0.063147
0.061787
0.061856
0.062842
0.061716
0.062746
0.063101
0.062948
0.062297
0.061168
0.061174
0.062289
0.062864
0.062969
0.062465
0.062780
0.062514
0.062548
0.062696
0.062471
0.062255
0.062513
0.062970
0.063167
0.062841
0.062018
0.061612
0.062875
0.063056
0.063342
0.063017
0.062692
0.062964
0.061702
0.061044
0.060784
0.061146
0.060430
0.061127
0.060803
0.060674
0.060126
0.060943
0.060814
0.060960
0.060634
0.060976
0.059903
0.060873
0.060060
0.061647
0.062727
0.063354
0.063671
0.064246
0.064258
0.064043
0.064348
0.063986
0.063671
0.063986
0.063621
0.063407
0.062460
0.063245
0.063610
0.062779
0.061976
0.062212
0.062494
0.061976
0.062626
0.061323
0.061060
0.060381
0.060061
0.060824
0.061536
0.061394
0.061065
0.061194
0.059847
0.059972
0.059939
0.059426
0.060319
0.059134
0.060999
0.060165
0.060268
0.060258
0.060692
0.062070
0.062116
0.062229
0.062903
0.063607
0.063648
0.063173
0.061560
0.061796
0.062698
0.061838
0.060452
0.060093
0.060867
0.061199
0.060971
0.061193
0.061994
0.062743
0.062728
0.062936
0.064385
0.064196
0.065513
0.065403
0.064728
0.065302
0.065611
0.066609
0.065972
0.064874
0.064029
0.064299
0.063993
0.063956
0.063808
0.063216
0.062071
0.061648
0.063078
0.061693
0.061083
0.061756
0.061950
0.062071
0.062643
0.062981
0.063388
0.063202
0.062702
0.062842
0.062183
0.062505
0.063335
0.063025
0.063839
0.064378
0.064185
0.063357
0.063482
0.063574
0.063247
0.065413
0.065811
0.066161
0.065532
0.065327
0.065593
0.065474
0.066388
0.064728
0.064809
0.064634
0.063438
0.063549
0.062836
0.062614
0.062001
0.062611
0.062251
0.063416
0.062808
0.062412
0.060778
0.059986
0.060194
0.060661
0.060129
0.059227
0.059627
0.058210
0.058016
0.057427
0.056761
0.056563
0.057412
0.057277
0.056508
0.056141
0.056604
0.056974
0.056764
0.056709
0.056581
0.056879
0.055239
0.054209
0.054535
0.053637
0.053861
0.053648
0.053388
0.052664
0.052561
0.052069
0.051430
0.051455
0.051042
0.051426
0.051903
0.052643
0.052362
0.051203
0.051028
0.052401
0.052875
0.051850
0.051217
0.051135
0.050810
0.051162
0.051257
0.051148
0.050099
0.050249
0.050315
0.050873
0.052408
0.052969
0.052161
0.053678
0.054834
0.053857
0.053843
0.053356
0.052966
0.053984
0.053322
0.053381
0.052304
0.052045
0.053096
0.053229
0.052528
0.053732
0.053671
0.052858
0.052583
0.053295
0.053164
0.052716
0.052017
0.051998
0.052957
0.051945
0.051339
0.051001
0.051278
0.051164
0.050975
0.050147
0.050407
0.049139
0.049451
0.048407
0.048829
0.049308
0.049071
0.048799
0.049635
0.049841
0.050391
0.051971
0.050714
0.049781
0.048818
0.048808
0.049310
0.049190
0.049329
0.050572
0.050885
0.049949
0.049633
0.048682
0.048690
0.048786
0.049122
0.049083
0.048127
0.048823
0.049003
0.048672
0.048498
0.048988
0.048849
0.048649
0.048545
0.047008
0.046583
0.047643
0.047946
0.047618
0.047921
0.048700
0.049131
0.048532
0.048346
0.048397
0.048029
0.047186
0.046766
0.047297
0.047629
0.048152
0.047913
0.048024
0.048284
0.047582
0.047960
0.048288
0.048317
0.049182
0.049636
0.049159
0.048166
0.046067
0.046256
0.045735
0.045950
0.046775
0.046776
0.046892
0.046588
0.046208
0.045454
0.046000
0.046291
0.045743
0.045567
0.046093
0.044611
0.046146
0.045876
0.046062
0.045993
0.045854
0.045607
0.045761
0.046527
0.046118
0.046155
0.046008
0.045038
0.046032
0.045962
0.047009
0.047315
0.046442
0.045404
0.045468
0.046282
0.047179
0.047032
0.047035
0.046230
0.046485
0.047289
0.047357
0.046147
0.046747
0.046407
0.044640
0.043841
0.044516
0.044879
0.045367
0.045522
0.045913
0.045488
0.044783
0.044259
0.044055
0.044254
0.043721
0.043123
0.043587
0.042645
0.042237
0.041377
0.041613
0.041288
0.042028
0.042144
0.042655
0.042141
0.041827
0.042135
0.042298
0.041886
0.041679
0.039883
0.040664
0.040629
0.041788
0.040910
0.039438
0.039731
0.040430
0.040734
0.041432
0.042902
0.042499
0.043174
0.043174
0.043274
0.043456
0.043968
0.044258
0.044867
0.045048
0.045133
0.045869
0.046128
0.046283
0.046171
0.045814
0.045675
0.046188
0.045823
0.045259
0.045866
0.044792
0.045449
0.046516
0.045493
0.044435
0.045575
0.045756
0.045515
0.045964
0.045204
0.045211
0.046977
0.046540
0.046216
0.045830
0.046059
0.046437
0.045422
0.045855
0.046567
0.046282
0.045975
0.046476
0.046112
0.047131
0.045519
0.044400
0.044128
0.043465
0.043646
0.043837
0.043836
0.044539
0.045005
0.045623
0.045564
0.045450
0.044991
0.044891
0.044842
0.044848
0.045065
0.044444
0.044350
0.044380
0.044375
0.043848
0.044078
0.043554
0.043663
0.043500
0.043926
0.044227
0.044493
0.044807
0.044129
0.044089
0.043525
0.043061
0.043828
0.044124
0.044486
0.044463
0.043424
0.043516
0.043399
0.043338
0.042779
0.042518
0.041942
0.042726
0.042880
0.043336
0.042884
0.042918
0.042466
0.041279
0.042123
0.041606
0.042604
0.043131
0.043630
0.042715
0.042153
0.041977
0.043597
0.043130
0.042915
0.042319
0.041957
0.041637
0.041961
0.041535
0.041013
0.041071
0.041987
0.040937
0.041459
0.041794
0.042320
0.042075
0.041826
0.040800
0.040028
0.040499
0.040242
0.039903
0.039154
0.040389
0.040309
0.039658
0.039400
0.039057
0.038459
0.037329
0.037970
0.036876
0.037227
0.037226
0.036477
0.036027
0.035391
0.035686
0.036088
0.036244
0.036571
0.036395
0.035888
0.035588
0.035309
0.034789
0.036013
0.036036
0.037730
0.038270
0.037925
0.037698
0.036545
0.037070
0.037196
0.036501
0.036392
0.036335
0.036589
0.035516
0.036575
0.035738
0.035118
0.034794
0.035702
0.036286
0.036637
0.037583
0.037918
0.038912
0.038476
0.038572
0.038760
0.039472
0.040864
0.042444
0.041746
0.041718
0.042211
0.042873
0.042823
0.042795
0.042132
0.041102
0.040460
0.040965
0.041211
0.040150
0.038919
0.040394
0.040685
0.041584
0.041739
0.041927
0.040527
0.040020
0.039103
0.039319
0.037731
0.038659
0.038403
0.037317
0.037215
0.036615
0.036345
0.035082
0.034529
0.034923
0.036338
0.035861
0.037318
0.038956
0.038927
0.039511
0.040395
0.039288
0.039901
0.040600
0.040608
0.040951
0.040615
0.040586
0.040417
0.040028
0.040436
0.040546
0.040028
0.040438
0.039000
0.038337
0.037676
0.037782
0.038364
0.037052
0.036430
0.036618
0.037743
0.038372
0.038268
0.038178
0.038464
0.037521
0.036099
0.036506
0.036584
0.036383
0.036494
0.037021
0.037023
0.036933
0.038162
0.038714
0.040126
0.040268
0.040592
0.041162
0.040308
0.041791
0.041572
0.041922
0.041648
0.041483
0.041708
0.041832
0.042529
0.042428
0.041966
0.040213
0.040422
0.040627
0.039537
0.039730
0.040175
0.040413
0.040010
0.039966
0.039232
0.039133
0.039031
0.038072
0.037515
0.037028
0.036408
0.036458
0.036042
0.035436
0.034803
0.035442
0.036536
0.035701
0.034942
0.035024
0.035461
0.035790
0.035839
0.035130
0.034096
0.034198
0.033592
0.034649
0.036100
0.036341
0.035975
0.036198
0.036962
0.035808
0.036309
0.036628
0.036695
0.037248
0.037603
0.037307
0.037640
0.037897
0.037024
0.035419
0.035245
0.036006
0.036094
0.036556
0.036092
0.036321
0.036080
0.036073
0.036172
0.035752
0.035371
0.035745
0.035058
0.035317
0.035822
0.035480
0.035153
0.033668
0.033718
0.033767
0.033888
0.033735
0.034153
0.034126
0.033956
0.033288
0.033972
0.033273
0.032239
0.032541
0.032462
0.032709
0.033297
0.032966
0.033483
0.033304
0.031896
0.031922
0.032144
0.032465
0.032653
0.032813
0.032615
0.032187
0.032356
0.032763
0.032478
0.031521
0.032756
0.032194
0.032727
0.033201
0.033047
0.033085
0.032702
0.032243
0.032621
0.031420
0.031343
0.030727
0.031224
0.032063
0.032400
0.033010
0.033219
0.033052
0.032068
0.032207
0.033257
0.033707
0.034440
0.034513
0.034988
0.035841
0.036374
0.036306
0.035226
0.035188
0.035169
0.034320
0.033315
0.033168
0.033600
0.033344
0.034156
0.033832
0.034333
0.033667
0.033639
0.032874
0.033056
0.033401
0.032970
0.032835
0.032676
0.032727
0.032709
0.032466
0.032529
0.031548
0.031011
0.030670
0.030389
0.030485
0.030626
0.030142
0.029879
0.030508
0.029952
0.029051
0.028431
0.028362
0.029064
0.029598
0.029326
0.029495
0.028701
0.028675
0.027908
0.027630
0.027784
0.027105
0.027287
0.028096
0.027561
0.026766
0.026696
0.026523
0.027238
0.027550
0.027447
0.026781
0.027503
0.026585
0.026468
0.026968
0.027331
0.027097
0.027512
0.027620
0.026784
0.027955
0.027694
0.028474
0.029058
0.029357
0.029162
0.028389
0.027293
0.027065
0.026753
0.025754
0.025436
0.024997
0.025247
0.024861
0.024292
0.023346
0.023979
0.024056
0.024683
0.025515
0.026022
0.025433
0.025097
0.025048
0.024309
0.024415
0.024130
0.024471
0.024932
0.025085
0.025800
0.025281
0.024673
0.025321
0.025213
0.024663
0.024755
0.025445
0.026135
0.025192
0.023743
0.024919
0.024859
0.024453
0.024545
0.025202
0.025125
0.025621
0.025682
0.024737
0.024981
0.025352
0.025393
0.026186
0.026752
0.027250
0.026010
0.024981
0.025896
0.025638
0.024867
0.024499
0.024380
0.024334
0.025316
0.025726
0.024997
0.025192
0.024783
0.024307
0.024395
0.024218
0.024277
0.023411
0.023601
0.023987
0.023620
0.022762
0.023155
0.022690
0.021293
0.021462
0.021369
0.020989
0.020661
0.020740
0.021434
0.022174
0.022189
0.021639
0.021419
0.021177
0.022185
0.021437
0.020968
0.021502
0.021199
0.021314
0.021547
0.021301
0.020287
0.019661
0.020012
0.019808
0.020206
0.020143
0.020565
0.021654
0.021660
0.021667
0.022232
0.022206
0.021540
0.021962
0.022225
0.022457
0.021962
0.023416
0.022795
0.022389
0.022167
0.021942
0.021290
0.022030
0.022002
0.021320
0.021339
0.021042
0.021720
0.022720
0.023318
0.023115
0.022889
0.022570
0.021874
0.021903
0.020651
0.020619
0.021454
0.020721
0.021159
0.021452
0.021053
0.021518
0.020940
0.021743
0.021780
0.022434
0.022929
0.023339
0.023202
0.022203
0.022101
0.021209
0.021207
0.021129
0.020710
0.021032
0.020899
0.020917
0.021092
0.021751
0.021233
0.020469
0.019939
0.019475
0.019341
0.019394
0.018346
0.017584
0.016986
0.017141
0.017092
0.016204
0.016918
0.015868
0.016179
0.015634
0.015117
0.016072
0.015424
0.016046
0.016170
0.015638
0.014975
0.014589
0.014352
0.014224
0.015104
0.014959
0.014753
0.014388
0.014422
0.014846
0.015314
0.015294
0.015665
0.016881
0.016715
0.016756
0.016148
0.016560
0.017058
0.017022
0.017354
0.017668
0.017703
0.017995
0.017975
0.017274
0.016974
0.017661
0.016034
0.015555
0.016491
0.016665
0.017784
0.017796
0.018296
0.018410
0.019358
0.019325
0.018866
0.018176
0.018612
0.018603
0.018679
0.019099
0.018513
0.018372
0.018148
0.018616
0.018833
0.018346
0.018042
0.017369
0.017070
0.017725
0.017747
0.017285
0.018006
0.018172
0.017736
0.018493
0.019675
0.020522
0.020265
0.020010
0.019966
0.019913
0.019924
0.020597
0.021702
0.021874
0.022197
0.022024
0.022221
0.022329
0.022024
0.021707
0.020663
0.021703
0.021645
0.021188
0.020951
0.020699
0.021726
0.021531
0.021239
0.020606
0.021235
0.021007
0.020508
0.021036
0.019793
0.019221
0.019155
0.018565
0.019501
0.020152
0.020078
0.020814
0.021192
0.021188
0.021338
0.022089
0.022947
0.023234
0.024039
0.024804
0.025012
0.025267
0.025552
0.025966
0.026476
0.026574
0.025204
0.025862
0.025157
0.025791
0.025822
0.026277
0.025319
0.025765
0.024983
0.024015
0.024244
0.024507
0.024853
0.024853
0.023084
0.022190
0.022239
0.022315
0.021634
0.021239
0.021289
0.020869
0.020905
0.020981
0.020666
0.020619
0.019019
0.018726
0.019134
0.019383
0.019247
0.019575
0.019165
0.019161
0.019894
0.019832
0.019210
0.018955
0.018126
0.018554
0.018498
0.017639
0.017078
0.017084
0.016747
0.016366
0.016207
0.015813
0.015643
0.016436
0.016968
0.017684
0.016230
0.015389
0.015680
0.015290
0.014844
0.015035
0.015277
0.015737
0.016462
0.016484
0.016474
0.016301
0.016387
0.016671
0.016392
0.017402
0.018625
0.018121
0.017965
0.018078
0.018523
0.018121
0.018769
0.018871
0.017962
0.018909
0.019575
0.018889
0.019096
0.018465
0.018417
0.017426
0.017169
0.017903
0.017485
0.017367
0.016536
0.016598
0.016299
0.017308
0.015783
0.016017
0.015997
0.016185
0.017144
0.017113
0.018864
0.018324
0.018452
0.018557
0.017943
0.017405
0.018071
0.017293
0.017774
0.017511
0.018073
0.017704
0.018142
0.018831
0.018076
0.017858
0.018241
0.019228
0.018834
0.018884
0.018792
0.018971
0.017722
0.018589
0.018094
0.017884
0.018067
0.016996
0.017722
0.017374
0.018037
0.018105
0.017677
0.017617
0.017722
0.018317
0.019571
0.020216
0.020041
0.019750
0.020687
0.020219
0.020794
0.021373
0.020933
0.020720
0.020483
0.019248
0.018290
0.018747
0.017402
0.017537
0.016194
0.014729
0.015268
0.015144
0.014881
0.014602
0.015632
0.016010
0.015609
0.015463
0.016698
0.016566
0.017568
0.018205
0.018143
0.017578
0.017279
0.016703
0.015412
0.016697
0.016636
0.017328
0.017631
0.016321
0.016548
0.016893
0.016333
0.015653
0.014683
0.014624
0.015023
0.014424
0.013766
0.012649
0.012717
0.012274
0.012301
0.012096
0.011908
0.011261
0.011499
0.011269
0.011309
0.011019
0.011593
0.011862
0.012457
0.012257
0.011735
0.011604
0.011597
0.010888
0.010649
0.010883
0.011625
0.012505
0.012765
0.012564
0.013108
0.012774
0.012408
0.013065
0.013472
0.014004
0.014371
0.013894
0.013643
0.012843
0.013061
0.012901
0.012908
0.012581
0.012856
0.013158
0.012842
0.012658
0.013173
0.012781
0.013210
0.012502
0.011338
0.011847
0.012242
0.012027
0.012050
0.012456
0.012607
0.012311
0.012908
0.013190
0.014258
0.014268
0.013876
0.013976
0.013835
0.014013
0.013885
0.014325
0.014542
0.014874
0.015061
0.015792
0.016192
0.016342
0.016822
0.016932
0.016596
0.016882
0.017197
0.016724
0.017355
0.016857
0.017895
0.019131
0.018614
0.018299
0.017519
0.017220
0.018025
0.018606
0.018583
0.018790
0.017837
0.018187
0.018179
0.017751
0.017686
0.016786
0.017084
0.017105
0.017452
0.017883
0.017961
0.018874
0.019274
0.018837
0.018769
0.018980
0.019581
0.019212
0.018668
0.018330
0.019391
0.019931
0.019714
0.020325
0.019691
0.019739
0.019372
0.020046
0.020700
0.020329
0.020619
0.021180
0.020039
0.019238
0.019692
0.019097
0.019225
0.020499
0.021041
0.020306
0.020631
0.020639
0.020841
0.019394
0.020067
0.021331
0.021360
0.021438
0.020799
0.020154
0.020439
0.019700
0.020263
0.020437
0.019895
0.019868
0.019409
0.020272
0.020096
0.019795
0.020035
0.018536
0.018854
0.018784
0.018574
0.018589
0.019059
0.019719
0.019981
0.020166
0.020697
0.021298
0.021732
0.021247
0.021287
0.021619
0.021637
0.021822
0.021858
0.021582
0.021161
0.020776
0.021495
0.021603
0.021801
0.021978
0.022037
0.021569
0.021530
0.022166
0.021505
0.021539
0.021941
0.021912
0.023242
0.023746
0.023598
0.022673
0.022470
0.022875
0.023077
0.022598
0.023315
0.023332
0.023243
0.024072
0.023774
0.023041
0.022593
0.022285
0.022921
0.023655
0.023338
0.023963
0.023776
0.023639
0.023886
0.023769
0.023914
0.024228
0.025107
0.024435
0.024365
0.023883
0.023223
0.022949
0.022580
0.022893
0.022203
0.022250
0.023181
0.023859
0.023271
0.023606
0.023638
0.023241
0.022056
0.021261
0.021146
0.020997
0.020736
0.020576
0.020079
0.020744
0.020864
0.019871
0.020714
0.021119
0.021173
0.020659
0.020434
0.020247
0.020651
0.020729
0.021084
0.021144
0.021085
0.021826
0.021985
0.022132
0.022686
0.021195
0.020609
0.020672
0.021718
0.021490
0.021637
0.021262
0.021093
0.021002
0.020615
0.021517
0.021795
0.021223
0.021682
0.021664
0.022207
0.021558
0.021622
0.022080
0.021482
0.021270
0.021546
0.022461
0.022734
0.024072
0.024536
0.024258
0.024683
0.024081
0.024374
0.024295
0.024012
0.023174
0.022760
0.021429
0.021807
0.022416
0.022018
0.021449
0.020808
0.020680
0.021828
0.021211
0.020714
0.019969
0.020411
0.020631
0.019888
0.020273
0.020464
0.019498
0.018985
0.018748
0.018684
0.018669
0.018766
0.019098
0.019063
0.019305
0.020349
0.020893
0.020999
0.020591
0.021433
0.021387
0.021403
0.021482
0.021962
0.022962
0.023156
0.023710
0.023937
0.024185
0.024987
0.024409
0.024319
0.023898
0.024326
0.023141
0.023456
0.022845
0.022155
0.022957
0.022544
0.022246
0.022006
0.021691
0.021728
0.022341
0.021798
0.022820
0.023682
0.023596
0.024702
0.025076
0.024829
0.025531
0.025117
0.025837
0.026012
0.025884
0.025618
0.025519
0.025612
0.025536
0.024721
0.024720
0.024187
0.024585
0.024370
0.022898
0.022670
0.023113
0.023362
0.024424
0.024459
0.023973
0.023391
0.024251
0.024375
0.024080
0.024421
0.024752
0.024002
0.024014
0.024282
0.023736
0.024388
0.023580
0.023787
0.024238
0.024331
0.023810
0.023267
0.023643
0.023573
0.022894
0.022211
0.022466
0.021992
0.021428
0.021385
0.020397
0.020095
0.020033
0.019070
0.019040
0.019422
0.019792
0.019017
0.018001
0.018525
0.019402
0.018473
0.017802
0.017523
0.018439
0.018686
0.018964
0.018710
0.018793
0.019117
0.018493
0.018390
0.019100
0.018607
0.017436
0.017498
0.017368
0.016697
0.016119
0.016920
0.017317
0.017167
0.018461
0.018491
0.018903
0.018686
0.018457
0.018777
0.018791
0.019169
0.019218
0.018559
0.018918
0.019465
0.019570
0.019015
0.018899
0.018711
0.018766
0.018591
0.019104
0.018167
0.017983
0.018437
0.017502
0.017603
0.017383
0.016974
0.017070
0.017269
0.017061
0.016796
0.016517
0.015669
0.015965
0.015753
0.015262
0.015992
0.016808
0.017133
0.016974
0.017333
0.017151
0.017376
0.017651
0.016870
0.017215
0.017258
0.017352
0.016576
0.016099
0.015133
0.014254
0.014602
0.014225
0.013483
0.012902
0.012787
0.012912
0.012845
0.012753
0.013032
0.011351
0.010753
0.010304
0.010255
0.010446
0.010630
0.009652
0.009593
0.009727
0.009710
0.009899
0.009696
0.009384
0.009438
0.008838
0.008429
0.008088
0.008673
0.008440
0.008214
0.007541
0.006442
0.005867
0.005372
0.005542
0.006221
0.006282
0.006089
0.006065
0.006383
0.005585
0.004971
0.005918
0.006080
0.006561
0.005319
0.005138
0.005043
0.005426
0.004994
0.005215
0.005438
0.005242
0.005358
0.005237
0.005287
0.005205
0.006239
0.005742
0.004862
0.004573
0.004452
0.004982
0.004821
0.005358
0.004664
0.004767
0.004716
0.004710
0.005720
0.006054
0.006567
0.006224
0.006237
0.005901
0.005923
0.005760
0.006950
0.007417
0.008380
0.008911
0.008411
0.008934
0.008996
0.009469
0.010714
0.010330
0.009995
0.009772
0.009507
0.010099
0.010000
0.010373
0.010388
0.010196
0.010028
0.011181
0.011429
0.012209
0.012402
0.011297
0.010941
0.011420
0.011830
0.011740
0.012484
0.012248
0.012018
0.011070
0.011822
0.011410
0.011560
0.011755
0.012519
0.012266
0.012410
0.012707
0.012818
0.012425
0.012377
0.011794
0.012542
0.012722
0.012471
0.012154
0.011969
0.011456
0.010909
0.011412
0.011531
0.011243
0.010914
0.010946
0.010729
0.010695
0.010923
0.011856
0.011662
0.011143
0.011435
0.011456
0.011569
0.011665
0.011094
0.010426
0.010890
0.011104
0.010811
0.010603
0.009340
0.009318
0.009341
0.009322
0.008844
0.008189
0.008082
0.007656
0.007885
0.008231
0.008832
0.008205
0.007874
0.008137
0.008286
0.008021
0.007598
0.008809
0.009448
0.009689
0.009636
0.009584
0.009318
0.009267
0.008958
0.009201
0.009073
0.008726
0.008932
0.009361
0.009327
0.009535
0.009198
0.009775
0.009268
0.008930
0.010392
0.010430
0.010276
0.010322
0.010710
0.011133
0.011057
0.010726
0.010954
0.010876
0.011232
0.010449
0.009651
0.009775
0.009809
0.009009
0.008476
0.009060
0.009964
0.009627
0.009998
0.010572
0.011372
0.011430
0.011414
0.012071
0.012129
0.012079
0.010656
0.010742
0.010456
0.010672
0.010540
0.009772
0.010613
0.010340
0.010155
0.010377
0.011276
0.010764
0.010087
0.010221
0.010413
0.009856
0.010344
0.010348
0.010304
0.009724
0.008261
0.007457
0.007783
0.007319
0.007168
0.007824
0.007898
0.007759
0.007966
0.008329
0.008095
0.008189
0.008207
0.007848
0.008092
0.008596
0.009228
0.008786
0.008700
0.008275
0.007900
0.007396
0.007274
0.008230
0.008804
0.008112
0.008051
0.008286
0.008543
0.008026
0.007661
0.007343
0.008431
0.008060
0.008406
0.007289
0.006919
0.006577
0.006435
0.006594
0.005594
0.005683
0.006189
0.006831
0.007272
0.007451
0.007287
0.006883
0.006288
0.006482
0.006326
0.007120
0.006888
0.006587
0.006061
0.006466
0.007242
0.007000
0.007485
0.007845
0.007401
0.007440
0.007629
0.008098
0.008088
0.007321
0.007132
0.006704
0.005954
0.006563
0.006640
0.006323
0.005112
0.005205
0.004995
0.004544
0.004368
0.005371
0.005547
0.005661
0.005435
0.005442
0.005039
0.005444
0.005627
0.006463
0.005561
0.006307
0.006550
0.006203
0.005807
0.005609
0.005802
0.005055
0.005504
0.005236
0.004694
0.003690
0.004084
0.003842
0.003888
0.004222
0.003988
0.003262
0.003511
0.002932
0.003360
0.004039
0.003952
0.003542
0.004292
0.003930
0.003357
0.004784
0.004734
0.005043
0.005167
0.004707
0.004877
0.004773
0.004728
0.005425
0.005641
0.005484
0.005749
0.005861
0.005706
0.005106
0.005743
0.005511
0.004437
0.004363
0.004441
0.003934
0.004345
0.004967
0.005988
0.005588
0.005697
0.005515
0.006117
0.006539
0.006784
0.006699
0.006532
0.006134
0.006559
0.006037
0.006638
0.007040
0.007090
0.007271
0.007733
0.007826
0.008713
0.008859
0.008586
0.008719
0.008789
0.008096
0.007830
0.007808
0.007465
0.007789
0.008374
0.008513
0.009452
0.009232
0.008567
0.008870
0.009313
0.009245
0.008774
0.009027
0.009912
0.009545
0.009439
0.010022
0.010314
0.011090
0.010928
0.011320
0.010136
0.009916
0.009999
0.009965
0.009997
0.008970
0.009821
0.009722
0.010609
0.010110
0.010171
0.009850
0.009314
0.009622
0.009305
0.009285
0.009001
0.008746
0.008630
0.007917
0.008160
0.008786
0.009232
0.009179
0.009679
0.010080
0.009707
0.010167
0.010784
0.009963
0.010717
0.011448
0.011588
0.012210
0.012537
0.013316
0.013473
0.013012
0.013281
0.013233
0.013014
0.013072
0.013401
0.013496
0.013538
0.013336
0.012940
0.012030
0.011953
0.012518
0.012674
0.012241
0.012204
0.011335
0.010784
0.010318
0.010045
0.009508
0.009344
0.008403
0.008458
0.008348
0.008513
0.008579
0.009382
0.009656
0.008788
0.008436
0.008254
0.008294
0.008204
0.008352
0.008307
0.007895
0.008454
0.008188
0.007254
0.007851
0.007263
0.006599
0.005831
0.005745
0.005785
0.006030
0.004911
0.005434
0.005761
0.005216
0.005575
0.005726
0.005757
0.004878
0.005184
0.004703
0.004576
0.004261
0.004525
0.004559
0.004747
0.003750
0.003788
0.003533
0.003090
0.002615
0.002573
0.002839
0.002608
0.002574
0.002221
0.002229
0.002394
0.002009
0.002753
0.002427
0.002213
0.001642
0.002067
0.002786
0.003001
0.003407
0.003048
0.002370
0.002188
0.001589
0.002120
0.002840
0.003101
0.002522
0.002277
0.001938
0.002551
0.001726
0.001477
0.001179
0.000978
0.000394
0.000252
0.000567
0.000962
0.001321
0.000805
0.001561
0.001820
0.001935
0.002280
0.001553
0.002045
0.001916
0.001715
0.001778
0.002078
0.002083
0.002159
0.002856
0.002876
0.003635
0.003098
0.003395
0.003495
0.004109
0.003421
0.003406
0.003724
0.002918
0.003544
0.003303
0.003609
0.004391
0.003737
0.003428
0.003332
0.003301
0.003390
0.003415
0.003083
0.002917
0.003872
0.003945
0.003828
0.003860
0.004352
0.004011
0.004697
0.003837
0.004313
0.004273
0.005260
0.005471
0.005028
0.004763
0.004408
0.004399
0.004953
0.004684
0.004829
0.005008
0.005465
0.005331
0.005228
0.005244
0.005408
0.005037
0.004863
0.003584
0.003134
0.003235
0.003369
0.003147
0.003012
0.003908
0.003912
0.003898
0.003444
0.002783
0.003047
0.003386
0.002662
0.003373
0.003716
0.003049
0.003589
0.003945
0.003616
0.003135
0.003764
0.003883
0.004327
0.003829
0.003243
0.003136
0.003150
0.002844
0.002604
0.002638
0.003025
0.003177
0.003809
0.003263
0.003407
0.003268
0.002645
0.002988
0.003254
0.003388
0.003599
0.003755
0.003285
0.003304
0.003834
0.003475
0.003221
0.003047
0.002719
0.002715
0.003113
0.003396
0.003188
0.002386
0.001392
0.000812
0.000264
0.000056
-0.000327
-0.000428
-0.000073
0.000200
0.000469
-0.000241
-0.000015
0.000162
0.000640
0.000633
0.001231
0.000737
0.000523
0.000864
0.001171
0.001745
0.001770
0.001195
0.001477
0.001658
0.001147
0.001302
0.001038
0.000906
0.000580
0.000227
0.000510
0.000625
0.000227
0.000339
0.000726
0.001107
0.000969
0.000847
0.000753
0.000758
0.000999
0.001481
0.000851
0.001099
0.000895
0.001294
0.001881
0.002048
0.002371
0.001893
0.002014
0.002142
0.002718
0.001831
0.002127
0.002800
0.002252
0.002022
0.001847
0.001103
0.001117
0.000724
0.000145
-0.000228
-0.000086
0.001062
0.000566
0.000865
0.000680
0.000482
0.000130
0.000015
-0.000419
0.000041
0.000435
0.000930
0.000940
0.001996
0.001846
0.001736
0.001277
0.001192
0.000389
0.000615
0.001360
0.001145
0.001116
0.001190
0.001092
0.001187
0.001369
0.000165
0.000031
-0.000526
-0.000513
0.000131
0.000141
0.000304
0.001602
0.001583
0.002156
0.002427
0.002066
0.002208
0.002949
0.003306
0.003161
0.002720
0.002893
0.002877
0.002490
0.003137
0.003303
0.003004
0.002879
0.002422
0.002647
0.002687
0.002400
0.002652
0.002620
0.002316
0.001905
0.000434
0.000826
0.001389
0.002028
0.001920
0.001911
0.001913
0.002659
0.002787
0.001818
0.001470
0.001286
0.000912
0.000803
0.000144
0.001178
-0.000006
-0.000311
-0.000261
-0.000739
-0.000494
0.000483
0.000205
-0.000997
-0.001223
-0.001164
-0.000585
-0.000347
-0.000358
-0.000551
0.000451
0.000118
0.000614
0.000520
0.000279
-0.000213
0.000174
-0.000312
-0.000600
-0.000277
-0.000003
-0.000412
-0.000513
-0.000856
-0.000186
-0.000681
0.000707
0.000558
0.000368
0.000209
0.000209
0.000398
0.000597
0.000882
0.001408
0.002188
0.002621
0.002736
0.002787
0.002128
0.001933
0.002101
0.002153
0.002315
0.001878
0.001891
0.001010
0.000414
0.000839
0.001326
0.001098
0.000370
0.000411
0.000903
0.001219
0.001348
0.001338
0.001675
0.001652
0.001379
0.000777
0.000520
0.000143
-0.000291
-0.000841
-0.001080
-0.000857
-0.001401
-0.001673
-0.001807
-0.000954
-0.001164
-0.001101
-0.000911
-0.001369
-0.001367
-0.000870
-0.000736
-0.001251
-0.002063
-0.002097
-0.002800
-0.003003
-0.001544
-0.001808
-0.002521
-0.002941
-0.003557
-0.002875
-0.002081
-0.001833
-0.002491
-0.001694
-0.002185
-0.003162
-0.002909
-0.003116
-0.003571
-0.003638
-0.003548
-0.003387
-0.002892
-0.002798
-0.002454
-0.002149
-0.001999
-0.002098
-0.001896
-0.001568
-0.001472
-0.001006
-0.001201
-0.000460
-0.000998
-0.000715
-0.000670
-0.000574
-0.001246
-0.001647
-0.001638
-0.001349
-0.000584
-0.000418
0.000253
0.000056
-0.000621
-0.000868
-0.000914
-0.000690
-0.000751
-0.000250
0.000142
0.000136
0.000604
0.001212
0.000817
0.000962
0.001093
0.001439
0.001585
0.002231
0.002465
0.001998
0.001427
0.002249
0.002428
0.002443
0.001898
0.001493
0.001117
0.001583
0.001093
0.001060
0.000918
-0.000021
0.000236
0.000722
0.000608
0.000565
0.001014
0.002076
0.001713
0.001929
0.001381
0.001248
0.002245
0.002081
0.002382
0.002737
0.002096
0.001535
0.002071
0.002661
0.002427
0.002589
0.002680
0.002969
0.002886
0.002576
0.003039
0.003965
0.003660
0.004102
0.004403
0.003812
0.003707
0.004806
0.005244
0.004724
0.004540
0.003931
0.004983
0.005327
0.005501
0.005647
0.006797
0.006513
0.006868
0.006659
0.007134
0.007086
0.007444
0.007445
0.006760
0.006710
0.007094
0.007099
0.007603
0.007455
0.007964
0.007509
0.007766
0.007955
0.008180
0.008041
0.007784
0.007757
0.007767
0.008179
0.008533
0.008300
0.008638
0.008733
0.008641
0.008630
0.008118
0.007904
0.008077
0.008380
0.008254
0.008961
0.008734
0.008287
0.007885
0.007413
0.006942
0.006368
0.006712
0.007451
0.008242
0.008631
0.008028
0.008618
0.008413
0.006941
0.008053
0.007929
0.009100
0.009306
0.008802
0.008024
0.008340
0.007993
0.008147
0.008564
0.008523
0.009611
0.009145
0.009402
0.009873
0.009779
0.009246
0.009456
0.009375
0.009042
0.007339
0.007852
0.007005
0.007659
0.007117
0.006733
0.007282
0.007509
0.007440
0.008833
0.009096
0.009241
0.009146
0.009864
0.010087
0.009806
0.009392
0.010753
0.010084
0.009677
0.009881
0.009892
0.010600
0.010037
0.009483
0.009489
0.009723
0.009700
0.008863
0.010015
0.010276
0.010059
0.010187
0.010479
0.009675
0.009856
0.010272
0.009926
0.009844
0.010228
0.010166
0.010189
0.009566
0.009899
0.009329
0.008991
0.009163
0.008703
0.008896
0.008189
0.007946
0.008168
0.007071
0.008113
0.008225
0.008020
0.008083
0.007498
0.007916
0.008117
0.007419
0.007541
0.007597
0.008031
0.007978
0.007835
0.008468
0.008388
0.007677
0.008264
0.008283
0.009122
0.008799
0.009303
0.009193
0.008024
0.007568
0.007853
0.008271
0.008158
0.007444
0.008497
0.008509
0.008235
0.007316
0.007035
0.007340
0.007451
0.007292
0.007038
0.007467
0.007571
0.008008
0.008208
0.008568
0.009057
0.009046
0.009876
0.009890
0.008261
0.008482
0.008626
0.008409
0.008983
0.007791
0.007623
0.007435
0.008011
0.008318
0.008694
0.008789
0.009039
0.008728
0.008151
0.008071
0.007224
0.006961
0.006290
0.006155
0.006392
0.006264
0.006518
0.006326
0.006160
0.006328
0.006071
0.006320
0.006104
0.005854
0.005869
0.005649
0.005123
0.005188
0.005304
0.005181
0.005222
0.004952
0.005222
0.004663
0.004199
0.004845
0.004545
0.003522
0.003922
0.003770
0.004197
0.004009
0.004139
0.003836
0.003827
0.004679
0.005050
0.004830
0.005250
0.005859
0.005689
0.006159
0.006151
0.005533
0.006069
0.006761
0.007094
0.006716
0.006783
0.006414
0.006597
0.006069
0.006056
0.006730
0.006328
0.007123
0.006845
0.007729
0.006989
0.007335
0.007534
0.007516
0.007576
0.007772
0.007324
0.007945
0.007712
0.007185
0.007302
0.007939
0.007211
0.007467
0.007863
0.007187
0.006792
0.006109
0.006340
0.005337
0.005743
0.006076
0.005845
0.005242
0.005162
0.004338
0.003859
0.004059
0.004771
0.004591
0.003631
0.003840
0.004099
0.003699
0.003864
0.004074
0.003759
0.003951
0.003717
0.003328
0.003248
0.002427
0.002390
0.002376
0.002128
0.002270
0.001629
0.002358
0.002225
0.001782
0.002581
0.002650
0.002531
0.002733
0.003078
0.002920
0.001883
0.002282
0.002440
0.002717
0.002620
0.002244
0.002283
0.002732
0.002402
0.002128
0.002759
0.002712
0.002349
0.002643
0.002280
0.002149
0.002413
0.002175
0.002566
0.003287
0.003741
0.003403
0.003731
0.002991
0.003540
0.003082
0.002098
0.003104
0.003451
0.003074
0.003281
0.003135
0.002779
0.002045
0.001437
0.000857
0.000892
0.001084
0.000483
0.001046
0.000345
-0.000192
0.000098
0.000553
0.000525
0.000582
0.000252
0.000403
-0.000150
-0.000146
-0.000352
-0.000607
-0.000415
-0.000841
-0.001386
-0.001704
-0.001749
-0.001971
-0.001265
-0.001342
-0.001598
-0.001846
-0.002153
-0.002351
-0.001845
-0.001854
-0.001672
-0.001277
-0.001746
-0.001463
-0.000843
-0.000121
0.000258
0.001005
0.001202
0.001270
0.001407
0.001547
0.001637
0.001595
0.001878
0.001402
0.001495
0.000318
0.000708
0.001053
0.000672
-0.000171
-0.000218
-0.000312
-0.000092
0.000055
0.000584
0.000971
0.000371
0.000486
0.001304
0.001739
0.001540
0.001174
0.000933
0.000503
0.000173
0.000541
0.000425
0.000717
0.001207
0.000850
0.000209
0.000955
0.001378
0.001679
0.001600
0.000784
0.000801
0.000998
0.001733
0.001334
0.001517
0.002397
0.001704
0.002189
0.002094
0.001737
0.001818
0.002274
0.001594
0.000842
0.001375
0.001792
0.001330
0.000925
0.000730
0.000141
-0.000011
-0.000631
-0.000786
-0.000994
-0.000962
-0.000776
-0.000511
-0.000893
-0.000755
-0.000575
0.000284
0.000841
0.000784
0.001780
0.001052
0.000977
0.000998
0.000599
0.000379
-0.000233
-0.000086
-0.000482
-0.000840
-0.001211
-0.001245
-0.001139
-0.001541
-0.002173
-0.002169
-0.002759
-0.003509
-0.003212
-0.002694
-0.002571
-0.003193
-0.003437
-0.003426
-0.003565
-0.003589
-0.003139
-0.003864
-0.003623
-0.003883
-0.003832
-0.004566
-0.003544
-0.003614
-0.004301
-0.004119
-0.004733
-0.004105
-0.003936
-0.004097
-0.004398
-0.004473
-0.004007
-0.004400
-0.004261
-0.004937
-0.004472
-0.004574
-0.004332
-0.004360
-0.004294
-0.004255
-0.004120
-0.004559
-0.004772
-0.004908
-0.005475
-0.004849
-0.004420
-0.003847
-0.004236
-0.003913
-0.003554
-0.003626
-0.003350
-0.003345
-0.003692
-0.003891
-0.004589
-0.004628
-0.004241
-0.003578
-0.003659
-0.003945
-0.003872
-0.003873
-0.003097
-0.003353
-0.004055
-0.003959
-0.004187
-0.003599
-0.004134
-0.004767
-0.005809
-0.006146
-0.005446
-0.005999
-0.005636
-0.005485
-0.004498
-0.004242
-0.003441
-0.003477
-0.003368
-0.003008
-0.002983
-0.003151
-0.003136
-0.003336
-0.003345
-0.004372
-0.004843
-0.004657
-0.004665
-0.005202
-0.005308
-0.004898
-0.004577
-0.004687
-0.004991
-0.005573
-0.005230
-0.005108
-0.004976
-0.004672
-0.005535
-0.005329
-0.005873
-0.005988
-0.005967
-0.005414
-0.005244
-0.005039
-0.004684
-0.004801
-0.004931
-0.004677
-0.004804
-0.005172
-0.004582
-0.004933
-0.005142
-0.005446
-0.005385
-0.005480
-0.005647
-0.005696
-0.006454
-0.006524
-0.006550
-0.006585
-0.006650
-0.006803
-0.006451
-0.006289
-0.005930
-0.006504
-0.006448
-0.005792
-0.006214
-0.006686
-0.006368
-0.006290
-0.006109
-0.006192
-0.006101
-0.006381
-0.006091
-0.006035
-0.005381
-0.005609
-0.004937
-0.005966
-0.005617
-0.005331
-0.005129
-0.005158
-0.004975
-0.004915
-0.005115
-0.004638
-0.004813
-0.004987
-0.004945
-0.004859
-0.005262
-0.005363
-0.004718
-0.004710
-0.004824
-0.004961
-0.005427
-0.005618
-0.004952
-0.005522
-0.004969
-0.005085
-0.005820
-0.006500
-0.006399
-0.006636
-0.006548
-0.006973
-0.007295
-0.006604
-0.005577
-0.005400
-0.005460
-0.005686
-0.005679
-0.005498
-0.004240
-0.004113
-0.003744
-0.004392
-0.004850
-0.004487
-0.004412
-0.004527
-0.004688
-0.004852
-0.004735
-0.004113
-0.003399
-0.003919
-0.004188
-0.004371
-0.004543
-0.005052
-0.005505
-0.006264
-0.006579
-0.006540
-0.006027
-0.005209
-0.005674
-0.005627
-0.005533
-0.005163
-0.005289
-0.006161
-0.006468
-0.006660
-0.006351
-0.006832
-0.007259
-0.007087
-0.006870
-0.006718
-0.006939
-0.006270
-0.005941
-0.005983
-0.006263
-0.006382
-0.006204
-0.006544
-0.006763
-0.006557
-0.006989
-0.006906
-0.006997
-0.007457
-0.007658
-0.007344
-0.006593
-0.006449
-0.005647
-0.004462
-0.005142
-0.005774
-0.005541
-0.005969
-0.006443
-0.005500
-0.005277
-0.005495
-0.005544
-0.005580
-0.005565
-0.005657
-0.005214
-0.005403
-0.005101
-0.005359
-0.005589
-0.005747
-0.005372
-0.005642
-0.005855
-0.005564
-0.004868
-0.004884
-0.004342
-0.004947
-0.004677
-0.005045
-0.005372
-0.005424
-0.006156
-0.006124
-0.006199
-0.006609
-0.006496
-0.006656
-0.006508
-0.006864
-0.006753
-0.007022
-0.006672
-0.006993
-0.007046
-0.006573
-0.006378
-0.006773
-0.006988
-0.006547
-0.006822
-0.006874
-0.006954
-0.006883
-0.007288
-0.007119
-0.006907
-0.006429
-0.006245
-0.006200
-0.006378
-0.006174
-0.005948
-0.006147
-0.006251
-0.005911
-0.006205
-0.006206
-0.006514
-0.006838
-0.006644
-0.006386
-0.006267
-0.005905
-0.005404
-0.005619
-0.005423
-0.005810
-0.005855
-0.005247
-0.005576
-0.005808
-0.005455
-0.004587
-0.004680
-0.004547
-0.003975
-0.004361
-0.003906
-0.003979
-0.002803
-0.002310
-0.002654
-0.003010
-0.002642
-0.003319
-0.003055
-0.001956
-0.001185
-0.001396
-0.000615
-0.000689
-0.000907
-0.000556
-0.000662
-0.001030
-0.001070
-0.000387
-0.000269
-0.000537
-0.000571
-0.000255
0.000514
0.000870
0.001497
0.001253
0.001203
0.002137
0.001917
0.002080
0.002173
0.002025
0.001796
0.002156
0.002604
0.002773
0.002323
0.002531
0.002997
0.003206
0.002637
0.003086
0.003121
0.002654
0.002842
0.002919
0.002591
0.001869
0.001542
0.001826
0.001989
0.002123
0.002193
0.001663
0.000868
0.000508
0.000129
-0.000039
0.000081
0.001190
0.001342
0.001281
0.001518
0.000677
0.001295
0.001562
0.001460
0.001528
0.001417
0.001509
0.001612
0.001437
0.001137
0.002059
0.002495
0.003024
0.003025
0.003060
0.003436
0.003972
0.003344
0.003595
0.003086
0.003310
0.003213
0.003375
0.003610
0.003507
0.003613
0.003559
0.003558
0.002689
0.002675
0.002989
0.002624
0.002842
0.003078
0.003244
0.004019
0.003955
0.004035
0.003010
0.003380
0.004054
0.004225
0.004114
0.004056
0.003674
0.003376
0.003151
0.003294
0.003814
0.003566
0.003602
0.003629
0.003491
0.003184
0.002692
0.003286
0.002993
0.003141
0.003422
0.003017
0.002723
0.001881
0.002156
0.001835
0.001507
0.001627
0.001152
0.001253
0.000492
0.000234
-0.000124
-0.000203
0.000801
0.000304
-0.000275
-0.000169
-0.000054
-0.000119
0.000363
-0.000323
-0.000560
-0.000444
0.000248
0.000041
-0.000754
-0.000725
-0.000801
-0.000949
-0.001320
-0.001810
-0.001183
-0.001851
-0.002532
-0.002323
-0.002103
-0.002340
-0.002066
-0.002860
-0.003157
-0.003556
-0.004374
-0.003896
-0.004094
-0.003939
-0.004246
-0.004149
-0.004523
-0.004145
-0.004341
-0.005340
-0.005073
-0.004916
-0.003960
-0.004208
-0.003884
-0.004570
-0.004365
-0.004171
-0.004156
-0.003472
-0.003560
-0.003307
-0.004307
-0.004775
-0.004160
-0.003236
-0.003097
-0.003506
-0.004080
-0.003756
-0.003727
-0.003775
-0.002925
-0.003142
-0.003030
-0.002628
-0.002225
-0.001640
-0.001509
-0.000993
-0.000746
-0.001009
-0.001179
-0.001323
-0.001352
-0.001488
-0.001695
-0.002955
-0.002697
-0.002710
-0.003111
-0.003362
-0.003990
-0.003337
-0.003662
-0.003207
-0.003247
-0.002561
-0.002664
-0.001803
-0.001926
-0.001813
-0.002368
-0.002526
-0.002717
-0.003065
-0.004055
-0.004424
-0.003866
-0.004399
-0.004404
-0.004339
-0.005139
-0.004708
-0.004913
-0.005162
-0.005361
-0.005130
-0.004478
-0.005204
-0.004677
-0.004526
-0.003994
-0.004029
-0.004356
-0.004430
-0.003883
-0.003882
-0.004140
-0.004349
-0.004648
-0.004252
-0.004166
-0.003384
-0.003255
-0.003267
-0.002774
-0.003219
-0.003330
-0.003420
-0.003973
-0.004305
-0.004499
-0.004255
-0.004291
-0.003815
-0.004461
-0.004860
-0.004987
-0.004869
-0.004723
-0.005057
-0.005746
-0.005628
-0.005142
-0.005054
-0.004760
-0.004428
-0.004764
-0.004810
-0.005087
-0.005236
-0.005256
-0.005406
-0.004816
-0.004923
-0.004918
-0.004425
-0.004979
-0.005331
-0.005626
-0.005741
-0.005938
-0.005696
-0.005496
-0.005199
-0.005100
-0.004618
-0.005110
-0.005300
-0.004834
-0.004142
-0.004745
-0.004206
-0.004559
-0.004721
-0.004798
-0.005494
-0.004766
-0.004489
-0.004687
-0.003540
-0.003960
-0.003691
-0.004003
-0.003390
-0.002933
-0.002552
-0.002574
-0.002397
-0.001977
-0.001739
-0.001599
-0.001048
-0.000390
-0.000207
0.000603
0.000021
-0.000193
-0.000826
-0.000489
-0.000933
-0.000633
-0.000242
0.001003
0.001107
0.001497
0.001936
0.001563
0.001412
0.002150
0.002191
0.002742
0.002014
0.002167
0.001451
0.001489
0.002055
0.002952
0.002525
0.002727
0.003065
0.003277
0.003335
0.002504
0.002796
0.002965
0.002770
0.002332
0.002632
0.002674
0.003052
0.002584
0.002854
0.002163
0.002136
0.002085
0.002115
0.002330
0.002013
0.001448
0.001436
0.001200
0.000761
0.000535
-0.000043
-0.000193
0.000067
-0.000204
0.000187
0.000025
-0.000681
-0.000691
-0.000596
-0.000715
0.000139
-0.000492
0.000006
-0.000009
0.000021
-0.000276
-0.000215
-0.000964
-0.001482
-0.001390
-0.000914
-0.000990
-0.000843
-0.000791
-0.001344
-0.001572
-0.001551
-0.001790
-0.001305
-0.001983
-0.002226
-0.002293
-0.001694
-0.002180
-0.002669
-0.003375
-0.003665
-0.003491
-0.003616
-0.003226
-0.003164
-0.003736
-0.004821
-0.004556
-0.004301
-0.004313
-0.003820
-0.004085
-0.004098
-0.004640
-0.004133
-0.004288
-0.005015
-0.005566
-0.005579
-0.005289
-0.004848
-0.004904
-0.004796
-0.004986
-0.004906
-0.005159
-0.005496
-0.005013
-0.004872
-0.004189
-0.003837
-0.003570
-0.002872
-0.002100
-0.001874
-0.002012
-0.001982
-0.002549
-0.003782
-0.003559
-0.004503
-0.004529
-0.004339
-0.004473
-0.004349
-0.003926
-0.004489
-0.004491
-0.004493
-0.004564
-0.004682
-0.004868
-0.004804
-0.003828
-0.003567
-0.003443
-0.004113
-0.004207
-0.004162
-0.004126
-0.004336
-0.003558
-0.004011
-0.004212
-0.003784
-0.003222
-0.003077
-0.003021
-0.003840
-0.003705
-0.002717
-0.002231
-0.002436
-0.002513
-0.002825
-0.003377
-0.002964
-0.002799
-0.003752
-0.003839
-0.003633
-0.003354
-0.003921
-0.004408
-0.004444
-0.004778
-0.004898
-0.005443
-0.005277
-0.005816
-0.005898
-0.005822
-0.006413
-0.005876
-0.005714
-0.005712
-0.005616
-0.005467
-0.005482
-0.005984
-0.006063
-0.006226
-0.006017
-0.006446
-0.006418
-0.006762
-0.006824
-0.006324
-0.006652
-0.006845
-0.006173
-0.006467
-0.006405
-0.006385
-0.006629
-0.006328
-0.006193
-0.007098
-0.007761
-0.008070
-0.008021
-0.007587
-0.008508
-0.008761
-0.008837
-0.009080
-0.008892
-0.009256
-0.009024
-0.009886
-0.009441
-0.010079
-0.010256
-0.010560
-0.010068
-0.010040
-0.010373
-0.010244
-0.010133
-0.010374
-0.010172
-0.009878
-0.009775
-0.009323
-0.009601
-0.009377
-0.009317
-0.009340
-0.009196
-0.009926
-0.010179
-0.010342
-0.010636
-0.010559
-0.010722
-0.010953
-0.011865
-0.012181
-0.011829
-0.010974
-0.011573
-0.011222
-0.010871
-0.011402
-0.011344
-0.012081
-0.011830
-0.012582
-0.013076
-0.012698
-0.012762
-0.012507
-0.012117
-0.011992
-0.011792
-0.011589
-0.011018
-0.010103
-0.010712
-0.011114
-0.010293
-0.010044
-0.010269
-0.010263
-0.010153
-0.009300
-0.009195
-0.008936
-0.009616
-0.010146
-0.010045
-0.010395
-0.010231
-0.009696
-0.009641
-0.009571
-0.010377
-0.010632
-0.010661
-0.010890
-0.010833
-0.011347
-0.011320
-0.010802
-0.010572
-0.010312
-0.010211
-0.009839
-0.009220
-0.009216
-0.008952
-0.009244
-0.009923
-0.010364
-0.009959
-0.010735
-0.010926
-0.010433
-0.010135
-0.009154
-0.009511
-0.009504
-0.009101
-0.009079
-0.008774
-0.009133
-0.009299
-0.009388
-0.009200
-0.009402
-0.009590
-0.009075
-0.008990
-0.009550
-0.009626
-0.008908
-0.009261
-0.009238
-0.009230
-0.009883
-0.009810
-0.010272
-0.009663
-0.009399
-0.009803
-0.010421
-0.010381
-0.010150
-0.010317
-0.010440
-0.009922
-0.010258
-0.010540
-0.010955
-0.010428
-0.010374
-0.010067
-0.010485
-0.010012
-0.010423
-0.010572
-0.010634
-0.010558
-0.010945
-0.010580
-0.010896
-0.010572
-0.010679
-0.010508
-0.010811
-0.010963
-0.010737
-0.010656
-0.011038
-0.010332
-0.010797
-0.010941
-0.010918
-0.011293
-0.011737
-0.011966
-0.012081
-0.012108
-0.011597
-0.011677
-0.011336
-0.011321
-0.010865
-0.010993
-0.011678
-0.012425
-0.012178
-0.012916
-0.013375
-0.013926
-0.014263
-0.014494
-0.014571
-0.014602
-0.013590
-0.013351
-0.013933
-0.013893
-0.014108
-0.014112
-0.014308
-0.013638
-0.014030
-0.014458
-0.014118
-0.014272
-0.014423
-0.014303
-0.014124
-0.014794
-0.014741
-0.014380
-0.014324
-0.014901
-0.014059
-0.013841
-0.014612
-0.014459
-0.014762
-0.014318
-0.013649
-0.013424
-0.013488
-0.012328
-0.012387
-0.012551
-0.012287
-0.011748
-0.010999
-0.011437
-0.011256
-0.011375
-0.011083
-0.011536
-0.011490
-0.011218
-0.010610
-0.010750
-0.009896
-0.010313
-0.010529
-0.010429
-0.010335
-0.009509
-0.008888
-0.008298
-0.008904
-0.008647
-0.008183
-0.008011
-0.007468
-0.006730
-0.006690
-0.006333
-0.006447
-0.006058
-0.005677
-0.005684
-0.005335
-0.005726
-0.005794
-0.005830
-0.005806
-0.005427
-0.004948
-0.004919
-0.004696
-0.004566
-0.004080
-0.004332
-0.004401
-0.004105
-0.003774
-0.003837
-0.004244
-0.004205
-0.004451
-0.004227
-0.004174
-0.003920
-0.003737
-0.004077
-0.004800
-0.004829
-0.004397
-0.004220
-0.003882
-0.003908
-0.003511
-0.003763
-0.004008
-0.003379
-0.003413
-0.003486
-0.003148
-0.003460
-0.003588
-0.003668
-0.003494
-0.003462
-0.003316
-0.003835
-0.003869
-0.003757
-0.003865
-0.003680
-0.004125
-0.004302
-0.003707
-0.004167
-0.004366
-0.005124
-0.005284
-0.004622
-0.004549
-0.004843
-0.004615
-0.004859
-0.004945
-0.005259
-0.005159
-0.005086
-0.004910
-0.004616
-0.005294
-0.005078
-0.004938
-0.005427
-0.005546
-0.005654
-0.006045
-0.005699
-0.005889
-0.005376
-0.005467
-0.004922
-0.004738
-0.004756
-0.004645
-0.004832
-0.004792
-0.005033
-0.005717
-0.005557
-0.006151
-0.005669
-0.005578
-0.005280
-0.005424
-0.004890
-0.005158
-0.004651
-0.004667
-0.005073
-0.004800
-0.004696
-0.004797
-0.004435
-0.005054
-0.005002
-0.005050
-0.005157
-0.005574
-0.005088
-0.005795
-0.005568
-0.006035
-0.006500
-0.006301
-0.006575
-0.006991
-0.007626
-0.007653
-0.007762
-0.006950
-0.006789
-0.006831
-0.007150
-0.007185
-0.007313
-0.007034
-0.006361
-0.006174
-0.006166
-0.005241
-0.004978
-0.004866
-0.004578
-0.004339
-0.004016
-0.003325
-0.002836
-0.002828
-0.002876
-0.003503
-0.004027
-0.004138
-0.004065
-0.004342
-0.004725
-0.005068
-0.005266
-0.005295
-0.005749
-0.006025
-0.005425
-0.004862
-0.005149
-0.006104
-0.006379
-0.006396
-0.006029
-0.005996
-0.005381
-0.004985
-0.004858
-0.004777
-0.005270
-0.004833
-0.004357
-0.003903
-0.003682
-0.004063
-0.004216
-0.004265
-0.004134
-0.003658
-0.003833
-0.004207
-0.004040
-0.004539
-0.004290
-0.004607
-0.004982
-0.004956
-0.004862
-0.005527
-0.005780
-0.006250
-0.005948
-0.006161
-0.006008
-0.005325
-0.005680
-0.005754
-0.005472
-0.005313
-0.004981
-0.004151
-0.004578
-0.004364
-0.003895
-0.004273
-0.004002
-0.003761
-0.004022
-0.004334
-0.004437
-0.004727
-0.004754
-0.004314
-0.004321
-0.004760
-0.004925
-0.004654
-0.004318
-0.003869
-0.003942
-0.003406
-0.003729
-0.004135
-0.004174
-0.003964
-0.004099
-0.004130
-0.003811
-0.003544
-0.003417
-0.002905
-0.002515
-0.002467
-0.002034
-0.001761
-0.001606
-0.002115
-0.001813
-0.001876
-0.001091
-0.001294
-0.001020
-0.000125
-0.000669
-0.000595
0.000161
0.000639
0.000628
0.000727
0.000583
0.000944
0.001420
0.001667
0.001561
0.002151
0.001852
0.001711
0.002058
0.001612
0.001302
0.001278
0.001426
0.000999
0.000349
0.001021
0.001183
0.000698
0.001025
0.001280
0.001215
0.001266
0.001373
0.000821
0.001115
0.001413
0.001673
0.002214
0.002146
0.002078
0.002495
0.002431
0.002939
0.003147
0.002822
0.003014
0.003017
0.002763
0.002341
0.002395
0.002301
0.001846
0.002135
0.002127
0.002095
0.002109
0.002258
0.001670
0.001486
0.001736
0.002020
0.002363
0.002779
0.003267
0.003593
0.003643
0.002760
0.002928
0.002638
0.003201
0.002837
0.002615
0.002078
0.001817
0.002160
0.002182
0.001701
0.001146
0.001515
0.002008
0.001741
0.002326
0.002350
0.002840
0.002908
0.003115
0.003050
0.003228
0.003061
0.002924
0.003132
0.003447
0.003342
0.003433
0.003591
0.003567
0.002906
0.002929
0.002820
0.002679
0.003459
0.004780
0.004757
0.004726
0.004719
0.004716
0.004369
0.004219
0.004857
0.005481
0.005697
0.005634
0.005737
0.005024
0.005296
0.004697
0.004718
0.004591
0.004341
0.004788
0.005220
0.004856
0.004711
0.004672
0.004282
0.004769
0.004144
0.004124
0.003803
0.004065
0.004382
0.003967
0.003945
0.004585
0.004796
0.004375
0.004159
0.004310
0.004208
0.003996
0.003915
0.003449
0.003068
0.003422
0.003045
0.002796
0.003179
0.003258
0.003286
0.003789
0.003770
0.003585
0.004107
0.004297
0.004145
0.004760
0.004905
0.004582
0.004455
0.005172
0.004982
0.005122
0.005102
0.004830
0.004613
0.004638
0.004449
0.004729
0.004921
0.005291
0.005443
0.005187
0.005227
0.004501
0.004439
0.004417
0.004336
0.004076
0.004109
0.003783
0.003448
0.002908
0.002979
0.003764
0.003134
0.003162
0.003091
0.002704
0.002881
0.002700
0.003010
0.003261
0.003690
0.003764
0.004303
0.004355
0.004552
0.004357
0.003691
0.004155
0.004234
0.003952
0.004238
0.004340
0.004199
0.003962
0.003928
0.003735
0.003465
0.003998
0.004497
0.004064
0.003904
0.004110
0.003708
0.003592
0.004141
0.004402
0.004487
0.004223
0.004022
0.004543
0.004302
0.004643
0.005051
0.004907
0.004736
0.004561
0.004492
0.004719
0.004134
0.004413
0.004380
0.004028
0.004650
0.004247
0.004672
0.004825
0.004445
0.004355
0.004581
0.004699
0.004839
0.004463
0.004242
0.004342
0.004158
0.004398
0.004519
0.004509
0.004668
0.004421
0.005239
0.005650
0.005440
0.005144
0.005381
0.004946
0.005248
0.005687
0.004823
0.004840
0.005015
0.005188
0.005183
0.005533
0.006085
0.005840
0.006019
0.006680
0.006086
0.005459
0.005237
0.005278
0.005266
0.004971
0.004812
0.005192
0.005061
0.005216
0.005454
0.005426
0.005647
0.005120
0.005163
0.004997
0.004467
0.003849
0.003614
0.002947
0.003523
0.004379
0.003890
0.004138
0.004523
0.004651
0.004224
0.003503
0.003400
0.003644
0.003584
0.002943
0.002810
0.002550
0.002357
0.001819
0.001854
0.001751
0.001236
0.001850
0.001091
0.000686
0.000718
0.000608
0.000653
0.000625
0.000619
0.000977
0.000577
0.000277
0.000328
0.000411
0.000517
0.000805
0.000541
0.000207
0.000908
0.000583
0.000863
0.000645
0.000423
0.000136
0.000409
0.000354
0.001181
0.001289
0.001147
0.001472
0.001388
0.001396
0.002141
0.001933
0.001616
0.001682
0.001864
0.000860
0.001605
0.001273
0.001894
0.001986
0.002015
0.001206
0.001104
0.001139
0.001026
-0.000119
-0.000589
-0.001067
-0.000382
0.000152
0.000752
0.001028
0.001397
0.001396
0.000678
0.001000
0.000650
0.001034
0.001063
0.001362
0.001731
0.002001
0.002211
0.001757
0.001545
0.001306
0.002391
0.001707
0.002013
0.001933
0.001932
0.002246
0.002526
0.001715
0.002405
0.002523
0.002531
0.002532
0.002565
0.002296
0.002509
0.002353
0.002705
0.003269
0.003112
0.002062
0.002401
0.001998
0.002740
0.003390
0.003067
0.003114
0.003124
0.002722
0.001957
0.001825
0.001433
0.001563
0.001588
0.001632
0.001639
0.001673
0.000794
0.000441
0.000649
0.000596
0.000908
0.000666
0.001246
0.000635
0.000317
0.000688
0.001133
0.001252
0.001356
0.001381
0.001759
0.001444
0.001469
0.001235
0.001398
0.001797
0.002109
0.002381
0.002554
0.002839
0.002928
0.003391
0.004042
0.004314
0.004541
0.004825
0.004664
0.004348
0.004533
0.004378
0.003935
0.003884
0.004011
0.003967
0.004180
0.004146
0.004547
0.004333
0.004091
0.004421
0.004350
0.004254
0.004489
0.004024
0.004033
0.003961
0.004620
0.004791
0.004841
0.004625
0.004735
0.003523
0.003427
0.003439
0.003375
0.003341
0.003390
0.003572
0.003569
0.003714
0.003870
0.003055
0.002327
0.002168
0.001848
0.001358
0.001103
0.000395
0.000733
0.000549
0.000785
0.000778
0.001146
0.000673
0.000466
0.000442
0.000483
0.000738
0.000343
0.000645
0.000807
0.000810
0.000942
0.000753
0.000551
0.000724
0.000924
0.000934
0.001291
0.001451
0.002076
0.002175
0.002267
0.001824
0.001927
0.002716
0.002834
0.002451
0.001972
0.001950
0.002127
0.002541
0.001541
0.001753
0.001789
0.001781
0.001753
0.001842
0.002388
0.001757
0.001362
0.000983
0.000815
0.000423
0.000405
0.000887
0.000604
0.001091
0.001306
0.000365
-0.000058
0.000060
-0.000606
-0.000661
-0.000739
-0.000632
-0.000495
-0.000044
-0.000064
0.000059
-0.000254
-0.000088
-0.000207
-0.000116
0.000041
-0.000818
-0.001300
-0.001376
-0.001372
-0.002090
-0.002593
-0.001986
-0.002627
-0.002533
-0.001813
-0.001370
-0.001357
-0.001154
-0.001093
-0.000820
-0.000782
-0.001152
-0.001157
-0.001355
-0.001704
-0.001429
-0.000849
-0.000735
-0.000821
-0.001192
-0.000619
-0.000271
0.000300
0.000776
0.000557
0.000406
-0.000243
-0.000009
-0.000256
-0.000371
-0.000499
0.000201
0.000449
0.000433
0.000080
0.000256
0.000495
0.000252
0.000011
0.000354
0.000683
0.000568
0.000100
-0.000084
-0.000458
-0.000223
-0.000428
0.000450
-0.000074
-0.000188
0.000196
0.000500
0.000470
0.000264
0.000650
0.000079
0.000273
0.000085
0.000132
0.000154
0.000329
0.000263
0.000580
0.001004
0.000765
0.000558
0.001065
0.001618
0.001443
0.001432
0.001621
0.001571
0.001174
0.001081
0.001627
0.002728
0.002336
0.002302
0.002279
0.002954
0.003733
0.003404
0.002563
0.002520
0.002770
0.002718
0.002220
0.002654
0.002929
0.003006
0.003451
0.003590
0.003399
0.003247
0.003171
0.003709
0.003583
0.003376
0.003417
0.003714
0.004540
0.004611
0.004587
0.004602
0.004680
0.004335
0.004627
0.004561
0.004969
0.006145
0.006667
0.006495
0.006003
0.005556
0.005103
0.005250
0.004737
0.004776
0.003755
0.003216
0.003152
0.003343
0.003568
0.003578
0.003584
0.003374
0.003821
0.003767
0.003368
0.003912
0.003990
0.004270
0.004279
0.004703
0.004662
0.004172
0.004682
0.004718
0.004759
0.004617
0.004902
0.005206
0.005307
0.005201
0.005060
0.005670
0.005047
0.005027
0.005189
0.005333
0.004996
0.005178
0.004584
0.004849
0.004171
0.004301
0.004176
0.004951
0.005262
0.005861
0.005422
0.005630
0.005712
0.006009
0.005882
0.006755
0.006680
0.007136
0.007481
0.008106
0.008252
0.007336
0.007412
0.007459
0.007207
0.007526
0.007939
0.007904
0.008015
0.008619
0.009110
0.008649
0.008748
0.008310
0.007787
0.007517
0.008129
0.007991
0.008583
0.008915
0.008595
0.009067
0.009463
0.009537
0.009262
0.008812
0.008551
0.008469
0.009140
0.009052
0.008460
0.008135
0.008006
0.007831
0.008087
0.007801
0.008270
0.008247
0.007680
0.008006
0.008123
0.008647
0.008718
0.008720
0.008663
0.008800
0.008762
0.009574
0.009426
0.008588
0.008702
0.008427
0.008680
0.008294
0.008275
0.008263
0.007832
0.007436
0.006617
0.006955
0.006447
0.006160
0.006502
0.005696
0.005379
0.005683
0.005306
0.005780
0.006100
0.005927
0.006633
0.006596
0.006832
0.006343
0.005850
0.005778
0.005848
0.005899
0.006144
0.006242
0.006571
0.006209
0.006691
0.006948
0.006733
0.006854
0.006750
0.007115
0.007411
0.007957
0.008077
0.008074
0.008385
0.008672
0.008052
0.007926
0.007888
0.008328
0.008444
0.008570
0.008034
0.008581
0.008421
0.008778
0.008496
0.008417
0.008434
0.008029
0.008278
0.008002
0.008549
0.008326
0.007829
0.007365
0.006772
0.007087
0.007334
0.006842
0.006403
0.006404
0.006237
0.005453
0.005286
0.005336
0.004850
0.004990
0.005547
0.005977
0.006473
0.006253
0.006139
0.005882
0.006075
0.006369
0.006093
0.005789
0.005759
0.005891
0.005492
0.005409
0.005301
0.005423
0.005730
0.005557
0.005070
0.005349
0.005074
0.004731
0.004726
0.004793
0.004875
0.004653
0.004631
0.004501
0.004243
0.003514
0.003615
0.003775
0.004002
0.004056
0.004048
0.004319
0.004518
0.004253
0.004449
0.003639
0.003160
0.003053
0.003480
0.003334
0.003036
0.003075
0.003001
0.002837
0.002965
0.003094
0.002946
0.002988
0.002456
0.002138
0.002017
0.001504
0.001619
0.001930
0.002012
0.001821
0.002150
0.001894
0.002669
0.002809
0.003352
0.003268
0.003003
0.002602
0.003537
0.003607
0.003545
0.002878
0.002897
0.003630
0.002742
0.003079
0.002806
0.003116
0.003536
0.003491
0.003498
0.003909
0.003545
0.003501
0.003050
0.002778
0.002074
0.001774
0.001690
0.001327
0.001665
0.001784
0.002002
0.001378
0.001504
0.001151
0.001591
0.001395
0.001395
0.001217
0.001317
0.001663
0.001970
0.002041
0.002201
0.002021
0.002417
0.002829
0.003084
0.002925
0.002943
0.002872
0.002282
0.001896
0.001611
0.001468
0.001521
0.001889
0.001595
0.001797
0.001756
0.001866
0.001913
0.001967
0.001470
0.000718
0.000474
0.000520
0.000976
0.000841
0.001175
0.001257
0.001186
0.001214
0.000852
0.000889
0.000782
0.000395
0.000289
0.000673
0.000067
0.000322
0.000227
0.001253
0.002196
0.001565
0.001743
0.001887
0.001667
0.001686
0.001705
0.002258
0.001891
0.001345
0.001435
0.001991
0.001937
0.001715
0.001998
0.001603
0.002049
0.002020
0.001512
0.001939
0.001976
0.002025
0.001971
0.001390
0.000925
0.000761
0.000788
0.000369
0.000473
0.000681
0.001015
0.000497
0.000476
0.000768
0.001143
0.001273
0.001488
0.001197
0.001182
0.000869
0.000919
0.000947
0.001022
0.000702
0.001011
0.001095
0.001206
0.001203
0.001233
0.001711
0.002071
0.002009
0.001435
0.001162
0.001691
0.002152
0.002060
0.002007
0.001635
0.001581
0.001936
0.002388
0.002337
0.001729
0.001684
0.001871
0.002272
0.002135
0.001679
0.001479
0.001674
0.001258
0.001049
0.000998
0.001130
0.001215
0.001275
0.001295
0.001233
0.001595
0.001152
0.000770
0.000468
0.000460
0.000200
0.000672
0.000319
-0.000005
0.000180
-0.000105
-0.000598
-0.000768
-0.000601
-0.000684
-0.001186
-0.000496
-0.000849
-0.001177
-0.001107
-0.001252
-0.000475
0.000249
0.000022
0.000538
0.000662
0.001030
0.000761
0.001293
0.001418
0.000986
0.000491
0.000597
0.000245
0.000113
-0.000151
-0.000056
0.000230
0.000243
0.000205
-0.000142
-0.000417
-0.000236
0.000020
-0.000197
-0.000468
-0.001309
-0.001304
-0.000961
-0.000889
-0.000518
-0.000863
-0.000472
-0.000147
-0.000523
-0.000802
-0.000962
-0.000940
0.000057
-0.000429
-0.000334
-0.000592
-0.000793
-0.000520
-0.000457
-0.000549
-0.000468
-0.000873
-0.000219
-0.000271
0.000356
0.000889
0.000610
0.000771
0.001123
0.001600
0.001337
0.001293
0.001692
0.001214
0.001347
0.001670
0.002114
0.002348
0.003243
0.003409
0.003130
0.003507
0.004046
0.004134
0.004490
0.004082
0.003811
0.004147
0.004086
0.004536
0.005236
0.005234
0.005170
0.005202
0.006040
0.005734
0.005558
0.005030
0.004883
0.004916
0.005205
0.006128
0.006210
0.006345
0.005834
0.005641
0.006384
0.006468
0.005731
0.005865
0.005891
0.005410
0.005315
0.005853
0.006533
0.007068
0.007215
0.007700
0.007952
0.007526
0.007876
0.007760
0.008173
0.008000
0.008087
0.008653
0.009041
0.009060
0.009120
0.009384
0.009051
0.009241
0.008930
0.008837
0.008243
0.008142
0.008241
0.008250
0.008177
0.008210
0.008536
0.008296
0.008433
0.008997
0.009196
0.009321
0.008730
0.009037
0.009112
0.009360
0.009258
0.009126
0.008965
0.009610
0.009671
0.009692
0.010009
0.009752
0.009939
0.009882
0.009466
0.010243
0.010785
0.011736
0.011677
0.012122
0.011960
0.011725
0.011724
0.011915
0.011903
0.011791
0.012071
0.011976
0.012379
0.012846
0.013134
0.013431
0.013835
0.014329
0.014764
0.014860
0.014859
0.015442
0.015484
0.016018
0.015615
0.015517
0.015287
0.016326
0.016062
0.015993
0.016260
0.016447
0.016322
0.015919
0.016133
0.015663
0.015882
0.016419
0.015967
0.016164
0.016094
0.016138
0.016280
0.016573
0.016114
0.016824
0.016789
0.016174
0.016142
0.015782
0.016017
0.015453
0.015408
0.015037
0.015361
0.014752
0.014496
0.014506
0.014411
0.014281
0.014131
0.014036
0.014840
0.015334
0.016309
0.016075
0.015312
0.015464
0.015441
0.015220
0.015132
0.016217
0.016263
0.015897
0.015582
0.015196
0.015089
0.014936
0.015198
0.016620
0.016630
0.016271
0.016114
0.016478
0.015834
0.015267
0.015215
0.015222
0.015038
0.015616
0.016171
0.015524
0.015739
0.015759
0.015102
0.014971
0.014659
0.015004
0.014845
0.014698
0.015035
0.016573
0.016575
0.016519
0.017394
0.017577
0.018022
0.018443
0.018260
0.018143
0.018218
0.018203
0.018213
0.018970
0.019409
0.020064
0.020002
0.020118
0.020359
0.020606
0.021168
0.020916
0.021130
0.020908
0.020677
0.020603
0.020600
0.020403
0.020669
0.020534
0.020560
0.020247
0.020777
0.020432
0.020344
0.020338
0.019950
0.019458
0.019854
0.019723
0.019125
0.019590
0.019449
0.019329
0.019579
0.019819
0.019920
0.020046
0.020417
0.021312
0.021264
0.021470
0.021300
0.021485
0.021708
0.021644
0.021825
0.021624
0.021947
0.022149
0.021845
0.021118
0.020685
0.020621
0.019771
0.020088
0.020231
0.020402
0.020732
0.020302
0.020125
0.020449
0.020174
0.020517
0.020422
0.020589
0.020557
0.020301
0.020108
0.020941
0.020530
0.020307
0.020621
0.020679
0.020801
0.020935
0.021140
0.020743
0.021243
0.021221
0.021308
0.021514
0.022138
0.022028
0.021791
0.021484
0.021668
0.021643
0.021128
0.021509
0.021307
0.021029
0.020977
0.020713
0.020846
0.021032
0.020771
0.020484
0.020034
0.019352
0.020408
0.019948
0.019685
0.019556
0.019564
0.020367
0.020059
0.020238
0.019934
0.019969
0.020276
0.019607
0.020136
0.020416
0.020216
0.020193
0.019716
0.020330
0.020468
0.021098
0.021091
0.020915
0.020534
0.020853
0.020918
0.021107
0.021124
0.021307
0.021038
0.021781
0.022461
0.021803
0.021893
0.022153
0.021559
0.021025
0.020716
0.021036
0.020661
0.020746
0.020945
0.020648
0.020578
0.020049
0.019562
0.020204
0.020094
0.020302
0.020276
0.019294
0.018934
0.019011
0.019069
0.019253
0.018622
0.017994
0.018537
0.018612
0.019207
0.019136
0.018676
0.018914
0.018973
0.018749
0.018654
0.018924
0.018619
0.018131
0.018326
0.019124
0.018883
0.018752
0.018743
0.018764
0.019303
0.019282
0.019588
0.019198
0.019071
0.018343
0.018723
0.018766
0.019244
0.018732
0.019032
0.019502
0.019285
0.019625
0.020196
0.020672
0.020816
0.020939
0.020876
0.020843
0.021647
0.021731
0.022263
0.022645
0.023038
0.022896
0.023253
0.023275
0.023850
0.023069
0.023195
0.023390
0.023091
0.022887
0.022917
0.022707
0.023070
0.022212
0.022707
0.022519
0.022954
0.022938
0.023677
0.023840
0.023872
0.023783
0.024073
0.023878
0.024369
0.024437
0.024615
0.024770
0.025363
0.025445
0.025749
0.025859
0.026207
0.026156
0.025826
0.025899
0.025342
0.025464
0.024924
0.025169
0.024978
0.024508
0.024589
0.024128
0.023683
0.023138
0.023238
0.023665
0.023522
0.023429
0.023492
0.023839
0.024177
0.025073
0.025063
0.024892
0.024793
0.025260
0.025183
0.024686
0.024577
0.024599
0.024909
0.025258
0.025205
0.024566
0.024206
0.024100
0.023892
0.023831
0.024074
0.024568
0.024590
0.025081
0.024407
0.024341
0.024358
0.024156
0.023895
0.023870
0.023832
0.024287
0.024503
0.024436
0.024354
0.024409
0.024106
0.023719
0.023496
0.023201
0.023738
0.023665
0.023431
0.023378
0.024440
0.023846
0.024024
0.024143
0.024566
0.024656
0.025214
0.025221
0.024896
0.025313
0.025678
0.026035
0.026378
0.026272
0.026753
0.026567
0.026275
0.026537
0.026014
0.026374
0.026310
0.026179
0.026112
0.026199
0.026394
0.026725
0.026084
0.025464
0.025496
0.025723
0.026252
0.026678
0.026832
0.026775
0.026869
0.026542
0.026913
0.027290
0.027643
0.027992
0.028237
0.027922
0.027674
0.027423
0.027876
0.026942
0.027380
0.026836
0.026692
0.027055
0.026827
0.026759
0.026304
0.026125
0.026093
0.025994
0.026135
0.025447
0.025077
0.025340
0.025567
0.026063
0.026274
0.025928
0.026022
0.026247
0.026814
0.027083
0.026990
0.027518
0.027997
0.028630
0.028833
0.028383
0.029233
0.028401
0.027893
0.027183
0.027722
0.027768
0.027969
0.028083
0.027736
0.027548
0.027272
0.027183
0.026828
0.026693
0.026803
0.026677
0.026712
0.026667
0.026984
0.026600
0.026729
0.026508
0.027028
0.026749
0.026445
0.027105
0.026787
0.026937
0.026615
0.026833
0.027052
0.027370
0.026704
0.026907
0.026771
0.026652
0.027040
0.027096
0.027510
0.027170
0.026796
0.026736
0.026584
0.026488
0.026877
0.027200
0.027439
0.028033
0.027717
0.028387
0.029049
0.028931
0.029169
0.029484
0.029172
0.029643
0.030416
0.030706
0.031029
0.030935
0.030491
0.030388
0.030383
0.030287
0.030105
0.030310
0.030272
0.030087
0.030405
0.030245
0.029841
0.029532
0.030187
0.030565
0.030320
0.030184
0.030244
0.031055
0.030864
0.030401
0.030282
0.030162
0.030033
0.029616
0.029529
0.029600
0.029503
0.029390
0.030073
0.029856
0.029636
0.029142
0.028933
0.029232
0.029002
0.029048
0.028883
0.028905
0.028553
0.028586
0.028244
0.028703
0.028853
0.028415
0.027829
0.027656
0.026741
0.026469
0.026687
0.027466
0.027859
0.027479
0.027216
0.027111
0.026852
0.026465
0.026456
0.027074
0.027485
0.027615
0.027957
0.027836
0.027573
0.028196
0.027241
0.028028
0.027987
0.028087
0.027880
0.027767
0.027706
0.027909
0.027819
0.028257
0.028344
0.027704
0.027572
0.027346
0.027145
0.026844
0.027201
0.027807
0.028202
0.028022
0.027929
0.028453
0.028125
0.028448
0.028623
0.028076
0.027950
0.027866
0.027391
0.027677
0.027602
0.027977
0.027858
0.027611
0.027462
0.027525
0.027947
0.028083
0.028490
0.028274
0.028696
0.028559
0.028698
0.028730
0.029126
0.028937
0.029060
0.029153
0.029038
0.028849
0.029136
0.029541
0.029096
0.029167
0.028475
0.028133
0.028509
0.028678
0.029042
0.028678
0.028261
0.027959
0.027900
0.027688
0.027801
0.027832
0.027635
0.028023
0.027169
0.026999
0.026524
0.026215
0.026390
0.026509
0.026322
0.025727
0.025678
0.026164
0.025943
0.025176
0.024985
0.025803
0.025771
0.025601
0.026187
0.026363
0.026924
0.026596
0.026158
0.026713
0.026270
0.026216
0.026251
0.025678
0.025670
0.025800
0.025123
0.024953
0.024660
0.024499
0.024096
0.023715
0.023789
0.023543
0.023937
0.023989
0.024598
0.024625
0.024418
0.024435
0.024100
0.024336
0.023772
0.023884
0.024146
0.023225
0.023774
0.023713
0.024139
0.024128
0.024093
0.023593
0.024484
0.025038
0.024727
0.024852
0.024556
0.024626
0.025214
0.024841
0.024491
0.024655
0.025456
0.025920
0.026330
0.027162
0.026361
0.026445
0.026911
0.026656
0.026612
0.027190
0.027211
0.026909
0.027419
0.027600
0.027444
0.027538
0.027659
0.027889
0.028288
0.028247
0.027538
0.028072
0.027757
0.027427
0.027212
0.026690
0.026952
0.027002
0.026768
0.026614
0.025735
0.025859
0.025750
0.025717
0.025185
0.025260
0.025360
0.024809
0.025011
0.025109
0.025086
0.025199
0.025146
0.025059
0.024647
0.025031
0.024931
0.024755
0.025054
0.025275
0.025404
0.025873
0.026366
0.026551
0.026677
0.025696
0.025444
0.025726
0.026497
0.026755
0.026530
0.026118
0.026492
0.026616
0.026967
0.026637
0.026603
0.026686
0.026909
0.026935
0.027125
0.027349
0.027818
0.027997
0.027326
0.028016
0.027922
0.028295
0.028767
0.029420
0.029866
0.030482
0.030803
0.031035
0.031125
0.030805
0.031072
0.031220
0.031583
0.031065
0.030028
0.029877
0.029023
0.029255
0.028813
0.028695
0.028889
0.028938
0.029130
0.029443
0.028989
0.029079
0.028756
0.029233
0.029219
0.028978
0.028914
0.028624
0.028385
0.028180
0.027974
0.027713
0.027488
0.028257
0.027891
0.028211
0.028315
0.028545
0.028346
0.028727
0.028087
0.028319
0.029053
0.028965
0.029259
0.029232
0.029375
0.028906
0.029057
0.029058
0.028880
0.028787
0.028568
0.028391
0.028534
0.028319
0.028329
0.028542
0.028494
0.028846
0.028809
0.029469
0.028760
0.029566
0.028648
0.028722
0.029135
0.029005
0.028925
0.028302
0.028544
0.028794
0.028201
0.028601
0.028805
0.028816
0.028269
0.027964
0.027750
0.027582
0.028069
0.028150
0.027628
0.027474
0.028378
0.028774
0.028700
0.028815
0.029178
0.028871
0.028893
0.028574
0.028413
0.028610
0.029059
0.029174
0.028948
0.029442
0.029798
0.029337
0.029015
0.029428
0.029358
0.029427
0.029700
0.029835
0.029870
0.029858
0.029662
0.029846
0.030064
0.029485
0.029418
0.029573
0.029950
0.030468
0.029922
0.030554
0.031160
0.030955
0.031346
0.031901
0.032383
0.032073
0.032496
0.032507
0.032602
0.032550
0.032559
0.032024
0.031733
0.031497
0.031588
0.032043
0.032262
0.032458
0.032369
0.032055
0.032102
0.031680
0.031942
0.032419
0.032395
0.033098
0.033379
0.033200
0.033728
0.032868
0.032846
0.032884
0.032931
0.032974
0.032928
0.032542
0.032631
0.033085
0.032790
0.032646
0.032364
0.032050
0.032225
0.032452
0.032483
0.032101
0.031746
0.032009
0.032107
0.031288
0.031469
0.032227
0.033038
0.033545
0.033585
0.033320
0.032895
0.032932
0.033397
0.033728
0.033416
0.033336
0.033582
0.033603
0.033675
0.034071
0.033945
0.033465
0.033962
0.033529
0.033510
0.032822
0.033106
0.033061
0.033664
0.033750
0.034137
0.034355
0.033992
0.034271
0.033905
0.033901
0.033247
0.033200
0.032904
0.033019
0.033428
0.033687
0.034004
0.033828
0.033808
0.033729
0.033434
0.033749
0.033839
0.033797
0.034137
0.034153
0.034716
0.034316
0.034623
0.035346
0.035740
0.035661
0.035900
0.035096
0.035111
0.035629
0.036290
0.036012
0.034979
0.035874
0.035729
0.035905
0.036114
0.035997
0.035739
0.035991
0.035631
0.035418
0.034956
0.034873
0.035127
0.035475
0.035266
0.035460
0.035526
0.035348
0.035148
0.034805
0.034590
0.034503
0.034014
0.034138
0.035224
0.035679
0.035817
0.035758
0.035380
0.035479
0.035597
0.034797
0.035395
0.035969
0.035721
0.035986
0.035688
0.035556
0.035159
0.035725
0.035567
0.035471
0.034972
0.034884
0.034293
0.034230
0.033627
0.033744
0.033818
0.034373
0.034371
0.034259
0.034392
0.034446
0.034864
0.035073
0.034920
0.034248
0.034574
0.034745
0.034962
0.035118
0.035101
0.034381
0.034369
0.033984
0.033331
0.033036
0.033130
0.033218
0.033577
0.033466
0.033736
0.033790
0.033992
0.033615
0.033491
0.033574
0.033239
0.032672
0.031863
0.031982
0.032697
0.032833
0.032654
0.033111
0.032752
0.032058
0.032232
0.032352
0.032074
0.032376
0.032219
0.032655
0.032879
0.033380
0.033740
0.034068
0.033636
0.033321
0.032737
0.031954
0.031423
0.031067
0.031122
0.030944
0.030556
0.030930
0.030549
0.030104
0.030410
0.030241
0.030433
0.030285
0.029465
0.029970
0.030477
0.030366
0.031205
0.031737
0.031694
0.031667
0.031617
0.031796
0.031460
0.031797
0.031939
0.032355
0.032280
0.032478
0.032504
0.032383
0.032097
0.031814
0.031711
0.031601
0.031611
0.031411
0.031128
0.031298
0.031468
0.031874
0.031895
0.031908
0.031860
0.031377
0.031384
0.031207
0.031503
0.031454
0.031283
0.031363
0.031627
0.031590
0.031607
0.031397
0.031587
0.032321
0.032206
0.031817
0.031774
0.032026
0.032182
0.032536
0.032572
0.032464
0.032153
0.032382
0.032510
0.032683
0.032619
0.032756
0.032503
0.032022
0.031729
0.031409
0.031129
0.030572
0.030126
0.030265
0.030482
0.030507
0.030614
0.030235
0.030747
0.031109
0.030867
0.030706
0.030587
0.030451
0.030516
0.031454
0.031031
0.030968
0.030575
0.030610
0.030660
0.030279
0.030752
0.029718
0.029225
0.028800
0.028941
0.029240
0.028942
0.028327
0.028948
0.029262
0.029145
0.028811
0.028289
0.028321
0.028507
0.028531
0.028793
0.028551
0.028350
0.028432
0.028063
0.028341
0.028606
0.028311
0.029047
0.029592
0.029776
0.029309
0.029677
0.029392
0.028744
0.028524
0.029001
0.029003
0.028880
0.029250
0.029200
0.029342
0.029357
0.029142
0.029336
0.029736
0.029876
0.030081
0.030212
0.029883
0.029725
0.029605
0.029427
0.029221
0.029428
0.029183
0.028809
0.029241
0.028909
0.029165
0.029366
0.029805
0.030195
0.029789
0.029968
0.029528
0.029273
0.029371
0.029110
0.028467
0.028439
0.028230
0.028534
0.029013
0.029133
0.028935
0.028693
0.028895
0.029133
0.028986
0.028848
0.029388
0.029881
0.029711
0.030166
0.029761
0.029681
0.029393
0.029714
0.029225
0.029035
0.028411
0.028138
0.028058
0.028451
0.027828
0.028518
0.027745
0.027784
0.027240
0.027459
0.027216
0.027108
0.027665
0.027778
0.028277
0.028496
0.028189
0.028683
0.028525
0.028324
0.028366
0.028332
0.028227
0.028095
0.028020
0.027314
0.027133
0.026961
0.026855
0.027402
0.027567
0.028148
0.028765
0.028745
0.029423
0.029517
0.029706
0.029332
0.029430
0.029596
0.029614
0.029496
0.029277
0.029748
0.029791
0.029952
0.029949
0.030122
0.029602
0.029731
0.028966
0.028875
0.028806
0.028529
0.028410
0.028123
0.028060
0.027706
0.027385
0.027982
0.028316
0.028093
0.027991
0.028134
0.028280
0.027378
0.027374
0.027099
0.027275
0.027133
0.026887
0.026701
0.027010
0.027230
0.027430
0.027410
0.027339
0.027488
0.027257
0.027809
0.027090
0.027535
0.027617
0.027352
0.027454
0.027838
0.027431
0.027348
0.026976
0.026782
0.026656
0.026653
0.026765
0.027378
0.027178
0.027090
0.027286
0.027351
0.027280
0.027331
0.027380
0.027018
0.027142
0.027724
0.027440
0.027070
0.027322
0.026712
0.026930
0.026241
0.026155
0.025866
0.025587
0.025710
0.026201
0.026614
0.026108
0.026414
0.026484
0.026429
0.025933
0.025958
0.025997
0.025318
0.025228
0.024542
0.024464
0.024423
0.025337
0.024689
0.024817
0.024379
0.024170
0.024100
0.024749
0.024464
0.023715
0.024400
0.024329
0.024389
0.024884
0.025445
0.025058
0.025316
0.026140
0.026256
0.026371
0.026287
0.026588
0.026344
0.026611
0.026686
0.026020
0.025902
0.026556
0.027049
0.027446
0.027009
0.027249
0.026948
0.027340
0.027983
0.028322
0.028680
0.028300
0.028359
0.028731
0.029061
0.029123
0.028654
0.028810
0.028770
0.028141
0.028244
0.028225
0.028072
0.028206
0.028218
0.028219
0.028173
0.028547
0.028760
0.028911
0.029709
0.029502
0.029404
0.029485
0.029876
0.029817
0.030237
0.030493
0.030148
0.030054
0.029629
0.029761
0.029879
0.029706
0.030017
0.030184
0.029924
0.029682
0.029586
0.029012
0.028827
0.028560
0.027781
0.027603
0.027781
0.027617
0.027261
0.027312
0.027271
0.027916
0.028365
0.028818
0.028478
0.028676
0.028412
0.028296
0.027731
0.027277
0.027615
0.028059
0.028461
0.028059
0.027599
0.027672
0.027131
0.027283
0.027336
0.027454
0.027210
0.027103
0.026823
0.026974
0.026919
0.027237
0.027750
0.028244
0.027668
0.027688
0.027734
0.027538
0.027510
0.027695
0.027199
0.027536
0.027542
0.027673
0.027808
0.028140
0.027488
0.027178
0.027221
0.026770
0.027803
0.027664
0.027277
0.027359
0.028341
0.028619
0.028451
0.028861
0.028849
0.028740
0.028775
0.029155
0.028820
0.028627
0.027858
0.027315
0.027707
0.027508
0.027062
0.026618
0.025848
0.025660
0.026328
0.026555
0.026907
0.026274
0.026187
0.025676
0.026151
0.026382
0.025952
0.025626
0.025912
0.025902
0.025743
0.026210
0.027042
0.027243
0.027052
0.027015
0.027188
0.027127
0.027040
0.027367
0.027132
0.027136
0.027518
0.027304
0.027469
0.027695
0.027393
0.027153
0.027371
0.027477
0.027487
0.027037
0.026851
0.027211
0.026813
0.027249
0.027878
0.028351
0.028656
0.028216
0.028856
0.028867
0.028802
0.029319
0.029639
0.029322
0.029626
0.029692
0.029724
0.030132
0.030401
0.030341
0.030247
0.029913
0.030024
0.029573
0.028888
0.028748
0.028681
0.028484
0.028868
0.028968
0.028691
0.028799
0.028928
0.029037
0.029118
0.029133
0.029247
0.028944
0.029338
0.029609
0.029385
0.028717
0.029384
0.029757
0.029508
0.030068
0.030277
0.030086
0.029963
0.030415
0.030712
0.030395
0.029765
0.030042
0.029706
0.029671
0.029969
0.030111
0.030246
0.029988
0.029858
0.030112
0.029909
0.030206
0.030343
0.030386
0.030472
0.030188
0.030207
0.030495
0.030445
0.030167
0.029604
0.029044
0.029460
0.029496
0.029870
0.029804
0.030084
0.030183
0.030438
0.031215
0.031014
0.031783
0.031756
0.031897
0.031683
0.031573
0.031313
0.031759
0.031288
0.031429
0.032303
0.032448
0.032249
0.032774
0.032565
0.032591
0.032373
0.032547
0.033175
0.032686
0.032408
0.032161
0.032088
0.031623
0.031641
0.032209
0.032328
0.031960
0.032101
0.032022
0.031575
0.031450
0.031654
0.031577
0.031759
0.031543
0.031821
0.031796
0.031999
0.031766
0.032055
0.031880
0.031531
0.031064
0.030971
0.030684
0.030382
0.029858
0.030334
0.030244
0.030368
0.030566
0.030561
0.031298
0.031343
0.031645
0.031195
0.030889
0.031707
0.031948
0.032129
0.032017
0.032035
0.032448
0.031973
0.032293
0.033141
0.033548
0.034102
0.034153
