0.189978	0.957129	
0.464367	0.618527	
0.583870	0.107802	
0.822813	0.016643	
0.715815	0.698887	
0.201787	0.437367	
0.832145	0.856183	
0.863358	0.461064	
0.100768	0.606875	
0.745853	0.554990	
0.719957	0.314943	
0.245739	0.137033	
0.109212	0.530067	
0.839134	0.333147	
0.204654	0.611762	
0.875592	0.078395	
0.592149	0.250395	
0.381496	0.802298	
0.229741	0.254995	
0.698167	0.085214	
0.185284	0.073666	
0.105492	0.011112	
0.760689	0.896149	
0.581567	0.391340	
0.250203	0.158143	
0.911949	0.132952	
0.528961	0.249300	
0.992651	0.483739	
0.209106	0.446377	
0.264376	0.362058	
0.107982	0.856048	
0.591042	0.648117	
0.895917	0.668922	
0.573376	0.725872	
0.739041	0.054183	
0.647972	0.466932	
0.732532	0.661185	
0.529579	0.632005	
0.100073	0.927928	
0.692270	0.979313	
0.308693	0.208311	
0.086186	0.526219	
0.162277	0.392679	
0.757009	0.057000	
0.006937	0.588233	
0.436225	0.632730	
0.300444	0.555109	
0.716933	0.496966	
0.499750	0.304694	
0.997510	0.156051	
0.743408	0.454303	
0.475567	0.851090	
0.265685	0.359892	
0.709863	0.670117	
0.652294	0.103630	
0.706582	0.524188	
0.035613	0.550539	
0.906527	0.998952	
0.385684	0.187107	
0.704471	0.043038	
0.343092	0.353760	
0.646097	0.950222	
0.375057	0.584758	
0.034824	0.294618	
0.646322	0.728879	
0.266088	0.145973	
0.363669	0.177280	
0.550032	0.387078	
0.618904	0.922971	
0.375451	0.198815	
0.488046	0.596800	
0.414160	0.788449	
0.455495	0.504091	
0.257029	0.890556	
0.581699	0.609263	
0.875522	0.906005	
0.231485	0.573130	
0.591734	0.270134	
0.143629	0.971486	
0.763580	0.483619	
0.189472	0.462458	
0.532957	0.402264	
0.858532	0.343220	
0.492605	0.213605	
0.061908	0.493660	
0.944769	0.733979	
0.976650	0.548200	
0.605741	0.683541	
0.278224	0.105742	
0.203823	0.658402	
0.756934	0.795640	
0.324697	0.189666	
0.711763	0.602611	
0.086301	0.468403	
0.448245	0.653830	
0.915097	0.041869	
0.699657	0.133148	
0.825498	0.149506	
0.754807	0.047157	
0.564409	0.026291	
0.880127	0.290585	
0.867788	0.916054	
0.117600	0.498779	
0.978387	0.753025	
0.095211	0.214607	
0.899958	0.599498	
0.770811	0.018955	
0.582347	0.508585	
0.792340	0.857512	
0.209857	0.071407	
0.131941	0.531504	
0.981793	0.997407	
0.412876	0.200317	
0.725285	0.873033	
0.071534	0.267154	
0.065478	0.492610	
0.302348	0.568888	
0.302408	0.578615	
0.781684	0.754863	
0.987104	0.252765	
0.225487	0.760971	
0.635799	0.866066	
0.974461	0.770096	
0.997120	0.595190	
0.352532	0.001497	
0.152675	0.010433	
0.341867	0.764030	
0.059983	0.134511	
0.728241	0.545066	
0.923045	0.612612	
0.166214	0.554958	
0.175054	0.127981	
0.980787	0.080248	
0.723075	0.715678	
0.404775	0.056100	
0.871694	0.553575	
0.926949	0.232907	
0.460891	0.201771	
0.168618	0.956038	
0.125024	0.276478	
0.766898	0.261269	
0.141799	0.210341	
0.195710	0.300603	
0.237104	0.006939	
0.618013	0.937509	
0.710981	0.464196	
0.734447	0.856637	
0.501730	0.579998	
0.027519	0.503979	
0.381456	0.122703	
0.277445	0.022447	
0.272611	0.774920	
0.083299	0.001462	
0.566668	0.987008	
0.637763	0.876753	
0.580315	0.346476	
0.215557	0.870526	
0.925361	0.547335	
0.064660	0.734683	
0.813798	0.506633	
0.987401	0.248572	
0.741792	0.306288	
0.774509	0.176724	
0.191870	0.759964	
0.711839	0.869927	
0.868798	0.882621	
0.205457	0.119817	
0.757180	0.929528	
0.584395	0.920849	
0.711445	0.257412	
0.328520	0.434687	
0.791695	0.015393	
0.702733	0.839200	
0.427383	0.028965	
0.814279	0.585137	
0.396927	0.151826	
0.746366	0.173020	
0.949984	0.382294	
0.214457	0.378811	
0.674115	0.850346	
0.758708	0.608323	
0.091097	0.074896	
0.771944	0.062163	
0.775373	0.690209	
0.338488	0.960023	
0.110582	0.549071	
0.228537	0.018446	
0.017818	0.470878	
0.042971	0.221096	
0.964914	0.311502	
0.408659	0.331134	
0.376847	0.671599	
0.569943	0.034285	
0.220624	0.024757	
0.095457	0.340685	
0.884943	0.236570	
0.037661	0.972054	
0.303298	0.524343	
0.628802	0.281262	
0.173983	0.133663	
0.482128	0.123905	
0.467607	0.078325	
0.414202	0.497901	
0.224452	0.370943	
0.432838	0.707861	
0.012980	0.156678	
0.283242	0.445898	
0.207809	0.652952	
0.166445	0.447794	
0.070876	0.215241	
0.556405	0.504137	
0.022354	0.707783	
0.714945	0.088363	
0.118135	0.486918	
0.630416	0.396063	
0.628668	0.019042	
0.044783	0.659678	
0.202845	0.221164	
0.095840	0.784964	
0.888927	0.192498	
0.308188	0.711942	
0.611075	0.343601	
0.909860	0.017607	
0.912658	0.045281	
0.039387	0.975686	
0.350848	0.709391	
0.731596	0.927647	
0.957168	0.118268	
0.732264	0.164145	
0.784974	0.058266	
0.275620	0.340544	
0.524847	0.095791	
0.963516	0.814221	
0.613485	0.848991	
0.995471	0.873838	
0.587728	0.948042	
0.746146	0.480993	
0.050730	0.616391	
0.683923	0.696700	
0.429638	0.929003	
0.759443	0.963241	
0.194981	0.037856	
0.253752	0.807857	
0.658808	0.591570	
0.509883	0.607280	
0.552822	0.283152	
0.937725	0.349883	
0.484944	0.451423	
0.070076	0.759834	
0.529518	0.610006	
0.369546	0.962535	
0.323443	0.102382	
0.742306	0.934147	
0.215998	0.284359	
0.225154	0.157392	
0.289479	0.278244	
0.442456	0.354083	
0.066178	0.261560	
0.040495	0.605771	
0.190189	0.508477	
0.971880	0.378764	
0.878283	0.298820	
0.275915	0.311009	
0.121794	0.991075	
0.993100	0.024564	
0.841049	0.508392	
0.546236	0.586813	
0.568397	0.049439	
0.928716	0.924586	
0.521549	0.673115	
0.039109	0.301332	
0.486115	0.141473	
0.729753	0.965732	
0.050419	0.391922	
0.028062	0.630684	
0.910023	0.757971	
0.211488	0.470821	
0.089829	0.760029	
0.815145	0.146535	
0.817883	0.167668	
0.001217	0.453191	
0.777862	0.525260	
0.036615	0.382469	
0.149815	0.941632	
0.006257	0.168825	
0.438772	0.440748	
0.644855	0.075604	
0.681917	0.979715	
0.064556	0.994717	
0.201200	0.575798	
0.431422	0.903583	
0.516529	0.300166	
0.891790	0.320481	
0.332552	0.194594	
0.544584	0.823214	
0.762613	0.238456	
0.728775	0.517599	
0.288724	0.578637	
0.151307	0.021522	
0.715260	0.381196	
0.756576	0.765423	
0.458933	0.288914	
0.785116	0.446185	
0.033236	0.591610	
0.183898	0.773133	
0.038775	0.691164	
0.384979	0.333969	
0.014337	0.959705	
0.755843	0.446725	
0.111934	0.267385	
0.936119	0.347266	
0.492914	0.412733	
0.798412	0.909642	
0.355257	0.804697	
0.534760	0.710153	
0.546939	0.399606	
0.181233	0.987337	
0.174535	0.416512	
0.321107	0.840955	
0.930432	0.765853	
0.686147	0.070149	
0.986265	0.158609	
0.742020	0.138469	
0.252474	0.322736	
0.228966	0.237763	
0.077424	0.266257	
0.977412	0.367739	
0.581955	0.912059	
0.983763	0.111252	
0.818314	0.410449	
0.411112	0.553326	
0.745398	0.908080	
0.093296	0.022786	
0.961341	0.252374	
0.657027	0.646902	
0.490224	0.193896	
0.816817	0.236908	
0.720936	0.767669	
0.220116	0.490642	
0.213594	0.873598	
0.562940	0.325112	
0.153154	0.064150	
0.171218	0.665230	
0.519589	0.727403	
0.459973	0.760337	
0.981073	0.899742	
0.956089	0.984297	
0.073314	0.186433	
0.376553	0.722329	
0.177326	0.318214	
0.215598	0.548094	
0.809370	0.078104	
0.699831	0.058262	
0.205355	0.394282	
0.700264	0.334907	
0.779259	0.998646	
0.246921	0.001563	
0.272339	0.201018	
0.506077	0.627854	
0.339269	0.092585	
0.072170	0.968055	
0.104753	0.582384	
0.123926	0.819395	
0.570365	0.117830	
0.362681	0.579007	
0.367409	0.041292	
0.998019	0.707126	
0.667657	0.318123	
0.692406	0.269152	
0.634748	0.213479	
0.941784	0.564541	
0.241013	0.706491	
0.995871	0.599420	
0.454431	0.626065	
0.278365	0.473696	
0.408542	0.360290	
0.399499	0.383759	
0.835072	0.055792	
0.699364	0.202458	
0.703590	0.240470	
0.585194	0.359915	
0.087431	0.447630	
0.319853	0.761944	
0.996417	0.772214	
0.609033	0.021075	
0.203034	0.388331	
0.676408	0.391145	
0.965663	0.905366	
0.492752	0.680187	
0.905833	0.333819	
0.496296	0.254823	
0.810690	0.270581	
0.646503	0.776694	
0.895387	0.770990	
0.025893	0.189778	
0.607005	0.924926	
0.226730	0.643000	
0.895224	0.029350	
0.286405	0.600571	
0.796591	0.299522	
0.072085	0.537583	
0.153987	0.064014	
0.887413	0.754810	
0.086124	0.491056	
0.185191	0.499134	
0.938660	0.065577	
0.151198	0.185025	
0.715584	0.814316	
0.209869	0.269328	
0.591065	0.034497	
0.784979	0.148074	
0.671739	0.911616	
0.535110	0.599841	
0.520179	0.651192	
0.586111	0.775248	
0.596451	0.560177	
0.890598	0.275389	
0.461115	0.953255	
0.360448	0.055573	
0.020610	0.391292	
0.444314	0.580560	
0.476318	0.470218	
0.953758	0.802925	
0.761475	0.104979	
0.378901	0.184189	
0.671954	0.538810	
0.775328	0.931254	
0.593020	0.889509	
0.972689	0.978990	
0.880402	0.913833	
0.790765	0.381218	
0.134080	0.490634	
0.081649	0.278028	
0.812813	0.942538	
0.230299	0.631228	
0.046033	0.684968	
0.261483	0.739870	
0.998448	0.919720	
0.736303	0.048530	
0.646384	0.768737	
0.165848	0.402711	
0.372097	0.829046	
0.781283	0.017056	
0.658376	0.319229	
0.281763	0.585843	
0.263738	0.638476	
0.872197	0.022050	
0.601383	0.438156	
0.084238	0.794410	
0.642429	0.300745	
0.618723	0.876635	
0.606794	0.383204	
0.510697	0.277309	
0.740474	0.142033	
0.153101	0.171083	
0.394213	0.541914	
0.953035	0.657942	
0.027221	0.499181	
0.728232	0.386872	
0.149733	0.562234	
0.471097	0.730788	
0.353020	0.215154	
0.088265	0.461997	
0.775569	0.988186	
0.441647	0.753559	
0.065623	0.933545	
0.096941	0.290406	
0.857454	0.221222	
0.086471	0.312036	
0.388189	0.291596	
0.854030	0.689911	
0.330417	0.324004	
0.531725	0.705603	
0.071618	0.691992	
0.309036	0.975148	
0.310766	0.041062	
0.136035	0.333265	
0.176578	0.741324	
0.436967	0.106985	
0.092520	0.988023	
0.695953	0.877496	
0.072859	0.542363	
0.498109	0.714903	
0.382925	0.828062	
0.245597	0.742125	
0.888351	0.523449	
0.605515	0.894663	
0.598841	0.723977	
0.877907	0.981727	
0.892527	0.697172	
0.374561	0.251561	
0.991059	0.727363	
0.790505	0.017939	
0.501813	0.967457	
0.046601	0.215498	
0.876843	0.098552	
0.361998	0.092010	
0.409618	0.441747	
0.439891	0.249759	
0.701108	0.523566	
0.581517	0.555413	
0.830589	0.709285	
0.950009	0.797092	
0.717229	0.460887	
0.131107	0.513928	
0.595584	0.972983	
0.921091	0.784405	
0.495429	0.672270	
0.843092	0.853553	
0.660345	0.426681	
0.220829	0.466427	
0.232406	0.047936	
0.656407	0.227524	
0.996727	0.983168	
0.099135	0.156699	
0.633871	0.470345	
0.081849	0.637512	
0.671449	0.038301	
0.716727	0.033421	
0.714683	0.680568	
0.298928	0.080668	
0.793417	0.953487	
0.252846	0.585280	
0.793972	0.282503	
0.033237	0.618125	
0.833924	0.763964	
0.945422	0.706564	
0.218702	0.721129	
0.007998	0.415928	
0.495374	0.751764	
0.894602	0.577977	
0.066429	0.475285	
0.117169	0.266846	
0.879867	0.921867	
0.816758	0.247178	
0.320709	0.163019	
0.865783	0.213031	
0.415932	0.564387	
0.651980	0.822333	
0.954841	0.007929	
0.257390	0.956595	
0.495919	0.915574	
0.043823	0.538077	
0.460747	0.773131	
0.019890	0.290481	
0.109336	0.611201	
0.446993	0.611188	
0.237184	0.346163	
0.969706	0.853427	
0.545606	0.995560	
0.373534	0.990230	
0.795487	0.743076	
0.871793	0.228973	
0.352795	0.419834	
0.153282	0.217051	
0.980594	0.844075	
0.373829	0.937372	
0.409825	0.934499	
0.123984	0.792948	
0.081983	0.886279	
0.687191	0.626737	
0.576433	0.109282	
0.695609	0.104234	
0.855755	0.675550	
0.972593	0.372416	
0.197865	0.520109	
0.467634	0.521024	
0.849189	0.312951	
0.769165	0.349727	
0.859213	0.786577	
0.995690	0.557874	
0.186901	0.240911	
0.994895	0.207755	
0.737877	0.505180	
0.562312	0.780151	
0.004308	0.410421	
0.953519	0.801929	
0.013420	0.552166	
0.258459	0.917080	
0.356720	0.390109	
0.554770	0.022663	
0.890757	0.957454	
0.934960	0.874750	
0.926058	0.256766	
0.457928	0.393090	
0.667326	0.741655	
0.992985	0.098165	
0.866800	0.303176	
0.485464	0.193462	
0.516356	0.393515	
0.809576	0.548661	
0.342756	0.704757	
0.854455	0.829109	
0.837686	0.987699	
0.264766	0.914036	
0.203469	0.696814	
0.346034	0.797959	
0.301057	0.869145	
0.711802	0.260058	
0.786657	0.337889	
0.893927	0.232841	
0.362586	0.977810	
0.051333	0.748424	
0.767529	0.858024	
0.807727	0.460092	
0.759982	0.017482	
0.815168	0.523445	
0.546223	0.364380	
0.132920	0.990577	
0.633316	0.146932	
0.482514	0.618077	
0.024991	0.018182	
0.579320	0.628928	
0.397043	0.099630	
0.476466	0.958792	
0.418867	0.894039	
0.119873	0.701760	
0.488255	0.101941	
0.322571	0.454863	
0.879529	0.237340	
0.975096	0.433508	
0.970389	0.335470	
0.239977	0.296936	
0.606129	0.205936	
0.160871	0.758390	
0.261317	0.948087	
0.496351	0.167213	
0.354494	0.983437	
0.620233	0.248464	
0.938370	0.185303	
0.395721	0.885475	
0.170120	0.213617	
0.267969	0.752084	
0.277297	0.533302	
0.205243	0.524617	
0.243441	0.512672	
0.473293	0.634999	
0.430022	0.372062	
0.243532	0.044738	
0.916087	0.666056	
0.403896	0.288156	
0.036970	0.357675	
0.436467	0.692573	
0.081127	0.504339	
0.427717	0.640933	
0.169107	0.181865	
0.601874	0.694318	
0.401555	0.938478	
0.004997	0.983767	
0.167727	0.994994	
0.858454	0.030464	
0.001711	0.754887	
0.382030	0.781093	
0.825650	0.705278	
0.603366	0.765567	
0.892840	0.962574	
0.973055	0.133412	
0.250864	0.271047	
0.495005	0.553702	
0.069433	0.965486	
0.929053	0.592686	
0.265394	0.471213	
0.682802	0.850450	
0.516589	0.310918	
0.602516	0.481027	
0.621139	0.485004	
0.466621	0.494265	
0.104202	0.331381	
0.512207	0.660401	
0.354927	0.260191	
0.035666	0.431303	
0.906129	0.310701	
0.954230	0.746471	
0.933382	0.350058	
0.420599	0.012680	
0.115220	0.507018	
0.454737	0.762879	
0.710999	0.760103	
0.046679	0.538264	
0.604568	0.976477	
0.655394	0.213874	
0.577536	0.640512	
0.081148	0.852495	
0.886223	0.743691	
0.220226	0.332421	
0.001278	0.474070	
0.698485	0.439092	
0.818473	0.073684	
0.405039	0.488415	
0.798790	0.271299	
0.714811	0.835237	
0.835844	0.026317	
0.302586	0.568852	
0.687475	0.391525	
0.360308	0.696698	
0.399726	0.191577	
0.835902	0.002437	
0.958599	0.175846	
0.449229	0.186909	
0.387945	0.195321	
0.764943	0.397906	
0.603269	0.148546	
0.607356	0.835744	
0.351998	0.028956	
0.655458	0.288802	
0.898124	0.764699	
0.300817	0.834252	
0.273587	0.180595	
0.252493	0.655874	
0.266456	0.333907	
0.978940	0.036484	
0.194137	0.868872	
0.137493	0.842870	
0.121572	0.260683	
0.295608	0.281371	
0.007568	0.201283	
0.963828	0.052762	
0.774290	0.493376	
0.168023	0.960363	
0.824301	0.026682	
0.450059	0.133758	
0.067163	0.814448	
0.435485	0.196293	
0.098959	0.207112	
0.935351	0.447726	
0.937430	0.386611	
0.771224	0.957431	
0.539963	0.162583	
0.525447	0.184607	
0.695456	0.522956	
0.325545	0.439395	
0.903382	0.147707	
0.516949	0.358878	
0.664446	0.339044	
0.307635	0.424758	
0.900162	0.021203	
0.354863	0.177030	
0.337324	0.410316	
0.186521	0.857811	
0.221802	0.818631	
0.735432	0.406786	
0.858494	0.708658	
0.408742	0.734082	
0.709212	0.726051	
0.733942	0.356496	
0.625406	0.195615	
0.705738	0.335098	
0.998776	0.435479	
0.097102	0.989032	
0.665259	0.003579	
0.155759	0.848703	
0.143145	0.839802	
0.554783	0.242200	
0.657252	0.442347	
0.529811	0.528527	
0.950194	0.905295	
0.292101	0.336570	
0.737750	0.358431	
0.141638	0.507089	
0.649072	0.955501	
0.105587	0.604835	
0.458177	0.585935	
0.801181	0.447730	
0.004111	0.088566	
0.528569	0.656555	
0.716826	0.694850	
0.345577	0.111995	
0.300833	0.106430	
0.763245	0.866885	
0.728131	0.702089	
0.010079	0.404525	
0.857198	0.927590	
0.008980	0.920621	
0.880664	0.324712	
0.435860	0.495965	
0.679231	0.843501	
0.727390	0.247369	
0.536322	0.962496	
0.668908	0.334084	
0.958000	0.106314	
0.826399	0.289688	
0.789810	0.343391	
0.372466	0.041970	
0.396711	0.524054	
0.772352	0.926812	
0.937033	0.719202	
0.624900	0.693768	
0.154176	0.228755	
0.691267	0.123340	
0.981320	0.046082	
0.492407	0.883548	
0.785356	0.473909	
0.982837	0.536598	
0.594540	0.440358	
0.099631	0.497229	
0.928544	0.039787	
0.692839	0.551354	
0.600482	0.297622	
0.130035	0.495936	
0.195116	0.310540	
0.248975	0.526159	
0.153317	0.804107	
0.630083	0.799293	
0.720224	0.807850	
0.538392	0.751161	
0.766396	0.816350	
0.396107	0.377111	
0.109260	0.337349	
0.830444	0.266526	
0.507111	0.019533	
0.296703	0.683513	
0.808829	0.995360	
0.019019	0.658089	
0.509103	0.499481	
0.776795	0.599407	
0.230527	0.461484	
0.165702	0.952072	
0.470647	0.156929	
0.500074	0.743074	
0.844197	0.426732	
0.088429	0.219469	
0.616003	0.166960	
0.101277	0.167084	
0.174702	0.210221	
0.181500	0.472371	
0.140173	0.891687	
0.576258	0.163397	
0.214463	0.482933	
0.652848	0.423552	
0.640063	0.543650	
0.124112	0.956470	
0.388137	0.421546	
0.929660	0.801848	
0.653902	0.122988	
0.057940	0.802663	
0.359909	0.989852	
0.434488	0.432695	
0.312099	0.454500	
0.789079	0.056758	
0.935785	0.735446	
0.637304	0.172506	
0.307818	0.489728	
0.860292	0.933086	
0.378177	0.015312	
0.352833	0.069963	
0.865806	0.595561	
0.588403	0.285720	
0.094478	0.886596	
0.022991	0.407635	
0.128157	0.927023	
0.480594	0.346615	
0.557841	0.631299	
0.241793	0.817467	
0.176240	0.058926	
0.373584	0.817962	
0.495036	0.073162	
0.627046	0.757536	
0.914259	0.952534	
0.243468	0.963525	
0.970655	0.790795	
0.888171	0.494307	
0.825379	0.143945	
0.275831	0.894107	
0.257553	0.692334	
0.055916	0.778368	
0.032038	0.456983	
0.520165	0.406908	
0.897130	0.066327	
0.749884	0.296395	
0.517515	0.871783	
0.056707	0.074540	
0.791087	0.805229	
0.477389	0.469944	
0.345028	0.882546	
0.944183	0.884493	
0.670271	0.250218	
0.414715	0.115258	
0.142230	0.456236	
0.957645	0.131656	
0.747393	0.431119	
0.820450	0.301583	
0.710664	0.134908	
0.392989	0.968542	
0.280898	0.057355	
0.959180	0.943014	
0.241151	0.028113	
0.496883	0.117801	
0.888215	0.232138	
0.550356	0.835694	
0.517018	0.525414	
0.634844	0.823528	
0.027099	0.447028	
0.204802	0.115339	
0.498641	0.664912	
0.182850	0.161970	
0.235610	0.904579	
0.264020	0.382258	
0.608649	0.564782	
0.288545	0.578234	
0.377929	0.853546	
0.555535	0.872622	
0.154354	0.223860	
0.413563	0.746512	
0.634906	0.871236	
0.859260	0.575905	
0.239313	0.132644	
0.345956	0.480640	
0.123633	0.892523	
0.638897	0.944191	
0.014332	0.882177	
0.742513	0.420404	
0.723727	0.675131	
0.926419	0.323297	
0.659029	0.302536	
0.730585	0.938063	
0.016675	0.261978	
0.063433	0.119197	
0.336824	0.993808	
0.923001	0.871901	
0.035331	0.800449	
0.150618	0.438331	
0.026515	0.636635	
0.929676	0.065941	
0.265025	0.268980	
0.747992	0.500322	
0.918692	0.463381	
0.045494	0.610614	
0.589180	0.348603	
0.975138	0.151397	
0.537082	0.744859	
0.840628	0.437322	
0.075413	0.467447	
0.384755	0.579808	
0.836583	0.443149	
0.001911	0.125516	
0.550477	0.858834	
0.429867	0.768017	
0.069897	0.752700	
0.633642	0.621454	
0.770707	0.274137	
0.416321	0.102450	
0.873279	0.196836	
0.229898	0.897623	
0.353098	0.511490	
0.612879	0.660749	
0.207470	0.955089	
0.184392	0.082655	
0.180731	0.552319	
0.824146	0.424015	
0.427074	0.828257	
0.507142	0.536880	
0.339112	0.462126	
0.958500	0.508055	
0.878113	0.448355	
0.503482	0.029796	
0.781296	0.237235	
0.210969	0.763758	
0.485924	0.926533	
0.242527	0.144664	
0.373277	0.667836	
0.316624	0.502102	
0.825034	0.342492	
0.259614	0.336924	
0.674262	0.322257	
0.179866	0.015707	
0.983365	0.410229	
0.717191	0.821927	
0.123007	0.384214	
0.481513	0.790186	
0.655201	0.967848	
0.622214	0.555105	
0.645682	0.976942	
0.468897	0.753893	
0.684581	0.751618	
0.449222	0.069921	
0.161088	0.406965	
0.862771	0.593241	
0.601352	0.925623	
0.937568	0.713070	
0.562589	0.439901	
0.419529	0.018808	
0.114216	0.620179	
0.342327	0.493259	
0.201100	0.883447	
0.094727	0.075527	
0.387952	0.311050	
0.814216	0.533805	
0.662770	0.177685	
0.356844	0.484484	
0.724566	0.784909	
0.959311	0.134022	
0.508017	0.249272	
0.518616	0.371449	
0.950346	0.466537	
0.085573	0.223101	
0.662623	0.699012	
0.287037	0.234102	
0.558585	0.138682	
0.833327	0.727710	
0.621268	0.643173	
0.800928	0.195492	
0.629981	0.093700	
0.821592	0.495590	
0.373792	0.319879	
0.209879	0.430183	
0.087225	0.990684	
0.421141	0.113104	
0.939895	0.819613	
0.241636	0.178870	
0.263269	0.769391	
0.150807	0.606007	
0.157039	0.357162	
0.818671	0.408680	
0.681936	0.295125	
0.168956	0.644806	
0.260167	0.628233	
0.705590	0.848661	
0.443483	0.624618	
0.950190	0.837706	
0.331762	0.929008	
0.835210	0.380568	
0.210105	0.229784	
0.973377	0.551740	
0.097738	0.680894	
0.778388	0.369205	
0.236434	0.753050	
0.513241	0.042485	
0.047033	0.478995	
0.467263	0.285975	
0.376433	0.709707	
0.051265	0.609163	
0.206322	0.658088	
0.483973	0.131643	
0.528106	0.873833	
0.514927	0.383537	
0.105439	0.117466	
0.249887	0.858040	
0.074903	0.897103	
0.614471	0.415685	
0.423118	0.352148	
0.555331	0.448084	
0.953623	0.536659	
0.627238	0.983041	
0.977500	0.840786	
0.098288	0.923382	
0.276993	0.429609	
0.440528	0.959934	
0.612662	0.005647	
0.903501	0.135096	
0.565181	0.996370	
0.985696	0.587476	
0.708615	0.699376	
0.412040	0.154019	
0.595393	0.777077	
0.333765	0.595481	
0.255408	0.638106	
0.640396	0.137477	
0.574348	0.060061	
0.442078	0.009582	
0.037456	0.517885	
0.100501	0.115392	
0.393078	0.461030	
0.537097	0.992297	
0.539338	0.655189	
0.757984	0.436425	
0.998390	0.942394	
0.823471	0.078316	
0.252510	0.927198	
0.418496	0.659217	
0.461713	0.011071	
0.071209	0.811627	
0.019497	0.690668	
0.054888	0.510705	
0.422395	0.187990	
0.553496	0.609247	
0.610130	0.459609	
0.655010	0.747156	
0.454713	0.364126	
0.860693	0.668937	
0.822458	0.047518	
0.634025	0.053281	
0.498070	0.061996	
0.974487	0.209664	
0.816991	0.168111	
0.437191	0.873386	
0.995375	0.271302	
0.778690	0.446664	
0.086484	0.528693	
0.748778	0.713730	
0.665632	0.285344	
0.777572	0.660114	
0.543682	0.668006	
0.175057	0.180003	
0.312464	0.588824	
0.370502	0.019505	
0.826487	0.761664	
0.285467	0.836784	
0.830628	0.371216	
0.021517	0.628427	
0.969436	0.315526	
0.042209	0.406434	
0.936742	0.825099	
0.442151	0.239613	
0.173929	0.228348	
0.848484	0.478260	
0.113597	0.228138	
0.310324	0.611921	
0.548329	0.759197	
0.832100	0.105047	
0.524141	0.240266	
0.154357	0.271264	
0.137945	0.447949	
0.678755	0.842393	
0.095051	0.525146	
0.122903	0.630974	
0.780827	0.352724	
0.228598	0.049625	
0.042171	0.761314	
0.408403	0.033996	
0.370427	0.769000	
0.587159	0.387678	
0.708738	0.754823	
0.312878	0.535392	
0.338191	0.969406	
0.803830	0.970082	
0.174864	0.932467	
0.970350	0.671590	
0.415560	0.319876	
0.150038	0.692255	
0.728932	0.151775	
0.882844	0.951165	
0.236760	0.219988	
0.341317	0.516987	
0.006385	0.311810	
0.589770	0.267650	
0.389378	0.269484	
0.210481	0.548348	
0.085870	0.219377	
0.071195	0.580648	
0.944756	0.510794	
0.913545	0.951227	
0.279929	0.760232	
0.219107	0.534421	
0.018692	0.162796	
0.119621	0.466896	
0.128015	0.550891	
0.818887	0.037165	
0.625888	0.301417	
0.919069	0.789717	
0.775010	0.594336	
0.002218	0.286224	
0.567978	0.008290	
0.326857	0.484367	
0.757361	0.972632	
0.027945	0.671462	
0.266290	0.544034	
0.572062	0.651676	
0.722961	0.798985	
0.537383	0.801484	
0.537085	0.791598	
0.384299	0.912306	
0.134001	0.153389	
0.009016	0.530256	
0.016672	0.201284	
0.987886	0.399923	
0.505051	0.383881	
0.894511	0.040902	
0.439451	0.856822	
0.607210	0.379720	
0.952550	0.500376	
0.822959	0.470961	
0.440025	0.505507	
0.048558	0.111951	
0.557140	0.859649	
0.123109	0.096749	
0.054163	0.324367	
0.642468	0.963670	
0.395530	0.669846	
0.107568	0.899282	
0.229615	0.144481	
0.297451	0.264793	
0.380159	0.331055	
0.038593	0.630591	
0.349085	0.072277	
0.752397	0.536609	
0.795396	0.226153	
0.954620	0.294215	
0.866925	0.408344	
0.045870	0.935447	
0.063441	0.256103	
0.327352	0.797709	
0.089758	0.569185	
0.288377	0.751921	
0.531110	0.370358	
0.609344	0.238477	
0.080273	0.142740	
0.034954	0.473362	
0.793474	0.916498	
0.583064	0.553360	
0.316754	0.692765	
0.304237	0.317017	
0.100741	0.148813	
0.102189	0.486693	
0.845036	0.514072	
0.002482	0.709735	
0.515063	0.670026	
0.133321	0.723556	
0.803229	0.871984	
0.439107	0.075820	
0.299234	0.219243	
0.822053	0.251091	
0.087263	0.635882	
0.264858	0.460260	
0.598121	0.617898	
0.017998	0.489986	
0.191663	0.285792	
0.298455	0.133773	
0.323336	0.309330	
0.908891	0.732411	
0.636174	0.179199	
0.799729	0.047639	
0.667386	0.754481	
0.561224	0.494121	
0.697672	0.776904	
0.431685	0.331336	
0.757095	0.499987	
0.286626	0.319513	
0.054298	0.592128	
0.900423	0.406224	
0.399106	0.771792	
0.502439	0.500232	
0.391110	0.391740	
0.976286	0.443265	
0.948713	0.018779	
0.618767	0.620500	
0.747406	0.646657	
0.371135	0.672157	
0.935297	0.544626	
0.528981	0.577272	
0.215201	0.880371	
0.401534	0.590228	
0.968038	0.813745	
0.612807	0.451231	
0.831540	0.686176	
0.558404	0.102716	
0.352239	0.089151	
0.355342	0.240272	
0.248163	0.883193	
0.823337	0.828430	
0.426863	0.287200	
0.971821	0.397642	
0.169623	0.860025	
0.436727	0.077359	
0.179237	0.430941	
0.833328	0.747832	
0.804921	0.304456	
0.990417	0.940059	
0.574049	0.045409	
0.182779	0.966649	
0.469227	0.303720	
0.629371	0.842088	
0.972121	0.440547	
0.280338	0.638171	
0.731932	0.581251	
0.093029	0.535310	
0.955913	0.028340	
0.303035	0.101082	
0.890926	0.798896	
0.044323	0.943026	
0.442954	0.729980	
0.780116	0.411453	
0.291432	0.094758	
0.595785	0.362419	
0.174843	0.581736	
0.235912	0.974681	
0.468548	0.888898	
0.713062	0.434824	
0.085510	0.162644	
0.555405	0.689065	
0.111462	0.338967	
0.026756	0.687274	
0.021921	0.423312	
0.603253	0.878677	
0.921345	0.053024	
0.178149	0.149075	
0.504795	0.096346	
0.284957	0.266033	
0.220379	0.915616	
0.758246	0.833530	
0.136978	0.191774	
0.144390	0.760845	
0.530083	0.098015	
0.340103	0.117501	
0.840825	0.750271	
0.810361	0.733964	
0.737499	0.148008	
0.573910	0.711460	
0.509750	0.369885	
0.661486	0.589248	
0.496661	0.384819	
0.651716	0.383584	
0.903682	0.182630	
0.459119	0.419595	
0.136516	0.420354	
0.883057	0.543618	
0.580735	0.419377	
0.466222	0.801537	
0.433134	0.684500	
0.393242	0.224560	
0.187779	0.009591	
0.194171	0.430555	
0.341472	0.125634	
0.524240	0.899777	
0.558492	0.579388	
0.770569	0.945737	
0.003584	0.229859	
0.248481	0.214336	
0.339251	0.794987	
0.347776	0.075679	
0.933487	0.108181	
0.200866	0.947863	
0.739506	0.871998	
0.665313	0.912510	
0.559861	0.584006	
0.393516	0.828453	
0.817806	0.862793	
0.968875	0.889032	
0.958667	0.309300	
0.409397	0.727696	
0.393301	0.210480	
0.529103	0.634449	
0.185890	0.250521	
0.506011	0.524117	
0.828083	0.585206	
0.561366	0.870097	
0.728623	0.974248	
0.190635	0.005873	
0.700636	0.586845	
0.110561	0.198175	
0.731805	0.453825	
0.439153	0.851788	
0.007852	0.975728	
0.065333	0.057146	
0.452669	0.015490	
0.343806	0.340306	
0.529368	0.081877	
0.112456	0.042122	
0.947278	0.899983	
0.013224	0.252906	
0.583103	0.204271	
0.183057	0.631807	
0.777059	0.035385	
0.717308	0.802499	
0.601826	0.889470	
0.318498	0.998354	
0.342730	0.266606	
0.842924	0.020751	
0.768700	0.546680	
0.053678	0.168242	
0.641159	0.966829	
0.498948	0.817653	
0.294883	0.105208	
0.226766	0.263881	
0.051033	0.710770	
0.918670	0.091049	
0.266760	0.443016	
0.767804	0.480051	
0.210808	0.050826	
0.227042	0.897647	
0.760797	0.709488	
0.360928	0.122071	
0.651169	0.195983	
0.879585	0.182351	
0.768401	0.509347	
0.597869	0.381086	
0.904849	0.793210	
0.484096	0.209051	
0.523977	0.483741	
0.229995	0.520734	
0.974981	0.499260	
0.063739	0.258116	
0.153123	0.538046	
0.938024	0.364261	
0.140421	0.048170	
0.585549	0.327146	
0.337076	0.236748	
0.030238	0.207644	
0.865951	0.033936	
0.370139	0.924298	
0.670930	0.314317	
0.728124	0.581219	
0.540479	0.835929	
0.464561	0.870376	
0.403306	0.363568	
0.493977	0.271020	
0.038775	0.689880	
0.812781	0.414696	
0.795715	0.585878	
0.846536	0.731408	
0.778120	0.862774	
0.646484	0.452925	
0.308629	0.134416	
0.128586	0.141934	
0.484425	0.736198	
0.272257	0.829987	
0.584812	0.931906	
0.550508	0.395168	
0.582950	0.645142	
0.904787	0.758713	
0.687722	0.541958	
0.690889	0.777532	
0.985787	0.116318	
0.957840	0.421040	
0.422060	0.570011	
0.177647	0.707631	
0.161882	0.751880	
0.839165	0.851433	
0.031598	0.063013	
0.063279	0.523159	
0.726345	0.686014	
0.839641	0.848182	
0.397389	0.913072	
0.008574	0.103329	
0.654160	0.463524	
0.441396	0.536774	
0.557674	0.830789	
0.075062	0.565026	
0.399533	0.958363	
0.207940	0.842942	
0.333399	0.440261	
0.468091	0.209148	
0.153842	0.622735	
0.305158	0.786657	
0.350473	0.406690	
0.246199	0.871998	
0.667528	0.137704	
0.396167	0.381994	
0.166644	0.793903	
0.131432	0.981508	
0.209758	0.407121	
0.489755	0.304134	
0.572589	0.511604	
0.522944	0.115634	
0.464379	0.813036	
0.692519	0.166874	
0.654542	0.880794	
0.508473	0.898734	
0.026596	0.990942	
0.754688	0.033315	
0.918453	0.442811	
0.321431	0.288891	
0.384758	0.630633	
0.042979	0.344111	
0.475868	0.915956	
0.471433	0.366572	
0.977338	0.118877	
0.965563	0.215192	
0.723562	0.910411	
0.281993	0.453995	
0.289376	0.546550	
0.865300	0.098072	
0.303389	0.051541	
0.255092	0.325809	
0.867476	0.668536	
0.082952	0.175090	
0.734134	0.582478	
0.712452	0.175792	
0.538216	0.793756	
0.661626	0.944015	
0.060207	0.891740	
0.468808	0.258908	
0.467828	0.778578	
0.559672	0.404998	
0.796275	0.991420	
0.803420	0.073094	
0.499062	0.742282	
0.541592	0.543621	
0.632609	0.251837	
0.618298	0.734611	
0.614384	0.945987	
0.204959	0.739904	
0.564357	0.154105	
0.045941	0.122269	
0.979786	0.269582	
0.867957	0.752659	
0.936610	0.602966	
0.049502	0.976087	
0.100622	0.159397	
0.985670	0.147423	
0.733401	0.278925	
0.891072	0.250561	
0.177224	0.599441	
0.807330	0.796470	
0.277948	0.466795	
0.416044	0.448961	
0.688289	0.072707	
0.989308	0.293163	
0.191540	0.206090	
0.762012	0.131506	
0.223780	0.071332	
0.884308	0.566545	
0.914961	0.745276	
0.856491	0.040588	
0.154836	0.333059	
0.714294	0.133841	
0.465297	0.251074	
0.792663	0.290460	
0.769319	0.951995	
0.173770	0.556207	
0.164554	0.664313	
0.116355	0.575803	
0.513254	0.262696	
0.125778	0.945946	
0.506025	0.757734	
0.231059	0.404074	
0.267803	0.972134	
0.660335	0.256042	
0.302434	0.003587	
0.283580	0.123858	
0.689267	0.513757	
0.709305	0.283631	
0.989924	0.660903	
0.798711	0.932903	
0.306123	0.013484	
0.618133	0.968279	
0.873173	0.421988	
0.353379	0.233866	
0.593480	0.622924	
0.486522	0.976773	
0.624708	0.474766	
0.398837	0.248526	
0.974707	0.893058	
0.630065	0.501343	
0.076630	0.913234	
0.727869	0.302433	
0.990172	0.827811	
0.016336	0.562941	
0.350712	0.413259	
0.649159	0.415800	
0.346864	0.735087	
0.610343	0.026462	
0.738880	0.361536	
0.335037	0.967042	
0.071944	0.158687	
0.059441	0.025885	
0.051964	0.358093	
0.470807	0.856556	
0.144716	0.242912	
0.620703	0.157605	
0.870161	0.789386	
0.211440	0.669190	
0.068803	0.373693	
0.658083	0.396709	
0.485305	0.528763	
0.924862	0.160230	
0.988609	0.557968	
0.775873	0.094962	
0.032250	0.026739	
0.404555	0.350862	
0.936653	0.325888	
0.194993	0.239699	
0.613308	0.869117	
0.245711	0.658622	
0.467299	0.887932	
0.473870	0.337459	
0.667512	0.868462	
0.233179	0.047699	
0.684806	0.535402	
0.497504	0.552621	
0.905769	0.252168	
0.184748	0.065664	
0.610558	0.641767	
0.173197	0.928465	
0.718328	0.931925	
0.859517	0.901657	
0.147886	0.528301	
0.153622	0.924267	
0.150304	0.157574	
0.350881	0.257143	
0.798312	0.232936	
0.962601	0.431680	
0.247797	0.722745	
0.168778	0.655118	
0.562021	0.883943	
0.437895	0.698435	
0.596388	0.487135	
0.270617	0.252084	
0.776127	0.368403	
0.742248	0.956423	
0.594739	0.778273	
0.440123	0.144724	
0.375209	0.135474	
0.909972	0.891991	
0.686767	0.497526	
0.911382	0.597977	
0.200137	0.706796	
0.115827	0.699659	
0.166974	0.331819	
0.875709	0.040678	
0.667157	0.906013	
0.353123	0.933433	
0.209651	0.610484	
0.412033	0.035160	
0.931005	0.399049	
0.814212	0.459447	
0.922245	0.171519	
0.721941	0.662961	
0.393337	0.814010	
0.065636	0.138870	
0.990813	0.596034	
0.543665	0.369696	
0.480724	0.527542	
0.404036	0.632803	
0.522155	0.866914	
0.218939	0.699859	
0.531045	0.271599	
0.756191	0.296083	
0.270952	0.884745	
0.916867	0.785602	
0.618143	0.135490	
0.178017	0.929697	
0.413447	0.805894	
0.656496	0.731150	
0.431198	0.144484	
0.338430	0.996652	
0.729626	0.823146	
0.607848	0.100891	
0.674696	0.607934	
0.548378	0.588613	
0.812274	0.890277	
0.889172	0.313785	
0.792046	0.918557	
0.184045	0.243150	
0.627789	0.242059	
0.283914	0.739631	
0.971460	0.334671	
0.818216	0.751000	
0.059278	0.290045	
0.781976	0.672429	
0.520141	0.011676	
0.238829	0.997556	
0.918222	0.550906	
0.078605	0.118664	
0.388505	0.606045	
0.799842	0.950315	
0.950599	0.719965	
0.453446	0.069976	
0.084420	0.840597	
0.911868	0.759855	
0.881720	0.073548	
0.120256	0.135772	
0.914661	0.703686	
0.844125	0.204136	
0.912854	0.334062	
0.585645	0.932968	
0.391985	0.092362	
0.322956	0.922183	
0.130761	0.695336	
0.511611	0.640144	
0.894012	0.654079	
0.098761	0.881899	
0.080689	0.147669	
0.879929	0.972150	
0.924851	0.970206	
0.251113	0.460746	
0.750670	0.506438	
0.703206	0.783457	
0.569229	0.034128	
0.593139	0.895446	
0.765479	0.401095	
0.202464	0.820618	
0.125016	0.151577	
0.555337	0.555932	
0.544343	0.777999	
0.826056	0.515573	
0.235087	0.115598	
0.854086	0.627854	
0.345100	0.088237	
0.998135	0.662404	
0.016345	0.706978	
0.172165	0.573609	
0.646187	0.464037	
0.071729	0.544204	
0.436592	0.797515	
0.826937	0.333770	
0.673949	0.053272	
0.337066	0.066619	
0.661799	0.859150	
0.729383	0.739730	
0.635346	0.268430	
0.509714	0.769047	
0.373952	0.013058	
0.467383	0.311236	
0.936022	0.721353	
0.780503	0.918257	
0.150805	0.581604	
0.022216	0.379767	
0.747560	0.240434	
0.967193	0.610012	
0.468769	0.598613	
0.887718	0.868755	
0.165342	0.898712	
0.647643	0.931240	
0.344987	0.193927	
0.328818	0.439009	
0.421114	0.659300	
0.852788	0.800611	
0.872387	0.203376	
0.133809	0.934364	
0.859064	0.283211	
0.924161	0.372701	
0.979753	0.714051	
0.052679	0.375679	
0.032946	0.718920	
0.888538	0.655139	
0.925290	0.341918	
0.614530	0.402958	
0.520479	0.696727	
0.893523	0.436782	
0.998100	0.073861	
0.374676	0.186749	
0.682244	0.477356	
0.915375	0.708898	
0.445020	0.454485	
0.530817	0.441287	
0.715758	0.739742	
0.851237	0.738316	
0.882527	0.632936	
0.758196	0.002213	
0.193122	0.794450	
0.327377	0.224888	
0.685311	0.018881	
0.329878	0.253273	
0.761418	0.159600	
0.403320	0.594900	
0.487919	0.453134	
0.819374	0.223883	
0.808411	0.959462	
0.679016	0.229041	
0.499154	0.285815	
0.687246	0.536475	
0.528927	0.671934	
0.186944	0.967910	
0.671574	0.141739	
0.207282	0.786631	
0.900089	0.801596	
0.426723	0.932856	
0.511316	0.693409	
0.119638	0.754132	
0.696378	0.021821	
0.737379	0.127545	
0.646986	0.885877	
0.933043	0.647108	
0.938984	0.504082	
0.102490	0.545392	
0.399007	0.103758	
0.853653	0.337912	
0.288494	0.710430	
0.204904	0.824211	
0.511607	0.575803	
0.521855	0.822725	
0.536027	0.002440	
0.017219	0.393880	
0.933092	0.476398	
0.814553	0.199627	
0.129119	0.094635	
0.533349	0.998336	
0.037917	0.264371	
0.282440	0.974063	
0.083105	0.743250	
0.807010	0.424114	
0.084041	0.482611	
0.243536	0.108210	
0.687548	0.625219	
0.056466	0.030451	
0.795971	0.889512	
0.029320	0.786425	
0.440513	0.706188	
0.894495	0.769890	
0.548923	0.755725	
0.470442	0.715823	
0.833845	0.439406	
0.095543	0.795020	
0.894425	0.595567	
0.698426	0.443946	
0.394097	0.590151	
0.664814	0.535877	
0.481371	0.407213	
0.029467	0.259346	
0.830046	0.586658	
0.952629	0.832197	
0.739905	0.584244	
0.391625	0.039064	
0.552254	0.741337	
0.644875	0.408327	
0.747904	0.028777	
0.657615	0.528281	
0.813089	0.583567	
0.007130	0.831684	
0.115614	0.123986	
0.840016	0.150241	
0.096686	0.009085	
0.688903	0.396980	
0.035603	0.388016	
0.392818	0.098831	
0.057044	0.742655	
0.798008	0.114538	
0.038382	0.084597	
0.813420	0.146080	
0.174675	0.758381	
0.110377	0.110305	
0.892107	0.640769	
0.405553	0.136569	
0.317764	0.663535	
0.027887	0.698112	
0.174655	0.421323	
0.172455	0.455894	
0.206875	0.954155	
0.490276	0.066083	
0.651003	0.405225	
0.608938	0.414141	
0.469759	0.236762	
0.255371	0.023657	
0.608649	0.563631	
0.952490	0.504252	
0.956360	0.536763	
0.368534	0.957063	
0.361240	0.367288	
0.013707	0.371707	
0.280700	0.719330	
0.777159	0.717045	
0.373385	0.473684	
0.214323	0.118540	
0.297824	0.522085	
0.683308	0.364624	
0.240168	0.495644	
0.283983	0.901565	
0.597639	0.523226	
0.851402	0.506135	
0.615917	0.721946	
0.753301	0.734025	
0.766244	0.264108	
0.871092	0.436701	
0.632039	0.679091	
0.488109	0.640822	
0.292023	0.027219	
0.465793	0.588027	
0.974567	0.548270	
0.777199	0.391208	
0.038455	0.316138	
0.336686	0.688370	
0.442134	0.945326	
0.090019	0.957023	
0.686224	0.364599	
0.810273	0.256479	
0.639240	0.708468	
0.226055	0.314080	
0.737678	0.146102	
0.543641	0.975865	
0.367687	0.712124	
0.670747	0.252649	
0.276940	0.534781	
0.067521	0.825421	
0.849828	0.063557	
0.204932	0.288902	
0.567778	0.641808	
0.873438	0.877446	
0.237715	0.276528	
0.609783	0.617976	
0.323788	0.912249	
0.161645	0.767052	
0.848181	0.379216	
0.482328	0.493016	
0.117723	0.568635	
0.040293	0.203797	
0.212901	0.231420	
0.473885	0.583238	
0.480211	0.898000	
0.681922	0.070023	
0.879094	0.924529	
0.565073	0.176950	
0.001473	0.751409	
0.936497	0.701393	
0.313117	0.550954	
0.878069	0.703723	
0.472167	0.717021	
0.973144	0.631199	
0.558145	0.750793	
0.581302	0.949296	
0.821635	0.223004	
0.021973	0.300945	
0.987740	0.948297	
0.029839	0.505493	
0.823385	0.638248	
0.036416	0.036704	
0.876922	0.421999	
0.533510	0.707598	
0.605576	0.914361	
0.657258	0.541406	
0.403595	0.225090	
0.084913	0.140219	
0.658522	0.780278	
0.128471	0.213039	
0.549622	0.492884	
0.902093	0.483887	
0.684790	0.268750	
0.873524	0.323689	
0.237124	0.339622	
0.026311	0.208545	
0.010789	0.333923	
0.251540	0.629183	
0.683115	0.111617	
0.953139	0.410289	
0.732599	0.797636	
0.868720	0.569630	
0.768429	0.992939	
0.317798	0.233944	
0.896500	0.480810	
0.972220	0.095887	
0.574832	0.208657	
0.904035	0.114102	
0.712611	0.847996	
0.274448	0.652545	
0.328069	0.858488	
0.608950	0.617321	
0.322277	0.506531	
0.271446	0.193908	
0.008085	0.888913	
0.959405	0.718244	
0.518631	0.634196	
0.936970	0.648414	
0.887802	0.284796	
0.560426	0.080867	
0.133312	0.573039	
0.068488	0.070428	
0.679770	0.896310	
0.276162	0.457184	
0.895819	0.022614	
0.073489	0.123927	
0.849190	0.334724	
0.707291	0.443733	
0.823880	0.945031	
0.140146	0.435996	
0.788543	0.043512	
0.310532	0.110535	
0.754224	0.250773	
0.741924	0.510420	
0.630246	0.548008	
0.369874	0.464269	
0.968525	0.998147	
0.860145	0.450100	
0.831048	0.426398	
0.470629	0.868989	
0.093310	0.267665	
0.647194	0.387301	
0.361004	0.400994	
0.504205	0.172893	
0.814943	0.742151	
0.326957	0.164172	
0.238982	0.565356	
0.940360	0.634697	
0.352289	0.918190	
0.021703	0.756447	
0.597988	0.383885	
0.950986	0.217581	
0.887456	0.476174	
0.055595	0.389208	
0.426500	0.188173	
0.625823	0.214898	
0.791016	0.614047	
0.294495	0.584300	
0.336299	0.176244	
0.137065	0.646860	
0.781499	0.657953	
0.221260	0.715562	
0.450985	0.699592	
0.047850	0.217341	
0.848267	0.823713	
0.148810	0.056123	
0.255272	0.352109	
0.899395	0.134522	
0.915964	0.610452	
0.872303	0.794676	
0.121170	0.510001	
0.587218	0.377080	
0.584377	0.624050	
0.403905	0.436779	
0.939567	0.302743	
0.202472	0.942412	
0.116076	0.881601	
0.068690	0.479680	
0.987201	0.886316	
0.318779	0.726241	
0.925934	0.174928	
0.011668	0.110570	
0.356284	0.058201	
0.192544	0.089119	
0.815519	0.421335	
0.371065	0.490343	
0.203137	0.118553	
0.524460	0.593354	
0.502229	0.955145	
0.113829	0.115761	
0.601979	0.466036	
0.662959	0.360106	
0.304562	0.765438	
0.710410	0.861123	
0.895329	0.792224	
0.910108	0.188185	
0.821506	0.054215	
0.190887	0.243296	
0.073732	0.220836	
0.592838	0.830760	
0.585100	0.773338	
0.483943	0.625504	
0.847809	0.122042	
0.152246	0.793526	
0.795900	0.695091	
0.389783	0.080178	
0.550630	0.434250	
0.438273	0.055787	
0.610159	0.934748	
0.314128	0.546267	
0.104222	0.663109	
0.872895	0.747587	
0.699419	0.132316	
0.839737	0.464406	
0.266018	0.968159	
0.847318	0.865527	
0.915728	0.647218	
0.794076	0.037543	
0.987615	0.844812	
0.750058	0.218652	
0.886078	0.320616	
0.594865	0.902248	
0.085834	0.606298	
0.058561	0.237733	
0.586672	0.189251	
0.745684	0.711216	
0.412333	0.076281	
0.051104	0.899181	
0.537186	0.492409	
0.913343	0.549715	
0.063370	0.063889	
0.781470	0.172163	
0.539212	0.537608	
0.578646	0.304399	
0.032196	0.110968	
0.036426	0.216507	
0.826066	0.698671	
0.561641	0.502111	
0.973923	0.717373	
0.895264	0.697033	
0.038187	0.801818	
0.156645	0.738080	
0.918189	0.007881	
0.460713	0.198989	
0.407752	0.084044	
0.535658	0.806664	
0.601084	0.418143	
0.721554	0.161831	
0.898860	0.141022	
0.160551	0.377769	
0.163506	0.044683	
0.989304	0.224260	
0.132853	0.856834	
0.806250	0.648748	
0.507104	0.890531	
0.159341	0.040988	
0.878705	0.392986	
0.914751	0.221680	
0.781975	0.656824	
0.233792	0.334664	
0.690466	0.659684	
0.313604	0.743941	
0.422360	0.601631	
0.610871	0.902903	
0.083596	0.005415	
0.013811	0.117465	
0.231261	0.798104	
0.734236	0.309789	
0.628446	0.292822	
0.456932	0.654122	
0.829885	0.878992	
0.218678	0.325693	
0.929714	0.701418	
0.738808	0.154326	
0.762754	0.601699	
0.747745	0.345084	
0.823909	0.440879	
0.848252	0.566789	
0.026301	0.044606	
0.688741	0.669239	
0.907226	0.753861	
0.145039	0.668042	
0.773915	0.188476	
0.720508	0.579619	
0.653974	0.338525	
0.586430	0.132069	
0.687848	0.667796	
0.642594	0.073174	
0.827870	0.017180	
0.746827	0.914919	
0.050780	0.456247	
0.135507	0.459430	
0.633945	0.714017	
0.488687	0.368052	
0.846612	0.014463	
0.083108	0.799295	
0.749111	0.313826	
0.477636	0.628798	
0.210269	0.994707	
0.037786	0.066781	
0.392294	0.288828	
0.336612	0.432356	
0.600204	0.625193	
0.623598	0.806927	
0.021206	0.409366	
0.206186	0.372788	
0.449835	0.377562	
0.689584	0.840509	
0.432520	0.355602	
0.608114	0.566962	
0.924273	0.251413	
0.494259	0.016038	
0.558197	0.618252	
0.966665	0.731998	
0.684957	0.078064	
0.020267	0.632117	
0.995228	0.803327	
0.521039	0.108758	
0.895233	0.175281	
0.940002	0.617409	
0.786951	0.277431	
0.785074	0.731497	
0.265498	0.224797	
0.171151	0.534547	
0.123798	0.670900	
0.816764	0.344781	
0.728465	0.316992	
0.691578	0.353249	
0.055944	0.257796	
0.773864	0.327810	
0.509946	0.662337	
0.898966	0.925427	
0.644710	0.635624	
0.934934	0.442046	
0.464827	0.349712	
0.609434	0.758068	
0.851832	0.738914	
0.920519	0.158480	
0.565969	0.240316	
0.993085	0.781406	
0.093509	0.606637	
0.745287	0.041514	
0.725437	0.420258	
0.280827	0.864553	
0.547965	0.647069	
0.291845	0.038994	
0.365213	0.141933	
0.474447	0.025518	
0.875472	0.051068	
0.306584	0.758944	
0.568623	0.842654	
0.480033	0.911700	
0.939638	0.502839	
0.206906	0.462517	
0.527305	0.409786	
0.270322	0.301131	
0.102886	0.197187	
0.127443	0.934803	
0.232427	0.401101	
0.299097	0.917688	
0.583930	0.104756	
0.632418	0.045005	
0.404220	0.720658	
0.098778	0.168759	
0.335238	0.349544	
0.783215	0.489703	
0.435907	0.296524	
0.679581	0.711909	
0.049385	0.008084	
0.871491	0.156288	
0.740796	0.563438	
0.694326	0.533821	
0.927098	0.734942	
0.170996	0.934040	
0.405243	0.912468	
0.844179	0.110970	
0.064828	0.567140	
0.917781	0.140000	
0.973946	0.104998	
0.698835	0.317431	
0.061920	0.697553	
0.767226	0.763832	
0.729886	0.200270	
0.930463	0.289883	
0.061828	0.135707	
0.823148	0.654524	
0.592259	0.104837	
0.997321	0.972182	
0.461200	0.386365	
0.639449	0.212936	
0.822217	0.998436	
0.717800	0.061369	
0.431218	0.472980	
0.374012	0.018840	
0.651613	0.662401	
0.981776	0.704567	
0.663457	0.715976	
0.413299	0.321311	
0.275659	0.998750	
0.984367	0.258993	
0.898261	0.071655	
0.300015	0.348259	
0.197024	0.380865	
0.194970	0.856261	
0.182454	0.497566	
0.599797	0.793360	
0.999883	0.031050	
0.854797	0.568647	
0.258461	0.951179	
0.466863	0.562497	
0.893395	0.289516	
0.895932	0.930847	
0.748532	0.569190	
0.383006	0.175317	
0.555061	0.909103	
0.298011	0.673999	
0.896727	0.296032	
0.407797	0.845167	
0.717093	0.179853	
0.785064	0.564748	
0.721384	0.297803	
0.171440	0.395786	
0.979374	0.338307	
0.925106	0.255558	
0.161624	0.421729	
0.006355	0.805585	
0.462558	0.204200	
0.981545	0.819033	
0.492391	0.608482	
0.758254	0.969255	
0.265300	0.899271	
0.054978	0.010277	
0.720292	0.945750	
0.212023	0.475771	
0.285027	0.443299	
0.529085	0.334997	
0.287040	0.279683	
0.634663	0.784079	
0.011695	0.564101	
0.839569	0.631017	
0.509039	0.417759	
0.281407	0.609800	
0.902543	0.037765	
0.721764	0.680442	
0.183805	0.204196	
0.921462	0.003434	
0.710332	0.551419	
0.704172	0.019581	
0.103781	0.254840	
0.096470	0.372915	
0.574843	0.386261	
0.891061	0.065679	
0.860054	0.934915	
0.115264	0.236021	
0.805089	0.131826	
0.594837	0.429966	
0.438008	0.603131	
0.816350	0.398792	
0.494573	0.281886	
0.654345	0.569606	
0.369527	0.643415	
0.870131	0.295370	
0.283177	0.350042	
0.155176	0.040133	
0.516323	0.846444	
0.186647	0.981034	
0.239885	0.742095	
0.388372	0.363391	
0.515112	0.489635	
0.296646	0.735317	
0.479645	0.388155	
0.720936	0.776208	
0.727843	0.856048	
0.600888	0.122654	
0.447412	0.650788	
0.794560	0.176529	
0.921168	0.065996	
0.202851	0.310595	
0.178145	0.086981	
0.883984	0.123720	
0.354810	0.290772	
0.998195	0.663631	
0.645582	0.295846	
0.283542	0.486291	
0.094894	0.881789	
0.234958	0.933403	
0.698769	0.218288	
0.763416	0.730498	
0.484048	0.400243	
0.882799	0.207324	
0.490761	0.223351	
0.856829	0.720442	
0.468439	0.050351	
0.250485	0.899350	
0.372469	0.081533	
0.320230	0.108958	
0.248769	0.065198	
0.775720	0.529737	
0.286044	0.537099	
0.026765	0.831757	
0.341028	0.653165	
0.743339	0.294647	
0.126884	0.543684	
0.699687	0.640023	
0.870347	0.928198	
0.230601	0.717288	
0.456112	0.870861	
0.553515	0.922309	
0.253194	0.428103	
0.118937	0.969420	
0.041125	0.195819	
0.128233	0.204467	
0.472988	0.514120	
0.808324	0.498091	
0.417063	0.580860	
0.511921	0.856176	
0.752138	0.177557	
0.193534	0.729850	
0.590642	0.925993	
0.168916	0.968452	
0.764516	0.216289	
0.161189	0.104004	
0.990601	0.028884	
0.461358	0.042314	
0.171695	0.679471	
0.872336	0.355357	
0.488313	0.075283	
0.282669	0.821968	
0.820486	0.900355	
0.272222	0.231293	
0.338632	0.391574	
0.191367	0.299807	
0.862074	0.873136	
0.790541	0.621556	
0.485261	0.783536	
0.896675	0.421451	
0.323048	0.461622	
0.482151	0.506606	
0.533910	0.422975	
0.947003	0.283043	
0.109705	0.805631	
0.238628	0.622810	
0.560899	0.024765	
0.224420	0.820358	
0.749442	0.873444	
0.976199	0.981526	
0.504484	0.857147	
0.074978	0.150802	
0.521216	0.076642	
0.129101	0.803142	
0.408430	0.478111	
0.613753	0.348614	
0.147546	0.797332	
0.766725	0.348615	
0.170101	0.889238	
0.421264	0.178295	
0.605279	0.929613	
0.003848	0.666409	
0.337521	0.714539	
0.256835	0.624393	
0.179648	0.351362	
0.333267	0.220351	
0.432173	0.537534	
0.337173	0.859679	
0.626752	0.816491	
0.767857	0.377657	
0.279730	0.425228	
0.810672	0.972106	
0.189877	0.256521	
0.355306	0.626857	
0.579404	0.049250	
0.743297	0.597896	
0.843757	0.024270	
0.913042	0.503945	
0.809825	0.734195	
0.620317	0.675462	
0.486358	0.214910	
0.991575	0.401406	
0.436482	0.952581	
0.029525	0.224353	
0.702400	0.234095	
0.431195	0.098105	
0.845498	0.279513	
0.768944	0.644497	
0.055710	0.314495	
0.722383	0.097433	
0.558277	0.955301	
0.750853	0.589636	
0.014845	0.500136	
0.788700	0.687307	
0.564593	0.122004	
0.520689	0.220174	
0.468820	0.464045	
0.204793	0.949678	
0.238280	0.767058	
0.935508	0.077856	
0.526513	0.111188	
0.734558	0.715236	
0.964121	0.976308	
0.802198	0.534753	
0.590066	0.231117	
0.391542	0.653609	
0.206846	0.464780	
0.563921	0.820891	
0.716904	0.002636	
0.309976	0.761334	
0.737878	0.511801	
0.843281	0.022254	
0.022320	0.131504	
0.192991	0.601674	
0.332971	0.236926	
0.008649	0.359837	
0.782971	0.386791	
0.802776	0.251206	
0.017121	0.749833	
0.447626	0.244391	
0.474591	0.449900	
0.467642	0.667330	
0.816600	0.598844	
0.774731	0.900463	
0.082242	0.238632	
0.692707	0.324885	
0.335897	0.428748	
0.964555	0.273935	
0.028912	0.916986	
0.777726	0.246737	
0.914201	0.982597	
0.502308	0.284735	
0.542505	0.881528	
0.838291	0.160931	
0.763288	0.581776	
0.915851	0.714640	
0.947730	0.495060	
0.465114	0.171014	
0.227677	0.571516	
0.468551	0.938478	
0.004950	0.194540	
0.634096	0.243093	
0.661850	0.716708	
0.719443	0.681698	
0.306252	0.172935	
0.524638	0.588780	
0.617574	0.558135	
0.572070	0.784372	
0.946159	0.087223	
0.950370	0.869994	
0.990089	0.433066	
0.535573	0.382867	
0.852052	0.431113	
0.713604	0.547700	
0.186806	0.643307	
0.054664	0.737730	
0.027798	0.196240	
0.204648	0.515599	
0.670789	0.955802	
0.157978	0.139348	
0.029974	0.765099	
0.018965	0.740056	
0.126554	0.995188	
0.116321	0.002458	
0.317970	0.128002	
0.334413	0.483667	
0.993953	0.363239	
0.959630	0.507975	
0.535633	0.376941	
0.255750	0.396717	
0.618761	0.511127	
0.506816	0.062280	
0.735542	0.250014	
0.980669	0.096114	
0.394562	0.410001	
0.881980	0.438838	
0.557735	0.849516	
0.822793	0.687395	
0.052605	0.138588	
0.249387	0.452457	
0.438135	0.736223	
0.703584	0.140567	
0.505329	0.057977	
0.418497	0.673845	
0.305839	0.237418	
0.288306	0.553594	
0.254217	0.617056	
0.853044	0.115688	
0.363417	0.953373	
0.342696	0.683479	
0.225405	0.379405	
0.664671	0.125355	
0.842623	0.967977	
0.788835	0.950223	
0.400657	0.844863	
0.619833	0.539200	
0.327955	0.944377	
0.149028	0.712462	
0.342212	0.557743	
0.985327	0.398031	
0.706551	0.008345	
0.248459	0.848148	
0.817682	0.777567	
0.566754	0.429408	
0.052117	0.937633	
0.799628	0.348331	
0.393598	0.193294	
0.692680	0.874931	
0.965382	0.167564	
0.251170	0.419922	
0.627371	0.227910	
0.487424	0.137773	
0.550228	0.681158	
0.216245	0.425056	
0.922727	0.265206	
0.314776	0.440541	
0.179166	0.249183	
0.021932	0.610996	
0.010951	0.049908	
0.810159	0.344145	
0.038396	0.326017	
0.359571	0.303454	
0.155294	0.029354	
0.344398	0.295581	
0.832028	0.897000	
0.877315	0.025153	
0.754593	0.451566	
0.473781	0.829169	
0.836518	0.366373	
0.638405	0.678473	
0.089376	0.144010	
0.368134	0.228585	
0.825556	0.115296	
0.780940	0.255126	
0.907989	0.568923	
0.881638	0.690315	
0.131579	0.451127	
0.090345	0.422145	
0.997533	0.538666	
0.362795	0.487295	
0.963216	0.775792	
0.742386	0.277090	
0.048141	0.112805	
0.918591	0.753194	
0.934180	0.758029	
0.196953	0.182953	
0.889579	0.150041	
0.734611	0.611441	
0.487779	0.097357	
0.287454	0.243876	
0.825451	0.357165	
0.869136	0.564338	
0.825053	0.671176	
0.452103	0.493640	
0.603852	0.947927	
0.808815	0.748454	
0.264879	0.821385	
0.014741	0.758675	
0.052385	0.435854	
0.406439	0.018473	
0.474221	0.228531	
0.922941	0.862190	
0.819131	0.135412	
0.862498	0.005963	
0.226050	0.222519	
0.877094	0.319438	
0.795748	0.131955	
0.764166	0.337159	
0.632425	0.163997	
0.304751	0.943977	
0.415384	0.361837	
0.390707	0.615889	
0.242370	0.512257	
0.506697	0.062110	
0.886102	0.709031	
0.683753	0.838783	
0.433231	0.311524	
0.784019	0.014992	
0.963705	0.990577	
0.619417	0.535820	
0.527462	0.055443	
0.830377	0.146667	
0.028081	0.965191	
0.966626	0.085047	
0.376776	0.475315	
0.624412	0.493971	
0.172009	0.954217	
0.526949	0.429962	
0.376376	0.743049	
0.424438	0.529003	
0.952578	0.978293	
0.177992	0.509961	
0.910331	0.936859	
0.791271	0.891440	
0.431076	0.094672	
0.144800	0.651111	
0.214924	0.223228	
0.788398	0.598414	
0.537836	0.406985	
0.197309	0.175995	
0.950849	0.925512	
0.073132	0.123489	
0.484709	0.512224	
0.944396	0.466645	
0.910518	0.073003	
0.956047	0.278123	
0.418690	0.918211	
0.375149	0.134497	
0.489944	0.482493	
0.252195	0.633395	
0.469369	0.685652	
0.760579	0.055082	
0.763822	0.550952	
0.851819	0.525982	
0.171917	0.404479	
0.071830	0.242088	
0.770503	0.838533	
0.221157	0.989323	
0.555667	0.100492	
0.964202	0.346087	
0.677416	0.333849	
0.994805	0.685777	
0.847293	0.449383	
0.788457	0.601026	
0.449261	0.737995	
0.489760	0.388478	
0.155332	0.670161	
0.395415	0.748152	
0.187530	0.812865	
0.817573	0.944240	
0.839881	0.882683	
0.258714	0.212269	
0.610231	0.146982	
0.333671	0.010227	
0.881806	0.513279	
0.680225	0.535237	
0.734279	0.031913	
0.357082	0.484690	
0.187304	0.021584	
0.756089	0.591641	
0.708374	0.646467	
0.173837	0.671104	
0.248626	0.664881	
0.662248	0.399841	
0.125183	0.956454	
0.120154	0.436143	
0.247823	0.162680	
0.170925	0.741489	
0.203237	0.795893	
0.571677	0.170402	
0.939852	0.096699	
0.227683	0.670864	
0.209234	0.592438	
0.109725	0.141852	
0.102007	0.427451	
0.170566	0.705284	
0.711064	0.857070	
0.777679	0.447039	
0.383009	0.230775	
0.631828	0.128416	
0.292846	0.862643	
0.441522	0.654182	
0.843181	0.339498	
0.950954	0.675574	
0.369476	0.785191	
0.699359	0.126949	
0.627010	0.160322	
0.528721	0.221608	
0.569201	0.561173	
0.633064	0.910221	
0.079356	0.744171	
0.279875	0.867415	
0.651311	0.590476	
0.128943	0.141887	
0.693563	0.711168	
0.598844	0.775506	
0.922704	0.887169	
0.644995	0.436663	
0.001844	0.993314	
0.636355	0.214899	
0.808532	0.995617	
0.339206	0.043296	
0.669376	0.206903	
0.422916	0.946097	
0.046856	0.500654	
0.498909	0.169403	
0.151429	0.071976	
0.694989	0.686374	
0.880589	0.052254	
0.233037	0.649050	
0.588883	0.349439	
0.029122	0.451397	
0.637465	0.877057	
0.689728	0.265314	
0.127731	0.774551	
0.885237	0.176293	
0.954177	0.849631	
0.755163	0.024977	
0.784682	0.149411	
0.144141	0.570357	
0.989102	0.829142	
0.382667	0.490039	
0.085771	0.557322	
0.917279	0.700794	
0.250840	0.863654	
0.426981	0.274260	
0.495466	0.299710	
0.227568	0.732233	
0.641422	0.376104	
0.178797	0.033309	
0.816757	0.240792	
0.985874	0.589076	
0.607275	0.474966	
0.745236	0.175980	
0.698371	0.516466	
0.245438	0.070233	
0.413631	0.888873	
0.285077	0.290879	
0.808466	0.880180	
0.179027	0.905960	
0.476624	0.621926	
0.702803	0.006260	
0.210813	0.139005	
0.263301	0.302813	
0.371833	0.397952	
0.374081	0.173762	
0.419934	0.828587	
0.064443	0.100258	
0.032665	0.995902	
0.121838	0.733328	
0.036927	0.633321	
0.219560	0.153188	
0.635467	0.298215	
0.098145	0.520569	
0.202967	0.261615	
0.970276	0.426540	
0.858071	0.602800	
0.252451	0.949058	
0.825734	0.106049	
0.368225	0.761739	
0.552102	0.175493	
0.507183	0.225866	
0.136754	0.421061	
0.764214	0.139033	
0.731122	0.974099	
0.679967	0.209587	
0.535697	0.459125	
0.511868	0.967038	
0.007102	0.368113	
0.869347	0.109542	
0.075402	0.281234	
0.706162	0.462377	
0.173994	0.312269	
0.305991	0.792963	
0.322268	0.359450	
0.281793	0.103088	
0.596156	0.594220	
0.059416	0.608771	
0.614007	0.616841	
0.253376	0.493871	
0.495922	0.953046	
0.846753	0.376360	
0.477579	0.662664	
0.396474	0.540103	
0.513600	0.082392	
0.756579	0.819135	
0.202773	0.008241	
0.500971	0.827735	
0.750131	0.458811	
0.232450	0.784366	
0.836120	0.665921	
0.139540	0.249139	
0.282731	0.866906	
0.088269	0.544948	
0.944586	0.648996	
0.674395	0.553508	
0.814039	0.559433	
0.384075	0.153012	
0.667458	0.959742	
0.380598	0.713739	
0.817988	0.931466	
0.146380	0.202233	
0.923493	0.146486	
0.992601	0.639446	
0.175597	0.255430	
0.005444	0.498020	
0.228879	0.776940	
0.023116	0.510448	
0.095688	0.231807	
0.973990	0.846265	
0.168901	0.719917	
0.650515	0.213677	
0.267600	0.547612	
0.722680	0.080052	
0.433409	0.305650	
0.064092	0.187498	
0.286025	0.219826	
0.616371	0.347601	
0.123330	0.802127	
0.356884	0.152950	
0.630127	0.546688	
0.184378	0.849304	
0.250040	0.424032	
0.711813	0.436065	
0.939974	0.145979	
0.476744	0.635243	
0.535727	0.964184	
0.039950	0.445295	
0.076066	0.436245	
0.962518	0.039760	
0.252176	0.316192	
0.242816	0.001944	
0.670732	0.998950	
0.348000	0.832657	
0.464845	0.642653	
0.068844	0.065278	
0.126270	0.216610	
0.562863	0.038464	
0.472321	0.304787	
0.548180	0.264167	
0.848316	0.639542	
0.779384	0.110514	
0.403674	0.541704	
0.423937	0.112361	
0.452915	0.147093	
0.194469	0.434736	
0.603211	0.168645	
0.418592	0.271379	
0.062230	0.906995	
0.870534	0.067629	
0.641248	0.458207	
0.076781	0.456640	
0.746722	0.164435	
0.651395	0.991858	
0.153750	0.075274	
0.127535	0.479932	
0.211789	0.537440	
0.760042	0.022301	
0.820250	0.935157	
0.178010	0.817224	
0.083894	0.001808	
0.395450	0.333181	
0.768731	0.066304	
0.373584	0.828004	
0.258018	0.514790	
0.075165	0.297902	
0.838895	0.310777	
0.226900	0.500814	
0.181640	0.823960	
0.299377	0.622847	
0.181397	0.735222	
0.881179	0.978767	
0.134326	0.614614	
0.814507	0.412873	
0.161428	0.114016	
0.270187	0.039028	
0.946752	0.057281	
0.727912	0.023570	
0.145048	0.813409	
0.956792	0.801731	
0.688058	0.198287	
0.601901	0.145226	
0.819681	0.383511	
0.673698	0.835383	
0.282289	0.423512	
0.970251	0.013589	
0.398218	0.843579	
0.036890	0.018544	
0.663226	0.843919	
0.750304	0.366182	
0.416140	0.071876	
0.021727	0.170344	
0.973914	0.571349	
0.663213	0.612932	
0.544025	0.430702	
0.816147	0.979631	
0.660302	0.695541	
0.960660	0.817227	
0.137082	0.932617	
0.489220	0.319477	
0.454877	0.112934	
0.088796	0.392620	
0.756392	0.687711	
0.355284	0.251567	
0.079387	0.262840	
0.552171	0.343328	
0.312854	0.140834	
0.992139	0.882693	
0.416079	0.042576	
0.566444	0.225185	
0.684514	0.622586	
0.807904	0.446141	
0.293057	0.405296	
0.810551	0.936906	
0.577297	0.626117	
0.140400	0.703371	
0.556755	0.379071	
0.046864	0.643337	
0.564325	0.610032	
0.801984	0.951481	
0.539915	0.356772	
0.263242	0.305029	
0.619223	0.275425	
0.068762	0.678664	
0.313269	0.110466	
0.601690	0.601478	
0.035361	0.316043	
0.728563	0.961352	
0.438556	0.809469	
0.741912	0.318212	
0.193707	0.636900	
0.381284	0.233685	
0.549868	0.629418	
0.621563	0.609669	
0.708217	0.998877	
0.123948	0.191054	
0.036848	0.303370	
0.740146	0.629577	
0.301249	0.096027	
0.925694	0.134846	
0.363900	0.064779	
0.737083	0.151508	
0.395133	0.999604	
0.344565	0.106492	
0.812480	0.348914	
0.200046	0.173375	
0.916996	0.948881	
0.846626	0.246992	
0.202332	0.589023	
0.703181	0.361217	
0.974021	0.371390	
0.959872	0.570221	
0.698417	0.297006	
0.772125	0.100227	
0.508588	0.830994	
0.522648	0.144544	
0.344408	0.469327	
0.970925	0.335153	
0.910243	0.457824	
0.648530	0.842046	
0.270495	0.209378	
0.018808	0.112494	
0.681865	0.109156	
0.590230	0.992308	
0.712426	0.744911	
0.725290	0.942743	
0.678613	0.443759	
0.262203	0.850394	
0.571821	0.595285	
0.950442	0.071702	
0.091308	0.607867	
0.428730	0.661103	
0.159276	0.943754	
0.675421	0.793630	
0.542206	0.853297	
0.360930	0.142764	
0.437081	0.016454	
0.550534	0.818926	
0.696489	0.895312	
0.516180	0.440783	
0.232866	0.772703	
0.820984	0.281426	
0.932637	0.836304	
0.757306	0.039705	
0.328985	0.250241	
0.794615	0.091032	
0.980174	0.792290	
0.012116	0.629520	
0.340108	0.203341	
0.547286	0.229445	
0.285008	0.125024	
0.281855	0.133359	
0.362125	0.234439	
0.221433	0.620671	
0.620254	0.617164	
0.683569	0.752032	
0.403436	0.550029	
0.337388	0.485487	
0.584780	0.405763	
0.659625	0.316172	
0.910531	0.302073	
0.935568	0.090299	
0.649401	0.482483	
0.091574	0.083369	
0.181342	0.808995	
0.778566	0.355701	
0.267163	0.210368	
0.651682	0.823678	
0.558780	0.422275	
0.170031	0.718663	
0.577367	0.801465	
0.222348	0.999448	
0.716267	0.297251	
0.899548	0.709711	
0.109775	0.985667	
0.111711	0.526474	
0.451840	0.070520	
0.233657	0.066457	
0.934857	0.147627	
0.166971	0.274264	
0.546815	0.319138	
0.754087	0.935749	
0.127266	0.967325	
0.838524	0.064716	
0.680476	0.760882	
0.143005	0.479894	
0.570911	0.302583	
0.507023	0.538949	
0.109480	0.024266	
0.835522	0.622154	
0.539109	0.804639	
0.560831	0.884721	
0.509434	0.059889	
0.560675	0.268272	
0.848404	0.133416	
0.317772	0.787598	
0.164905	0.553680	
0.696546	0.847570	
0.113477	0.207150	
0.570367	0.160781	
0.242062	0.341015	
0.439333	0.867891	
0.646034	0.887980	
0.277224	0.296798	
0.287019	0.928553	
0.191798	0.551298	
0.673527	0.961994	
0.235674	0.974311	
0.243517	0.784511	
0.284631	0.789093	
0.287010	0.777512	
0.644025	0.124185	
0.184631	0.087079	
0.542337	0.060263	
0.833346	0.043175	
0.646432	0.582500	
0.070445	0.977297	
0.436864	0.368091	
0.500599	0.575116	
0.975041	0.521619	
0.845004	0.981354	
0.619856	0.922269	
0.576534	0.802477	
0.238385	0.537664	
0.518546	0.203528	
0.697759	0.239911	
0.185036	0.901029	
0.602206	0.277978	
0.984204	0.510756	
0.272417	0.507161	
0.847540	0.600075	
0.459786	0.616836	
0.170777	0.244055	
0.837351	0.359554	
0.021329	0.481107	
0.968699	0.924442	
0.102207	0.791279	
0.032675	0.162001	
0.748316	0.945081	
0.968677	0.552400	
0.190372	0.581078	
0.181353	0.005836	
0.085475	0.585160	
0.776631	0.839156	
0.694178	0.042821	
0.685274	0.406178	
0.631057	0.179414	
0.418541	0.410885	
0.745500	0.613031	
0.205829	0.375410	
0.516630	0.996743	
0.258891	0.175411	
0.132200	0.878019	
0.860119	0.013983	
0.019342	0.075424	
0.650678	0.947451	
0.811611	0.753471	
0.589711	0.274382	
0.534071	0.131228	
0.546288	0.459946	
0.318656	0.645999	
0.313383	0.035894	
0.265253	0.111633	
0.223517	0.646256	
0.629665	0.783744	
0.378470	0.952640	
0.018786	0.732312	
0.970731	0.069420	
0.742771	0.758216	
0.332032	0.458590	
0.513938	0.761236	
0.101807	0.063341	
0.573097	0.046776	
0.162408	0.589439	
0.704150	0.648071	
0.136516	0.425801	
0.433358	0.444922	
0.801227	0.225374	
0.861816	0.544590	
0.922977	0.474799	
0.939498	0.142006	
0.701574	0.361472	
0.256360	0.639853	
0.012807	0.245605	
0.882177	0.757070	
0.080690	0.149626	
0.764376	0.873481	
0.587384	0.162015	
0.990910	0.221900	
0.466849	0.330539	
0.376430	0.658977	
0.423322	0.775465	
0.236167	0.260855	
0.190527	0.188441	
0.127011	0.674531	
0.835576	0.523071	
0.248516	0.800092	
0.153467	0.319721	
0.558250	0.506796	
0.714828	0.115437	
0.151735	0.208062	
0.894609	0.701485	
0.864264	0.682875	
0.074901	0.866620	
0.274786	0.332955	
0.980855	0.223759	
0.709300	0.209304	
0.775550	0.677158	
0.998408	0.242450	
0.850731	0.230763	
0.439917	0.690313	
0.094740	0.302758	
0.456093	0.555974	
0.262147	0.897776	
0.923786	0.071072	
0.515034	0.176331	
0.598107	0.384226	
0.694257	0.381881	
0.274675	0.454384	
0.834029	0.522667	
0.459485	0.556541	
0.783097	0.510884	
0.421553	0.046860	
0.580225	0.843601	
0.408713	0.247321	
0.716478	0.853037	
0.988987	0.898165	
0.458812	0.255710	
0.714672	0.495137	
0.774113	0.523770	
0.995841	0.099331	
0.452844	0.957188	
0.452235	0.712760	
0.354454	0.303403	
0.301821	0.702019	
0.828407	0.040045	
0.032021	0.178772	
0.614872	0.148914	
0.802241	0.256571	
0.188728	0.954378	
0.234560	0.243148	
0.593642	0.342689	
0.577893	0.649105	
0.508004	0.015741	
0.562555	0.864240	
0.289060	0.224940	
0.562412	0.458798	
0.018336	0.173558	
0.985715	0.915612	
0.693459	0.963720	
0.236121	0.485982	
0.897199	0.216701	
0.094750	0.455889	
0.124456	0.729708	
0.210628	0.021543	
0.079226	0.546033	
0.182084	0.289808	
0.799309	0.985875	
0.594993	0.049843	
0.712589	0.484735	
0.948012	0.231516	
0.082196	0.467164	
0.618316	0.041460	
0.816443	0.963854	
0.500681	0.944981	
0.297176	0.632373	
0.294895	0.296453	
0.484158	0.235534	
0.625657	0.410984	
0.405347	0.673291	
0.004982	0.729989	
0.923409	0.736816	
0.669276	0.520023	
0.031135	0.286161	
0.514721	0.915837	
0.473807	0.266913	
0.008085	0.883254	
0.857584	0.415596	
0.914586	0.443484	
0.629478	0.635156	
0.068612	0.153494	
0.777462	0.808865	
0.595275	0.785094	
0.072852	0.417666	
0.706530	0.655305	
0.710374	0.247669	
0.568881	0.180254	
0.536818	0.293815	
0.143604	0.556062	
0.737785	0.953117	
0.040470	0.177496	
0.179346	0.274036	
0.719360	0.289998	
0.993689	0.923332	
0.440879	0.853088	
0.857142	0.990390	
0.490387	0.938894	
0.986017	0.980799	
0.292256	0.950218	
0.308251	0.778199	
0.187794	0.257092	
0.945183	0.693264	
0.693244	0.356750	
0.889548	0.638721	
0.976299	0.648926	
0.498710	0.815436	
0.026934	0.677965	
0.556904	0.885082	
0.578165	0.223109	
0.795217	0.212218	
0.752406	0.684637	
0.701121	0.745217	
0.863215	0.053743	
0.260975	0.210216	
0.093125	0.147667	
0.844875	0.814397	
0.568613	0.676265	
0.986657	0.742550	
0.037834	0.871371	
0.134604	0.293977	
0.863424	0.568198	
0.699354	0.046963	
0.310815	0.873929	
0.124373	0.340442	
0.806317	0.765195	
0.635658	0.500953	
0.517960	0.352939	
0.844553	0.401578	
0.324342	0.212566	
0.592967	0.995182	
0.018100	0.203217	
0.471177	0.068847	
0.105584	0.545879	
0.584019	0.611042	
0.789737	0.112131	
0.584560	0.701472	
0.640657	0.516730	
0.675241	0.773700	
0.582046	0.450043	
0.869125	0.379933	
0.531689	0.098574	
0.737695	0.431992	
0.487504	0.482680	
0.398356	0.166540	
0.030865	0.745435	
0.526183	0.553190	
0.464317	0.772810	
0.610484	0.396685	
0.089557	0.188968	
0.986140	0.057659	
0.080482	0.667753	
0.917809	0.621689	
0.730193	0.345763	
0.238504	0.542592	
0.342961	0.152547	
0.853955	0.419722	
0.273553	0.602633	
0.449915	0.714040	
0.871514	0.538959	
0.280948	0.885666	
0.392526	0.187894	
0.936513	0.981452	
0.261328	0.131803	
0.214390	0.246547	
0.707691	0.161568	
0.468172	0.573785	
0.608734	0.989134	
0.376760	0.213242	
0.950038	0.294152	
0.813691	0.710505	
0.459636	0.093944	
0.912466	0.823603	
0.298124	0.578436	
0.775943	0.272714	
0.496299	0.293650	
0.369657	0.828584	
0.009808	0.834959	
0.151910	0.159331	
0.873754	0.179248	
0.618461	0.478732	
0.051351	0.062082	
0.407464	0.252522	
0.129064	0.172665	
0.987292	0.424566	
0.676426	0.685502	
0.233413	0.977139	
0.782864	0.588753	
0.179790	0.728879	
0.277163	0.271943	
0.545199	0.167217	
0.415673	0.214327	
0.187036	0.516545	
0.579865	0.789263	
0.143486	0.570966	
0.230125	0.707985	
0.103709	0.029865	
0.933408	0.783490	
0.114844	0.191029	
0.618176	0.689393	
0.633435	0.140770	
0.917884	0.874354	
0.273949	0.266818	
0.402670	0.668310	
0.293448	0.972684	
0.903943	0.564551	
0.414398	0.794650	
0.676179	0.534443	
0.379809	0.447879	
0.504792	0.042633	
0.541117	0.546707	
0.504524	0.534066	
0.041350	0.966329	
0.088426	0.180541	
0.347045	0.786088	
0.775521	0.182845	
0.071709	0.210300	
0.508398	0.652048	
0.977709	0.352353	
0.999223	0.941766	
0.252785	0.564760	
0.924087	0.126516	
0.349285	0.434203	
0.650823	0.381233	
0.380666	0.851725	
0.938536	0.967734	
0.710162	0.689621	
0.465022	0.621862	
0.637892	0.054041	
0.261438	0.991505	
0.223608	0.183207	
0.152039	0.312522	
0.550028	0.315490	
0.442756	0.401089	
0.102694	0.976895	
0.668369	0.279695	
0.838595	0.264224	
0.819576	0.610588	
0.155474	0.050536	
0.350604	0.595687	
0.707854	0.902589	
0.816176	0.470172	
0.185787	0.525926	
0.233629	0.602134	
0.060962	0.595072	
0.371944	0.259602	
0.136208	0.256147	
0.068164	0.638583	
0.667136	0.556072	
0.904001	0.552662	
0.586303	0.988998	
0.089935	0.529235	
0.852920	0.018855	
0.890756	0.931056	
0.258001	0.217998	
0.899163	0.232874	
0.908592	0.711600	
0.856636	0.474878	
0.273847	0.545658	
0.875377	0.457064	
0.873735	0.867367	
0.837604	0.606643	
0.843594	0.287671	
0.883889	0.524565	
0.370096	0.210893	
0.475389	0.866778	
0.933999	0.716459	
0.534809	0.530983	
0.230159	0.285798	
0.407069	0.615197	
0.613997	0.455861	
0.652612	0.447999	
0.521358	0.463740	
0.075249	0.715649	
0.909217	0.214893	
0.698297	0.285871	
0.638243	0.956187	
0.642837	0.166764	
0.799496	0.136560	
0.156979	0.351215	
0.872148	0.189802	
0.004529	0.123799	
0.687860	0.859150	
0.741514	0.623301	
0.823596	0.176135	
0.298932	0.155786	
0.293107	0.253369	
0.376812	0.085224	
0.364242	0.816730	
0.776790	0.505029	
0.016339	0.616904	
0.303761	0.311956	
0.041819	0.845902	
0.070453	0.107716	
0.382565	0.775180	
0.446398	0.608360	
0.710922	0.473103	
0.446646	0.776661	
0.342274	0.600888	
0.130958	0.009005	
0.348035	0.422350	
0.442568	0.236864	
0.980334	0.478315	
0.044082	0.887308	
0.982685	0.984755	
0.777952	0.035819	
0.013566	0.010100	
0.753127	0.813358	
0.099851	0.203156	
0.438910	0.760742	
0.786008	0.428079	
0.716474	0.770202	
0.793037	0.571435	
0.105816	0.447269	
0.250644	0.574919	
0.669950	0.850610	
0.206230	0.113343	
0.949963	0.019964	
0.541017	0.874815	
0.007607	0.858322	
0.824218	0.630771	
0.370165	0.368491	
0.229633	0.449984	
0.875012	0.318545	
0.788059	0.900167	
0.110431	0.017185	
0.833308	0.407478	
0.489590	0.540204	
0.213480	0.958439	
0.476954	0.169139	
0.713972	0.724552	
0.544569	0.565375	
0.250183	0.821116	
0.500179	0.500963	
0.678330	0.693756	
0.953210	0.601431	
0.257804	0.905253	
0.584198	0.612095	
0.480752	0.995348	
0.812247	0.429727	
0.416491	0.962996	
0.066383	0.697704	
0.311766	0.855665	
0.154660	0.365761	
0.345759	0.176379	
0.395630	0.347914	
0.387800	0.747624	
0.321701	0.833389	
0.774510	0.195045	
0.121832	0.632023	
0.411797	0.078030	
0.452253	0.014067	
0.427759	0.352703	
0.873250	0.707892	
0.538122	0.210724	
0.644756	0.411100	
0.356673	0.595396	
0.813149	0.591431	
0.180411	0.173866	
0.162303	0.823286	
0.966113	0.461828	
0.937195	0.441636	
0.570657	0.027515	
0.437166	0.443358	
0.520068	0.781269	
0.788542	0.018037	
0.155032	0.615211	
0.848045	0.093415	
0.029772	0.380194	
0.925593	0.438207	
0.944497	0.165007	
0.268234	0.205946	
0.327925	0.432478	
0.656919	0.835153	
0.413033	0.851046	
0.521827	0.350818	
0.202015	0.268328	
0.790214	0.127765	
0.351034	0.827174	
0.308720	0.664244	
0.951572	0.069869	
0.284363	0.280862	
0.443368	0.688163	
0.949883	0.679652	
0.905571	0.929757	
0.420615	0.272312	
0.749804	0.957977	
0.714213	0.783213	
0.463046	0.418201	
0.704797	0.517231	
0.106698	0.274396	
0.774121	0.658266	
0.472730	0.176793	
0.355362	0.562163	
0.265852	0.174489	
0.644613	0.012138	
0.999238	0.185220	
0.998761	0.179518	
0.153741	0.916970	
0.512694	0.851080	
0.095571	0.254529	
0.872580	0.450849	
0.423622	0.806756	
0.144804	0.720703	
0.848936	0.065753	
0.105371	0.964689	
0.522921	0.727712	
0.662372	0.479636	
0.240080	0.025985	
0.723512	0.067347	
0.899916	0.893083	
0.038515	0.326969	
0.362790	0.404969	
0.317223	0.563408	
0.201648	0.098519	
0.816460	0.250487	
0.940634	0.234301	
0.899607	0.699676	
0.456135	0.258477	
0.225548	0.787102	
0.818278	0.791070	
0.510558	0.948127	
0.173958	0.708911	
0.663290	0.911859	
0.607648	0.734817	
0.061242	0.292490	
0.878538	0.596405	
0.779989	0.283111	
0.247635	0.005414	
0.985659	0.976041	
0.318917	0.033579	
0.370483	0.713596	
0.408962	0.416435	
0.027760	0.563775	
0.372912	0.538302	
0.236328	0.969812	
0.628213	0.369823	
0.614474	0.463951	
0.616658	0.170170	
0.050695	0.023637	
0.274925	0.660807	
0.185947	0.203976	
0.228589	0.898098	
0.339054	0.486671	
0.483199	0.127512	
0.101621	0.938186	
0.087376	0.529965	
0.119579	0.771101	
0.892498	0.215326	
0.987559	0.898690	
0.278387	0.846857	
0.130280	0.622053	
0.837789	0.725639	
0.809076	0.143093	
0.969064	0.055088	
0.860869	0.619525	
0.357814	0.787617	
0.485661	0.498389	
0.425071	0.164577	
0.045935	0.030442	
0.646918	0.752337	
0.525959	0.794662	
0.888477	0.628484	
0.929779	0.791358	
0.348874	0.529522	
0.673376	0.431017	
0.098829	0.013561	
0.918704	0.654838	
0.854405	0.983611	
0.547357	0.433532	
0.373714	0.003844	
0.604651	0.372835	
0.232942	0.048644	
0.558123	0.372709	
0.122295	0.411786	
0.892412	0.770531	
0.322641	0.622581	
0.712133	0.818228	
0.950729	0.903632	
0.337867	0.533343	
0.892328	0.358576	
0.590282	0.866403	
0.641833	0.280926	
0.523924	0.584420	
0.354297	0.668766	
0.946971	0.748776	
0.682597	0.408311	
0.487372	0.267348	
0.312044	0.524039	
0.524523	0.651213	
0.938901	0.104124	
0.017560	0.132173	
0.439359	0.298631	
0.091280	0.138097	
0.004534	0.207244	
0.143757	0.123096	
0.869220	0.987587	
0.366441	0.765833	
0.354544	0.814065	
0.988764	0.152519	
0.394171	0.837745	
0.972085	0.824683	
0.440251	0.299762	
0.094401	0.594572	
0.975697	0.547416	
0.412478	0.514868	
0.384360	0.939103	
0.497192	0.304845	
0.530374	0.993503	
0.805040	0.313798	
0.002145	0.050479	
0.408919	0.705942	
0.764277	0.201416	
0.196636	0.862955	
0.683475	0.165463	
0.931486	0.483508	
0.323995	0.378352	
0.959569	0.474119	
0.525357	0.669485	
0.031973	0.377422	
0.329206	0.964369	
0.156583	0.686365	
0.738681	0.009079	
0.597335	0.404858	
0.453334	0.181473	
0.016141	0.276351	
0.635035	0.025467	
0.030059	0.207655	
0.064075	0.913043	
0.518870	0.652387	
0.673545	0.266119	
0.662584	0.041526	
0.928993	0.586590	
0.819652	0.895835	
0.291043	0.556546	
0.875268	0.631415	
0.185433	0.569464	
0.979980	0.525939	
0.453159	0.237091	
0.790250	0.731272	
0.492953	0.064779	
0.737693	0.411455	
0.332348	0.774314	
0.900410	0.185309	
0.481960	0.300362	
0.185166	0.079421	
0.830158	0.463358	
0.661923	0.943617	
0.372339	0.905638	
0.052833	0.961676	
0.880442	0.585085	
0.523778	0.138492	
0.638595	0.871052	
0.773142	0.200671	
0.681849	0.836673	
0.970598	0.837410	
0.349433	0.920774	
0.442258	0.037385	
0.324630	0.060094	
0.994338	0.842064	
0.571411	0.705794	
0.287841	0.751416	
0.049377	0.870911	
0.408679	0.661806	
0.979934	0.752067	
0.996667	0.982832	
0.465205	0.706837	
0.808609	0.293128	
0.594489	0.582846	
0.898797	0.088892	
0.009540	0.331885	
0.991671	0.013889	
0.430049	0.828324	
0.633505	0.323812	
0.301477	0.930463	
0.286541	0.895192	
0.492234	0.979542	
0.162914	0.096687	
0.016786	0.122087	
0.912617	0.347333	
0.630978	0.848658	
0.390734	0.059926	
0.170318	0.535817	
0.480582	0.144092	
0.754497	0.832377	
0.752329	0.399665	
0.169375	0.685392	
0.391305	0.664869	
0.446968	0.189902	
0.689586	0.867275	
0.291755	0.525804	
0.191565	0.630914	
0.764690	0.144000	
0.211591	0.209746	
0.207901	0.195357	
0.370657	0.633481	
0.921575	0.916856	
0.594928	0.963011	
0.323025	0.084853	
0.121492	0.910791	
0.657909	0.475399	
0.032814	0.508174	
0.883370	0.797358	
0.187925	0.449297	
0.337331	0.522038	
0.888447	0.123785	
0.452435	0.070945	
0.377817	0.968683	
0.652327	0.664851	
0.149832	0.226238	
0.377923	0.756366	
0.250819	0.521336	
0.095666	0.853073	
0.597346	0.593513	
0.171717	0.047764	
0.777571	0.630609	
0.646221	0.035941	
0.064059	0.647518	
0.836332	0.230621	
0.050519	0.072055	
0.034269	0.958832	
0.085744	0.097429	
0.493772	0.820852	
0.051788	0.395249	
0.947274	0.838522	
0.046974	0.484310	
0.803617	0.383156	
0.696566	0.190436	
0.652438	0.520710	
0.573997	0.160685	
0.625056	0.318607	
0.823714	0.164134	
0.607112	0.730493	
0.389068	0.057646	
0.856609	0.029323	
0.827568	0.934666	
0.923366	0.018238	
0.527258	0.617366	
0.069272	0.262258	
0.777028	0.514399	
0.509827	0.667411	
0.179844	0.640010	
0.643383	0.332342	
0.676258	0.863462	
0.206227	0.054457	
0.259645	0.845520	
0.657425	0.334120	
0.558690	0.894630	
0.046088	0.604614	
0.740816	0.898860	
0.140850	0.266719	
0.754452	0.073203	
0.323804	0.172201	
0.189278	0.197829	
0.912313	0.243007	
0.211702	0.079943	
0.609294	0.398754	
0.864832	0.225301	
0.627699	0.745391	
0.786536	0.311446	
0.472132	0.124792	
0.377177	0.220863	
0.044013	0.721171	
0.720714	0.036143	
0.449645	0.184678	
0.875844	0.315240	
0.231449	0.969591	
0.923663	0.010108	
0.880056	0.093206	
0.506967	0.590995	
0.857966	0.840826	
0.755593	0.256057	
0.545583	0.619589	
0.429730	0.466157	
0.701799	0.137758	
0.291441	0.252655	
0.370661	0.699794	
0.441254	0.160751	
0.737496	0.099813	
0.564211	0.693886	
0.142238	0.589237	
0.310816	0.888502	
0.047735	0.277552	
0.812862	0.777791	
0.337663	0.098028	
0.564063	0.202847	
0.242725	0.482446	
0.477627	0.470040	
0.966237	0.540746	
0.319860	0.883370	
0.805200	0.988788	
0.565830	0.904763	
0.354810	0.285551	
0.262490	0.674881	
0.725944	0.940099	
0.237764	0.107532	
0.292128	0.791087	
0.794796	0.137517	
0.248049	0.964402	
0.703818	0.071588	
0.174019	0.743604	
0.748109	0.469085	
0.906989	0.760206	
0.779430	0.873021	
0.867297	0.657035	
0.788990	0.558768	
0.208521	0.609962	
0.626104	0.924964	
0.862677	0.009051	
0.116890	0.563120	
0.353815	0.567174	
0.500970	0.809821	
0.660134	0.878228	
0.382298	0.280159	
0.638542	0.980795	
0.218203	0.339666	
0.770693	0.030651	
0.144194	0.465271	
0.809025	0.275313	
0.190652	0.292568	
0.192891	0.921008	
0.382194	0.527616	
0.644719	0.792206	
0.611462	0.837727	
0.678017	0.423831	
0.325875	0.979705	
0.898222	0.422105	
0.321288	0.884544	
0.529325	0.363996	
0.677300	0.388339	
0.805277	0.292364	
0.762899	0.038439	
0.038083	0.062149	
0.542484	0.520247	
0.790915	0.908048	
0.555898	0.980563	
0.321892	0.041066	
0.194670	0.814373	
0.171652	0.948113	
0.929110	0.549209	
0.550785	0.042481	
0.984625	0.596672	
0.270424	0.009823	
0.090482	0.729156	
0.917495	0.341911	
0.496782	0.416936	
0.438407	0.305492	
0.410436	0.195824	
0.211849	0.554195	
0.360251	0.732129	
0.893488	0.858038	
0.041743	0.571495	
0.114721	0.115076	
0.088334	0.622076	
0.227292	0.098279	
0.774751	0.242859	
0.728935	0.215873	
0.177328	0.358754	
0.581340	0.583663	
0.617053	0.812394	
0.908416	0.749374	
0.724588	0.149664	
0.409465	0.875668	
0.356066	0.399139	
0.330454	0.932833	
0.119340	0.754827	
0.382681	0.720925	
0.582059	0.669932	
0.554820	0.867065	
0.765796	0.726877	
0.614994	0.197529	
0.870589	0.994498	
0.529960	0.040909	
0.553254	0.547799	
0.864200	0.611288	
0.920949	0.385905	
0.898723	0.842809	
0.089063	0.874906	
0.552267	0.945417	
0.624238	0.572708	
0.508744	0.467260	
0.237357	0.263693	
0.889446	0.916645	
0.059084	0.031857	
0.416932	0.376352	
0.342370	0.215836	
0.558928	0.900424	
0.426807	0.343489	
0.013789	0.752286	
0.678066	0.253770	
0.119081	0.390492	
0.992812	0.191029	
0.629243	0.683826	
0.059361	0.672056	
0.250758	0.482644	
0.795037	0.181527	
0.927787	0.324065	
0.565385	0.427434	
0.888942	0.449516	
0.009150	0.790723	
0.681408	0.419678	
0.529539	0.962803	
0.829960	0.139249	
0.354090	0.183911	
0.984507	0.611357	
0.079705	0.607742	
0.311517	0.664041	
0.540699	0.534116	
0.884054	0.297667	
0.891494	0.333496	
0.059333	0.216476	
0.304572	0.941234	
0.312207	0.267870	
0.094592	0.809911	
0.171351	0.904354	
0.480776	0.410083	
0.262716	0.466960	
0.204282	0.364441	
0.151585	0.686006	
0.710843	0.130803	
0.400601	0.907851	
0.258148	0.692000	
0.440911	0.386878	
0.260445	0.295785	
0.263985	0.795554	
0.878361	0.611803	
0.581406	0.682281	
0.102526	0.153892	
0.462035	0.417558	
0.901410	0.990621	
0.365231	0.429341	
0.936641	0.119765	
0.884266	0.862328	
0.144784	0.378385	
0.517620	0.644565	
0.207250	0.258492	
0.467070	0.043244	
0.798521	0.734141	
0.707505	0.028617	
0.970814	0.474073	
0.750374	0.534627	
0.481759	0.924059	
0.651823	0.187821	
0.704596	0.144371	
0.449982	0.849138	
0.454618	0.756863	
0.602831	0.781944	
0.138115	0.303807	
0.080724	0.735672	
0.445490	0.355612	
0.767913	0.305520	
0.873741	0.969806	
0.535713	0.724705	
0.115171	0.678041	
0.840679	0.291547	
0.030376	0.521549	
0.670704	0.525470	
0.574893	0.221875	
0.049163	0.290324	
0.475990	0.960086	
0.168629	0.142650	
0.512044	0.929780	
0.820644	0.563277	
0.004637	0.942170	
0.046019	0.444104	
0.054515	0.230474	
0.581988	0.475222	
0.048385	0.203422	
0.905857	0.742551	
0.057282	0.742775	
0.813830	0.039554	
0.790009	0.681776	
0.605226	0.025785	
0.362384	0.585775	
0.127036	0.090126	
0.755202	0.676890	
0.487821	0.805933	
0.324179	0.482932	
0.632445	0.504538	
0.776988	0.842756	
0.199924	0.129871	
0.742823	0.621229	
0.003930	0.057468	
0.863986	0.004506	
0.731283	0.673171	
0.985426	0.061447	
0.748043	0.363524	
0.747498	0.196787	
0.403144	0.640297	
0.473677	0.087504	
0.680221	0.469183	
0.555347	0.722993	
0.349969	0.929206	
0.171772	0.965023	
0.137879	0.329976	
0.900333	0.888933	
0.299656	0.323583	
0.460014	0.448682	
0.992616	0.899039	
0.152492	0.928361	
0.971670	0.854518	
0.886131	0.199815	
0.286910	0.092933	
0.924354	0.612215	
0.495635	0.135830	
0.891235	0.988890	
0.276228	0.567597	
0.608738	0.061332	
0.812856	0.672339	
0.997505	0.071917	
0.712185	0.697090	
0.986649	0.603288	
0.454432	0.630268	
0.914157	0.233754	
0.703663	0.456297	
0.980582	0.646718	
0.385425	0.837962	
0.629449	0.143073	
0.630182	0.468861	
0.150418	0.068813	
0.536435	0.854849	
0.453779	0.656149	
0.890698	0.962183	
0.405980	0.301532	
0.847431	0.779951	
0.637162	0.776291	
0.120146	0.297021	
0.032101	0.522473	
0.206180	0.271077	
0.984740	0.530795	
0.072470	0.997491	
0.838934	0.963770	
0.082253	0.430871	
0.655397	0.258414	
0.159088	0.790400	
0.259049	0.830843	
0.982952	0.474602	
0.639329	0.208267	
0.338548	0.984393	
0.697059	0.462877	
0.568354	0.323849	
0.928839	0.999560	
0.609168	0.289767	
0.113985	0.747918	
0.259350	0.892391	
0.416678	0.104625	
0.439148	0.763718	
0.813122	0.149038	
0.875399	0.827423	
0.504946	0.622424	
0.079147	0.217852	
0.430210	0.532999	
0.120021	0.189082	
0.907318	0.296204	
0.296948	0.808887	
0.955413	0.627953	
0.007358	0.662136	
0.523727	0.281223	
0.515433	0.886480	
0.072292	0.008554	
0.768415	0.757592	
0.844971	0.426300	
0.828383	0.637214	
0.650528	0.417233	
0.433931	0.086437	
0.753961	0.823130	
0.342886	0.889073	
0.656513	0.007718	
0.713555	0.725359	
0.116792	0.925288	
0.309352	0.285793	
0.329213	0.077280	
0.852252	0.804348	
0.684134	0.242014	
0.521516	0.117536	
0.434604	0.390720	
0.830550	0.060823	
0.255034	0.362516	
0.801898	0.498664	
0.048765	0.585207	
0.580603	0.189981	
0.006505	0.336273	
0.732505	0.207553	
0.336303	0.236319	
0.821127	0.673313	
0.379912	0.179268	
0.951974	0.830036	
0.416551	0.978804	
0.750519	0.979288	
0.888339	0.313710	
0.524331	0.427633	
0.233956	0.094781	
0.990673	0.233057	
0.996979	0.232792	
0.539643	0.779387	
0.151704	0.687053	
0.292515	0.299582	
0.066332	0.835113	
0.742908	0.059474	
0.571720	0.891922	
0.540079	0.106958	
0.641995	0.015248	
0.275581	0.682652	
0.326837	0.156802	
0.374776	0.867477	
0.685323	0.231508	
0.948506	0.538667	
0.368203	0.379906	
0.086494	0.703034	
0.884547	0.577888	
0.555971	0.208325	
0.312407	0.625985	
0.934115	0.674742	
0.394007	0.072281	
0.831569	0.172874	
0.498836	0.930888	
0.427993	0.285344	
0.770263	0.803820	
0.808311	0.288783	
0.570457	0.672123	
0.372793	0.529179	
0.907658	0.016341	
0.635546	0.626772	
0.163833	0.546433	
0.897461	0.631235	
0.167992	0.438321	
0.859218	0.884876	
0.110309	0.960721	
0.832558	0.797413	
0.122276	0.088135	
0.278721	0.468037	
0.305085	0.566245	
0.873942	0.335169	
0.179228	0.280065	
0.047848	0.188430	
0.947678	0.617653	
0.895223	0.013948	
0.420037	0.569297	
0.173131	0.813599	
0.160407	0.953778	
0.148224	0.208688	
0.411794	0.022721	
0.874704	0.151255	
0.147277	0.286636	
0.488680	0.243589	
0.001168	0.623024	
0.170060	0.201918	
0.641171	0.163295	
0.492044	0.778056	
0.789145	0.161169	
0.759221	0.224882	
0.592020	0.088446	
0.514437	0.143701	
0.175948	0.166099	
0.631494	0.527475	
0.274761	0.913814	
0.474611	0.780728	
0.701485	0.859905	
0.416327	0.202737	
0.398496	0.523435	
0.372689	0.777003	
0.096111	0.341202	
0.585361	0.164893	
0.362239	0.150710	
0.985784	0.072600	
0.187756	0.609710	
0.402424	0.532223	
0.071632	0.916405	
0.023574	0.202157	
0.644649	0.608828	
0.571743	0.290590	
0.943469	0.886465	
0.821065	0.645555	
0.837573	0.088357	
0.016650	0.836419	
0.696203	0.079802	
0.235900	0.775273	
0.017244	0.820894	
0.766351	0.058382	
0.224401	0.512867	
0.761284	0.895940	
0.071166	0.089535	
0.817012	0.521221	
0.159117	0.274313	
0.372027	0.663520	
0.779259	0.005659	
0.104779	0.023932	
0.222857	0.560463	
0.693507	0.779830	
0.602055	0.742164	
0.557005	0.585917	
0.501822	0.127334	
0.100537	0.721020	
0.181738	0.467678	
0.260256	0.119430	
0.258054	0.108725	
0.346369	0.430198	
0.338757	0.483657	
0.820591	0.669694	
0.546138	0.948903	
0.208557	0.212005	
0.170457	0.864373	
0.524075	0.128789	
0.552298	0.470222	
0.022160	0.443193	
0.751991	0.707132	
0.764556	0.887478	
0.841900	0.816435	
0.825915	0.147165	
0.401177	0.588601	
0.609814	0.139236	
0.135092	0.493523	
0.636381	0.663366	
0.186868	0.691790	
0.909066	0.671534	
0.468671	0.957502	
0.728922	0.988744	
0.819179	0.936699	
0.095862	0.145666	
0.202507	0.530587	
0.575468	0.888380	
0.002055	0.535874	
0.426931	0.430359	
0.038846	0.889028	
0.901143	0.506557	
0.710278	0.649227	
0.554106	0.860460	
0.751174	0.978780	
0.357307	0.257736	
0.765741	0.813782	
0.232789	0.480194	
0.618348	0.573676	
0.780650	0.392580	
0.085602	0.715427	
0.178724	0.807410	
0.132236	0.489939	
0.405160	0.527310	
0.497206	0.547416	
0.412580	0.224859	
0.207229	0.901554	
0.423166	0.151314	
0.141954	0.818744	
0.635894	0.464806	
0.987672	0.802892	
0.211469	0.155379	
0.459278	0.087518	
0.921578	0.963031	
0.667879	0.034412	
0.358804	0.411554	
0.980691	0.474026	
0.959738	0.324194	
0.720900	0.170431	
0.439965	0.492900	
0.163377	0.872944	
0.568472	0.303404	
0.307745	0.276124	
0.821636	0.238195	
0.336820	0.930876	
0.227646	0.049505	
0.029620	0.819093	
0.499801	0.152572	
0.275327	0.414236	
0.064100	0.325736	
0.637977	0.476632	
0.753651	0.615315	
0.599438	0.751184	
0.144378	0.565366	
0.110748	0.343883	
0.635758	0.190212	
0.897228	0.716892	
0.806328	0.947636	
0.913037	0.416619	
0.111185	0.690010	
0.002145	0.058627	
0.339757	0.291082	
0.219064	0.812110	
0.133149	0.836400	
0.381645	0.313021	
0.946791	0.709171	
0.036438	0.413277	
0.949136	0.127682	
0.943258	0.335994	
0.045785	0.513114	
0.911975	0.567269	
0.086976	0.811050	
0.323072	0.868812	
0.130192	0.140310	
0.182974	0.236803	
0.955549	0.920336	
0.083194	0.239034	
0.440618	0.468897	
0.755905	0.489792	
0.942186	0.322306	
0.991101	0.433599	
0.497431	0.331003	
0.172417	0.817426	
0.485656	0.427576	
0.271164	0.447622	
0.179541	0.552478	
0.504200	0.092649	
0.158001	0.520782	
0.787154	0.701687	
0.250444	0.216906	
0.540418	0.808648	
0.946027	0.871390	
0.445640	0.868753	
0.130139	0.241741	
0.934903	0.922946	
0.957953	0.315507	
0.722134	0.905512	
0.945880	0.410654	
0.860443	0.465770	
0.190260	0.698022	
0.663375	0.342895	
0.029134	0.656769	
0.320564	0.716316	
0.127840	0.610391	
0.835739	0.272325	
0.974272	0.593278	
0.230459	0.327647	
0.760182	0.386624	
0.991434	0.036176	
0.006914	0.201345	
0.997206	0.039233	
0.389822	0.739495	
0.688516	0.893408	
0.501337	0.966168	
0.388892	0.114352	
0.914471	0.513384	
0.437855	0.028623	
0.066327	0.761240	
0.157726	0.900837	
0.373124	0.101968	
0.784319	0.052825	
0.837933	0.136473	
0.709336	0.806542	
0.555701	0.674900	
0.048625	0.243104	
0.845199	0.252471	
0.285326	0.478339	
0.444323	0.729793	
0.638862	0.352502	
0.494473	0.608608	
0.875240	0.151721	
0.971322	0.008056	
0.396094	0.156423	
0.006710	0.778474	
0.814024	0.295966	
0.295975	0.455445	
0.669417	0.883462	
0.338550	0.003779	
0.516160	0.097260	
0.644731	0.988296	
0.290744	0.529075	
0.157072	0.906964	
0.348288	0.682564	
0.853703	0.193553	
0.051796	0.529095	
0.506527	0.200743	
0.881530	0.869605	
0.443621	0.940182	
0.640954	0.517568	
0.770344	0.173239	
0.632792	0.330034	
0.877290	0.619489	
0.756421	0.160901	
0.261493	0.904952	
0.525014	0.902781	
0.043536	0.707869	
0.152501	0.080827	
0.459321	0.801800	
0.849351	0.038367	
0.830819	0.569101	
0.887903	0.985497	
0.247941	0.139801	
0.641579	0.024798	
0.775513	0.053710	
0.698204	0.722484	
0.781222	0.992631	
0.151134	0.116186	
0.731395	0.551069	
0.820002	0.780482	
0.553948	0.198305	
0.909461	0.317225	
0.597633	0.416396	
0.360593	0.493487	
0.041617	0.449156	
0.960408	0.575014	
0.262859	0.868169	
0.313062	0.633343	
0.598560	0.002117	
0.578800	0.889503	
0.884384	0.838126	
0.385552	0.964394	
0.578025	0.864719	
0.329676	0.860033	
0.580302	0.138083	
0.758872	0.367612	
0.448299	0.554105	
0.838405	0.077687	
0.682982	0.881235	
0.919661	0.738754	
0.242053	0.192017	
0.222922	0.653767	
0.864822	0.065314	
0.732234	0.661395	
0.060539	0.483579	
0.508445	0.438747	
0.024635	0.043735	
0.051834	0.171703	
0.811236	0.442537	
0.726562	0.321934	
0.744492	0.679530	
0.865127	0.186859	
0.534644	0.761818	
0.872269	0.232672	
0.524142	0.247420	
0.379895	0.894529	
0.344166	0.397204	
0.807452	0.841172	
0.577402	0.402061	
0.432210	0.151873	
0.527391	0.855050	
0.827507	0.913559	
0.188147	0.191851	
0.444545	0.475901	
0.464232	0.351181	
0.297418	0.712330	
0.127694	0.151361	
0.925780	0.591302	
0.020122	0.192818	
0.692033	0.003321	
0.823872	0.814503	
0.352915	0.450433	
0.421643	0.551527	
0.509222	0.500425	
0.648477	0.945316	
0.933805	0.462772	
0.803993	0.707966	
0.776214	0.831120	
0.628700	0.568720	
0.469795	0.843877	
0.036211	0.595316	
0.475333	0.916539	
0.273451	0.896265	
0.529041	0.596853	
0.300551	0.363720	
0.047471	0.842082	
0.876037	0.551122	
0.713797	0.790501	
0.948558	0.419321	
0.526276	0.113181	
0.233938	0.803656	
0.048029	0.226282	
0.129372	0.357095	
0.695830	0.813753	
0.741966	0.219348	
0.586172	0.789303	
0.816123	0.586168	
0.729541	0.393573	
0.783928	0.477134	
0.182948	0.811581	
0.244444	0.371970	
0.704226	0.929491	
0.950107	0.440809	
0.678108	0.957471	
0.207764	0.887431	
0.060774	0.424414	
0.125522	0.653448	
0.501513	0.929091	
0.227803	0.688439	
0.598715	0.599658	
0.444533	0.273519	
0.028569	0.153154	
0.063657	0.884338	
0.062095	0.624630	
0.163067	0.665544	
0.796526	0.212596	
0.104068	0.070436	
0.823666	0.350082	
0.835616	0.198510	
0.354246	0.806214	
0.035802	0.730612	
0.392908	0.598309	
0.776488	0.433150	
0.952733	0.587855	
0.085768	0.503751	
0.541119	0.582364	
0.790687	0.071914	
0.651351	0.253862	
0.666479	0.515812	
0.254695	0.660513	
0.236355	0.418310	
0.532700	0.088417	
0.018934	0.223258	
0.291790	0.108947	
0.072159	0.783470	
0.786020	0.630860	
0.860564	0.504101	
0.417955	0.570556	
0.338334	0.373275	
0.635458	0.144795	
0.562884	0.389438	
0.284431	0.425460	
0.713346	0.210928	
0.073026	0.355356	
0.467612	0.157833	
0.706592	0.692369	
0.651143	0.753308	
0.839212	0.634117	
0.599639	0.128865	
0.828372	0.443503	
0.958733	0.429903	
0.384516	0.564544	
0.295140	0.421834	
0.762279	0.623733	
0.072645	0.947798	
0.638930	0.502078	
0.422484	0.696359	
0.699867	0.667388	
0.791406	0.156509	
0.440031	0.608995	
0.372730	0.481126	
0.287835	0.640829	
0.420430	0.167709	
0.682315	0.660742	
0.086631	0.011640	
0.638218	0.524618	
0.254586	0.822482	
0.455272	0.752787	
0.090568	0.169943	
0.235066	0.748095	
0.234168	0.668740	
0.510855	0.937070	
0.331623	0.588360	
0.565835	0.985649	
0.797850	0.466556	
0.411604	0.824280	
0.669135	0.146207	
0.304613	0.635886	
0.343207	0.285058	
0.963001	0.164369	
0.550812	0.490400	
0.155316	0.400472	
0.734774	0.344354	
0.562634	0.186631	
0.702971	0.833810	
0.840603	0.007835	
0.676213	0.114181	
0.041466	0.912121	
0.013314	0.775745	
0.942844	0.376653	
0.408426	0.415328	
0.417617	0.882719	
0.856187	0.938554	
0.276132	0.956704	
0.317342	0.573470	
0.314852	0.724629	
0.847143	0.925606	
0.666377	0.797173	
0.082570	0.754180	
0.501985	0.864043	
0.971219	0.278874	
0.042569	0.449722	
0.470613	0.586739	
0.314519	0.117325	
0.888836	0.669651	
0.816909	0.783955	
0.927056	0.027313	
0.050344	0.123228	
0.094915	0.229930	
0.430388	0.524950	
0.832588	0.303310	
0.724901	0.416161	
0.423249	0.542264	
0.826889	0.530237	
0.689240	0.054842	
0.728021	0.854354	
0.122139	0.788403	
0.688902	0.377742	
0.715720	0.110135	
0.030794	0.556962	
0.855364	0.106988	
0.148534	0.403972	
0.563244	0.436490	
0.087977	0.633260	
0.196427	0.349682	
0.107302	0.425119	
0.969965	0.205100	
0.107334	0.956044	
0.230437	0.958947	
0.014983	0.819896	
0.983719	0.371621	
0.839646	0.929475	
0.680394	0.385554	
0.007494	0.956624	
0.983228	0.115952	
0.809210	0.388541	
0.212784	0.266868	
0.252919	0.802077	
0.500045	0.264366	
0.203848	0.071595	
0.294459	0.978625	
0.758412	0.635965	
0.662005	0.323124	
0.749029	0.922149	
0.559686	0.646011	
0.502461	0.857317	
0.934232	0.640171	
0.347205	0.481239	
0.180548	0.476438	
0.500339	0.198313	
0.045476	0.312445	
0.262527	0.297038	
0.322412	0.785187	
0.630002	0.439070	
0.452645	0.602853	
0.145464	0.805299	
0.659812	0.462052	
0.708316	0.661777	
0.483946	0.676282	
0.264978	0.489372	
0.874302	0.387363	
0.403101	0.920561	
0.864066	0.355259	
0.838139	0.595729	
0.411695	0.358952	
0.914012	0.793836	
0.008982	0.963471	
0.050054	0.263851	
0.545332	0.396590	
0.480777	0.412775	
0.511715	0.395191	
0.979927	0.636370	
0.473545	0.869354	
0.240305	0.808766	
0.934958	0.832566	
0.937380	0.544079	
0.333717	0.777681	
0.477311	0.171173	
0.912161	0.690538	
0.872091	0.226979	
0.831219	0.290246	
0.172680	0.235302	
0.725534	0.053481	
0.849533	0.094400	
0.574795	0.579707	
0.132766	0.403594	
0.212059	0.074496	
0.057357	0.006052	
0.722827	0.561426	
0.883753	0.239868	
0.464368	0.638422	
0.952928	0.856531	
0.711448	0.310960	
0.310066	0.286302	
0.875897	0.208831	
0.821486	0.718464	
0.219776	0.774974	
0.983073	0.506351	
0.243745	0.616725	
0.288746	0.957527	
0.158707	0.386380	
0.885447	0.708693	
0.008704	0.289383	
0.657606	0.386514	
0.137594	0.548761	
0.018640	0.285946	
0.888913	0.957808	
0.884535	0.375145	
0.069569	0.252453	
0.980740	0.290700	
0.796393	0.983959	
0.403516	0.898888	
0.612099	0.551557	
0.017717	0.773597	
0.837470	0.361688	
0.886754	0.679026	
0.386798	0.906350	
0.022294	0.697955	
0.525679	0.089246	
0.950263	0.063042	
0.545563	0.276277	
0.393115	0.083094	
0.555112	0.770121	
0.427774	0.593520	
0.290991	0.683656	
0.202681	0.458620	
0.018919	0.973941	
0.024011	0.545803	
0.313557	0.950355	
0.622180	0.977566	
0.946144	0.837796	
0.841062	0.728376	
0.810385	0.141209	
0.306305	0.070949	
0.433525	0.254659	
0.051011	0.336490	
0.387028	0.777726	
0.241501	0.915421	
0.482636	0.665369	
0.863453	0.058809	
0.408680	0.677796	
0.711635	0.453741	
0.018887	0.426298	
0.798823	0.818988	
0.729226	0.095685	
0.172076	0.077591	
0.066446	0.751094	
0.640361	0.554005	
0.169166	0.172081	
0.157443	0.146498	
0.192197	0.247657	
0.378129	0.209744	
0.168300	0.614149	
0.007727	0.863814	
0.119354	0.983373	
0.549170	0.907543	
0.083212	0.538799	
0.600980	0.663948	
0.973258	0.540520	
0.516941	0.225196	
0.867486	0.844535	
0.104732	0.227575	
0.858300	0.452113	
0.666634	0.115122	
0.847969	0.811331	
0.035470	0.138734	
0.695582	0.640443	
0.926430	0.504157	
0.365775	0.585927	
0.676483	0.656152	
0.944512	0.416014	
0.948175	0.979839	
0.154956	0.343316	
0.115943	0.650084	
0.962233	0.245373	
0.992386	0.029447	
0.923900	0.988909	
0.586943	0.749324	
0.895635	0.930220	
0.204949	0.570995	
0.715814	0.680042	
0.458793	0.939751	
0.402627	0.952675	
0.609638	0.177628	
0.394530	0.861130	
0.005360	0.081988	
0.965333	0.350389	
0.996097	0.401416	
0.591147	0.402350	
0.301902	0.068260	
0.248546	0.305535	
0.126901	0.822639	
0.101070	0.680522	
0.537000	0.350841	
0.592880	0.528544	
0.231215	0.032654	
0.812405	0.086857	
0.810943	0.525934	
0.372672	0.502478	
0.145117	0.973316	
0.514684	0.288507	
0.930860	0.966707	
0.448110	0.392572	
0.965045	0.507338	
0.834340	0.760777	
0.385711	0.642633	
0.729892	0.295211	
0.615371	0.538046	
0.946578	0.135064	
0.017038	0.352764	
0.900140	0.649536	
0.756842	0.235884	
0.501209	0.826979	
0.033721	0.756031	
0.615262	0.711614	
0.104497	0.276628	
0.294401	0.995336	
0.613786	0.894495	
0.776731	0.512950	
0.154777	0.330657	
0.354388	0.204174	
0.556401	0.423306	
0.500078	0.816016	
0.776383	0.668335	
0.707658	0.610122	
0.315620	0.622783	
0.120438	0.209586	
0.512492	0.449583	
0.142088	0.069397	
0.352243	0.154125	
0.382060	0.275657	
0.961559	0.916798	
0.622502	0.392834	
0.361742	0.805961	
0.792243	0.231889	
0.364344	0.534328	
0.454389	0.915854	
0.750242	0.313128	
0.743670	0.864564	
0.729177	0.273016	
0.577475	0.624148	
0.057828	0.922934	
0.745491	0.459172	
0.304452	0.930381	
0.913686	0.325623	
0.740247	0.325301	
0.330731	0.589976	
0.732477	0.746642	
0.812883	0.127685	
0.997557	0.945168	
0.435511	0.627730	
0.251068	0.706104	
0.482524	0.774456	
0.281536	0.768124	
0.867606	0.851099	
0.420545	0.098106	
0.872373	0.980277	
0.517621	0.649050	
0.578403	0.220341	
0.273595	0.318871	
0.262134	0.690706	
0.696987	0.265458	
0.549844	0.220764	
0.375955	0.677771	
0.291578	0.557575	
0.170034	0.756418	
0.115657	0.841539	
0.750584	0.068601	
0.975382	0.240480	
0.742943	0.635573	
0.068305	0.999689	
0.776290	0.103304	
0.227701	0.969448	
0.507389	0.691085	
0.070908	0.744726	
0.613924	0.226604	
0.538379	0.542463	
0.179737	0.844828	
0.031690	0.605958	
0.343598	0.845613	
0.223904	0.148568	
0.986348	0.553135	
0.539725	0.161594	
0.908930	0.387400	
0.033664	0.788614	
0.229270	0.337738	
0.361690	0.918412	
0.749379	0.810326	
0.146134	0.065769	
0.387863	0.821152	
0.097025	0.704224	
0.895806	0.811466	
0.315502	0.647940	
0.927281	0.807426	
0.407403	0.227032	
0.732683	0.207298	
0.060507	0.933448	
0.454241	0.429439	
0.589562	0.769083	
0.972708	0.311540	
0.052558	0.339578	
0.293520	0.193903	
0.928867	0.463421	
0.722334	0.261608	
0.848654	0.329312	
0.751364	0.179749	
0.049582	0.323303	
0.752398	0.548349	
0.102079	0.634136	
0.929818	0.445071	
0.305704	0.975269	
0.342945	0.880056	
0.102785	0.509219	
0.451910	0.245728	
0.947924	0.761637	
0.838667	0.475997	
0.078390	0.493834	
0.872700	0.467439	
0.239341	0.607705	
0.689696	0.723698	
0.186640	0.863834	
0.461507	0.552395	
0.102646	0.174011	
0.601297	0.996507	
0.297511	0.271640	
0.453528	0.444545	
0.460765	0.070150	
0.010488	0.268063	
0.340493	0.660628	
0.167073	0.001418	
0.832054	0.324061	
0.499800	0.140770	
0.916342	0.961410	
0.419701	0.912742	
0.447524	0.533351	
0.025658	0.236335	
0.082551	0.430051	
0.864489	0.469624	
0.976005	0.723737	
0.847867	0.096941	
0.288364	0.526091	
0.008233	0.378786	
0.259787	0.239841	
0.012951	0.670339	
0.393549	0.375571	
0.229962	0.964052	
0.823648	0.048298	
0.738505	0.057286	
0.805159	0.301539	
0.969578	0.690211	
0.369425	0.928900	
0.018420	0.593042	
0.257426	0.564109	
0.985186	0.023104	
0.301664	0.062114	
0.948626	0.564420	
0.214672	0.994687	
0.710691	0.576464	
0.623458	0.465215	
0.862691	0.252122	
0.417514	0.153216	
0.109612	0.252034	
0.935379	0.921511	
0.840511	0.466001	
0.074260	0.087682	
0.672226	0.102514	
0.958812	0.751127	
0.199297	0.588221	
0.234461	0.588552	
0.795237	0.554708	
0.977553	0.729142	
0.689544	0.172293	
0.736168	0.773193	
0.059850	0.900231	
0.188944	0.582080	
0.024733	0.688908	
0.478742	0.210876	
0.196817	0.910747	
0.918161	0.523664	
0.217760	0.897705	
0.724090	0.775066	
0.530800	0.156259	
0.241051	0.349513	
0.272082	0.888297	
0.607920	0.315058	
0.184072	0.706409	
0.612544	0.032290	
0.702523	0.297947	
0.603618	0.999594	
0.178537	0.663854	
0.401175	0.545016	
0.075872	0.173196	
0.912507	0.512778	
0.252673	0.671898	
0.589260	0.690106	
0.604328	0.948464	
0.838895	0.311489	
0.196838	0.260898	
0.918802	0.305779	
0.224663	0.903907	
0.958086	0.551195	
0.938233	0.877456	
0.401216	0.232460	
0.960569	0.277882	
0.364145	0.188610	
0.970722	0.929852	
0.029395	0.048505	
0.224229	0.620445	
0.814769	0.814596	
0.907311	0.170536	
