0.000000	0.000000	
0.000000	0.000001	
0.000010	0.000073	
0.000511	0.003579	
0.025055	0.175384	
0.227686	0.593802	
0.156615	0.096306	
0.674140	0.718983	
0.032881	0.230167	
0.611171	0.278200	
0.947401	0.631809	
0.422660	0.958622	
0.710356	0.972494	
0.807460	0.652217	
0.565516	0.958612	
0.710286	0.972000	
0.804001	0.628008	
0.396059	0.772416	
0.406915	0.848404	
0.938831	0.571820	
0.002737	0.019162	
0.134131	0.938914	
0.572395	0.006766	
0.047365	0.331556	
0.320894	0.246257	
0.723800	0.066603	
0.466218	0.263524	
0.844669	0.912686	
0.388802	0.721617	
0.051317	0.359222	
0.514553	0.601870	
0.213087	0.491612	
0.441287	0.089010	
0.623069	0.361485	
0.530395	0.712763	
0.989340	0.925378	
0.477645	0.343517	
0.404616	0.832309	
0.826160	0.783121	
0.481848	0.372934	
0.610535	0.273746	
0.916222	0.413552	
0.894866	0.264061	
0.848426	0.938985	
0.572895	0.010264	
0.071850	0.502948	
0.520637	0.644460	
0.511221	0.578546	
0.049823	0.348758	
0.441303	0.089123	
0.623861	0.367026	
0.569183	0.984283	
0.889981	0.229869	
0.609084	0.263586	
0.845100	0.915697	
0.409879	0.869151	
0.084054	0.588377	
0.118636	0.830449	
0.813141	0.691985	
0.843893	0.907249	
0.350741	0.455184	
0.186290	0.304032	
0.128223	0.897558	
0.282904	0.980325	
0.862272	0.035905	
0.251335	0.759347	
0.315428	0.207993	
0.455953	0.191672	
0.341706	0.391943	
0.743604	0.205225	
0.436577	0.056039	
0.392272	0.745905	
0.221332	0.549327	
0.845291	0.917039	
0.419274	0.934921	
0.544446	0.811119	
0.677832	0.744823	
0.213761	0.496328	
0.474294	0.320060	
0.240419	0.682931	
0.780515	0.463605	
0.245237	0.716658	
0.016604	0.116228	
0.813596	0.695169	
0.866184	0.063286	
0.443002	0.101015	
0.707104	0.949730	
0.648109	0.536764	
0.757350	0.301449	
0.110140	0.770979	
0.396853	0.777969	
0.445786	0.120503	
0.843518	0.904627	
0.332386	0.326705	
0.286935	0.008547	
0.059831	0.418818	
0.931729	0.522102	
0.654717	0.583016	
0.081109	0.567764	
0.974350	0.820452	
0.743161	0.202126	
0.414885	0.904198	
0.329385	0.305696	
0.139874	0.979117	
0.853819	0.976734	
0.837136	0.859952	
0.019664	0.137650	
0.963547	0.744830	
0.213813	0.496690	
0.476830	0.337808	
0.364654	0.552581	
0.868069	0.076480	
0.535358	0.747507	
0.232547	0.627828	
0.394797	0.763581	
0.345068	0.415478	
0.908344	0.358407	
0.508846	0.561924	
0.933468	0.534278	
0.739944	0.179610	
0.257267	0.800866	
0.606060	0.242421	
0.696947	0.878626	
0.150384	0.052691	
0.368840	0.581882	
0.073173	0.512212	
0.585483	0.098380	
0.688660	0.820618	
0.744325	0.210278	
0.471949	0.303642	
0.125496	0.878475	
0.149327	0.045290	
0.317033	0.219228	
0.534596	0.742174	
0.195220	0.366542	
0.565797	0.960580	
0.724062	0.068431	
0.479020	0.353140	
0.471979	0.303851	
0.126954	0.888676	
0.220734	0.545137	
0.815960	0.711718	
0.982023	0.874162	
0.119136	0.833950	
0.837649	0.863542	
0.044792	0.313544	
0.194808	0.363659	
0.545611	0.819276	
0.734929	0.144505	
0.011536	0.080752	
0.565267	0.956869	
0.698086	0.886601	
0.206204	0.443429	
0.104002	0.728014	
0.096100	0.672697	
0.708880	0.962162	
0.735137	0.145960	
0.021723	0.152058	
0.064408	0.450858	
0.156006	0.092044	
0.644307	0.510152	
0.571065	0.997456	
0.982189	0.875326	
0.127285	0.890993	
0.236948	0.658636	
0.610449	0.273143	
0.912004	0.384028	
0.688193	0.817349	
0.721441	0.050088	
0.350616	0.454311	
0.180174	0.261216	
0.828511	0.799574	
0.597019	0.179133	
0.253931	0.777517	
0.442619	0.098332	
0.688325	0.818273	
0.727910	0.095373	
0.667609	0.673266	
0.712864	0.990045	
0.930313	0.512190	
0.585327	0.097287	
0.681009	0.767063	
0.369442	0.586097	
0.102678	0.718743	
0.031203	0.218423	
0.528963	0.702740	
0.919177	0.434238	
0.039663	0.277642	
0.943496	0.604475	
0.231323	0.619261	
0.334828	0.343794	
0.406557	0.845901	
0.921307	0.449146	
0.144024	0.008166	
0.057159	0.400112	
0.800784	0.605487	
0.238409	0.668860	
0.682019	0.774133	
0.418932	0.932523	
0.527658	0.693606	
0.855242	0.986697	
0.906879	0.348156	
0.437090	0.059628	
0.417397	0.921779	
0.452451	0.167154	
0.170077	0.190538	
0.333765	0.336356	
0.354490	0.481432	
0.370023	0.590162	
0.131134	0.917940	
0.425583	0.979080	
0.853558	0.974904	
0.824330	0.770307	
0.392146	0.745022	
0.215151	0.506058	
0.542405	0.796837	
0.577856	0.044995	
0.314966	0.204762	
0.433335	0.033345	
0.233412	0.633883	
0.437179	0.060251	
0.421754	0.952278	
0.665944	0.661607	
0.631248	0.418737	
0.931157	0.518096	
0.626674	0.386718	
0.707026	0.949180	
0.644260	0.509819	
0.568732	0.981124	
0.867871	0.075096	
0.525670	0.679693	
0.757851	0.304955	
0.134687	0.942809	
0.599663	0.197640	
0.383481	0.684365	
0.790555	0.533882	
0.737173	0.160212	
0.121485	0.850393	
0.952754	0.669278	
0.684949	0.794642	
0.562495	0.937462	
0.562233	0.935634	
0.549441	0.846087	
0.922610	0.458272	
0.207907	0.455348	
0.187433	0.312028	
0.184199	0.289394	
0.025756	0.180295	
0.262062	0.834433	
0.841028	0.887193	
0.210350	0.472448	
0.307138	0.149963	
0.049739	0.348170	
0.437193	0.060351	
0.422460	0.957223	
0.700562	0.903935	
0.327543	0.292802	
0.049616	0.347315	
0.431208	0.018458	
0.129205	0.904437	
0.331059	0.317410	
0.221870	0.553090	
0.871627	0.101386	
0.709705	0.967936	
0.775553	0.428873	
0.002112	0.014781	
0.103467	0.724268	
0.069874	0.489120	
0.423841	0.966886	
0.768201	0.377405	
0.641835	0.492845	
0.449917	0.149419	
0.045933	0.321532	
0.250723	0.755061	
0.285425	0.997973	
0.985814	0.900701	
0.304908	0.134354	
0.940481	0.583367	
0.083570	0.584988	
0.094913	0.664390	
0.650731	0.555120	
0.885839	0.200873	
0.406112	0.842783	
0.899478	0.296347	
0.074426	0.520983	
0.646883	0.528182	
0.697275	0.880924	
0.166466	0.165260	
0.156820	0.097743	
0.684198	0.789386	
0.525703	0.679921	
0.759449	0.316146	
0.213023	0.491164	
0.438145	0.067014	
0.469096	0.283669	
0.985681	0.899766	
0.298359	0.088516	
0.619613	0.337293	
0.361051	0.527359	
0.691510	0.840570	
0.883988	0.187914	
0.315401	0.207808	
0.454654	0.182576	
0.278035	0.946247	
0.623731	0.366118	
0.562823	0.939759	
0.578313	0.048190	
0.337333	0.361330	
0.529307	0.705151	
0.936056	0.552391	
0.866737	0.067160	
0.470119	0.290834	
0.035835	0.250845	
0.755918	0.291424	
0.039966	0.279759	
0.958316	0.708213	
0.957494	0.702457	
0.917196	0.420375	
0.942624	0.598365	
0.188554	0.319881	
0.239168	0.674173	
0.719208	0.034456	
0.241195	0.688362	
0.818533	0.729729	
0.108103	0.756719	
0.297036	0.079250	
0.554748	0.883236	
0.182654	0.278580	
0.950057	0.650396	
0.552773	0.869412	
0.085881	0.601167	
0.208172	0.457207	
0.200447	0.403127	
0.821891	0.753234	
0.272637	0.908462	
0.359231	0.514619	
0.602335	0.216346	
0.514420	0.600937	
0.206561	0.445924	
0.121471	0.850300	
0.952103	0.664722	
0.653054	0.571379	
0.999655	0.997583	
0.983081	0.881566	
0.170959	0.196711	
0.376975	0.638823	
0.471760	0.302321	
0.116249	0.813742	
0.696193	0.873349	
0.113443	0.794101	
0.558706	0.910943	
0.376602	0.636211	
0.453478	0.174347	
0.220429	0.543004	
0.801030	0.607212	
0.250482	0.753377	
0.273637	0.915456	
0.408195	0.857364	
0.001548	0.010834	
0.075838	0.530869	
0.716081	0.012569	
0.087981	0.615868	
0.311073	0.177514	
0.242600	0.698198	
0.887384	0.211689	
0.481822	0.372757	
0.609301	0.265109	
0.855760	0.990318	
0.932225	0.525575	
0.679028	0.753198	
0.272388	0.906714	
0.346997	0.428976	
0.002835	0.019846	
0.138925	0.972477	
0.807336	0.651353	
0.559469	0.916284	
0.413987	0.897911	
0.285374	0.997618	
0.983328	0.883295	
0.183066	0.281460	
0.970221	0.791549	
0.540844	0.785911	
0.501374	0.509621	
0.567346	0.971422	
0.799954	0.599676	
0.197734	0.384137	
0.688959	0.822714	
0.759000	0.312997	
0.190979	0.336851	
0.357956	0.505692	
0.539845	0.778918	
0.452428	0.166993	
0.168950	0.182647	
0.278528	0.949694	
0.647858	0.535005	
0.745035	0.215244	
0.506711	0.546978	
0.828845	0.801918	
0.613423	0.293961	
0.057728	0.404097	
0.828681	0.800769	
0.605383	0.237684	
0.663789	0.646523	
0.525662	0.679631	
0.757416	0.301909	
0.113363	0.793544	
0.554811	0.883679	
0.185752	0.300266	
0.101859	0.713014	
0.991095	0.937667	
0.563670	0.945689	
0.619820	0.338738	
0.371167	0.598168	
0.187179	0.310250	
0.171747	0.202231	
0.415619	0.909335	
0.365347	0.557428	
0.901997	0.313976	
0.197831	0.384817	
0.693718	0.856028	
0.992196	0.945374	
0.617619	0.323331	
0.263316	0.843210	
0.902470	0.317287	
0.221012	0.547084	
0.829588	0.807118	
0.649828	0.548798	
0.841585	0.891093	
0.237651	0.663555	
0.644885	0.514198	
0.599385	0.195694	
0.369855	0.588985	
0.122898	0.860287	
0.022010	0.154073	
0.078514	0.549598	
0.847186	0.930305	
0.512138	0.584964	
0.094751	0.663260	
0.642820	0.499737	
0.498160	0.487119	
0.409831	0.868817	
0.081716	0.572011	
0.004076	0.028535	
0.199748	0.398234	
0.787640	0.513479	
0.594354	0.160479	
0.123351	0.863458	
0.044204	0.309430	
0.166007	0.162049	
0.134344	0.940410	
0.582868	0.080076	
0.560531	0.923719	
0.466032	0.262225	
0.835577	0.849042	
0.943295	0.603067	
0.221468	0.550278	
0.851944	0.963608	
0.745259	0.216816	
0.517713	0.623991	
0.367938	0.575566	
0.028961	0.202727	
0.419092	0.933647	
0.535528	0.748697	
0.240876	0.686129	
0.802904	0.620331	
0.342318	0.396228	
0.773594	0.415160	
0.906123	0.342862	
0.400035	0.800243	
0.601699	0.211896	
0.483271	0.382897	
0.680276	0.761929	
0.333501	0.334506	
0.341539	0.390772	
0.735402	0.147813	
0.034692	0.242843	
0.699898	0.899288	
0.295016	0.065115	
0.455805	0.190638	
0.334468	0.341275	
0.388922	0.722451	
0.057154	0.400075	
0.800525	0.603675	
0.225724	0.580070	
0.060488	0.423415	
0.963907	0.747350	
0.231452	0.620161	
0.341125	0.387873	
0.715111	0.005775	
0.040428	0.282993	
0.980953	0.866672	
0.066704	0.466927	
0.268490	0.879430	
0.156007	0.092047	
0.644331	0.510318	
0.572228	0.005595	
0.039165	0.274158	
0.919107	0.433750	
0.036248	0.253733	
0.776133	0.432930	
0.030509	0.213563	
0.494938	0.464568	
0.251975	0.763822	
0.346753	0.427271	
0.990897	0.936276	
0.553929	0.877501	
0.142507	0.997552	
0.982861	0.880025	
0.160173	0.121209	
0.848460	0.939220	
0.574539	0.021774	
0.152416	0.066909	
0.468360	0.278517	
0.949618	0.647328	
0.531298	0.719088	
0.033618	0.235325	
0.647277	0.530938	
0.716568	0.015974	
0.111815	0.782706	
0.478940	0.352580	
0.468057	0.276398	
0.934787	0.543511	
0.804579	0.632050	
0.424350	0.970450	
0.793148	0.552038	
0.864266	0.049861	
0.349026	0.443184	
0.102289	0.716022	
0.012154	0.085077	
0.595536	0.168754	
0.181280	0.268960	
0.882722	0.179055	
0.253385	0.773694	
0.415859	0.911014	
0.377095	0.639664	
0.477645	0.343515	
0.404606	0.832241	
0.825685	0.779795	
0.458564	0.209949	
0.469646	0.287523	
0.012662	0.088633	
0.620428	0.342994	
0.400960	0.806723	
0.647061	0.529430	
0.706007	0.942047	
0.594331	0.160318	
0.122224	0.855565	
0.988955	0.922682	
0.458772	0.211404	
0.479827	0.358790	
0.511529	0.580704	
0.064926	0.454482	
0.181375	0.269624	
0.887366	0.211564	
0.480950	0.366650	
0.566549	0.965844	
0.760907	0.326347	
0.284430	0.991012	
0.937085	0.559597	
0.917180	0.420258	
0.941809	0.592666	
0.148665	0.040652	
0.284563	0.991942	
0.943592	0.605141	
0.235989	0.651924	
0.563469	0.944286	
0.610005	0.270034	
0.890239	0.231671	
0.621699	0.351892	
0.463247	0.242732	
0.699125	0.893876	
0.257131	0.799915	
0.599406	0.195844	
0.370910	0.596371	
0.174597	0.222179	
0.555250	0.886748	
0.207235	0.450644	
0.154510	0.081572	
0.571001	0.997007	
0.979051	0.853358	
0.973508	0.814554	
0.701876	0.913133	
0.391931	0.743518	
0.204623	0.432359	
0.026513	0.185593	
0.299153	0.094073	
0.658513	0.609590	
0.267130	0.869909	
0.089366	0.625561	
0.378926	0.652483	
0.567383	0.971683	
0.801783	0.612482	
0.287376	0.011632	
0.081423	0.569960	
0.989719	0.928031	
0.496219	0.473531	
0.314714	0.202997	
0.420977	0.946836	
0.627851	0.394957	
0.764697	0.352879	
0.470155	0.291085	
0.037592	0.263144	
0.842005	0.894038	
0.258269	0.807884	
0.655186	0.586301	
0.104105	0.728737	
0.101157	0.708101	
0.956709	0.696963	
0.878743	0.151201	
0.058410	0.408867	
0.862066	0.034461	
0.241229	0.688602	
0.820211	0.741475	
0.190327	0.332286	
0.326004	0.282025	
0.974177	0.819239	
0.734670	0.142689	
0.998822	0.991755	
0.942288	0.596016	
0.172115	0.204806	
0.433642	0.035493	
0.248449	0.739141	
0.173984	0.217891	
0.525234	0.676635	
0.736448	0.155134	
0.085937	0.601557	
0.210901	0.476304	
0.334127	0.338887	
0.372209	0.605466	
0.238263	0.667839	
0.674871	0.724095	
0.068663	0.480638	
0.364469	0.551285	
0.858998	0.012989	
0.090921	0.636447	
0.455127	0.185886	
0.301202	0.108415	
0.758903	0.312324	
0.186269	0.303884	
0.127185	0.890298	
0.232088	0.624616	
0.372313	0.606189	
0.243326	0.703280	
0.922957	0.460696	
0.224869	0.574083	
0.018579	0.130050	
0.910347	0.372431	
0.607016	0.249111	
0.743776	0.206433	
0.445032	0.115227	
0.806586	0.646099	
0.522692	0.658842	
0.611894	0.283259	
0.982813	0.879693	
0.157849	0.104944	
0.734608	0.142253	
0.995770	0.970390	
0.792732	0.549122	
0.843855	0.906986	
0.348902	0.442317	
0.096218	0.673524	
0.714667	0.002668	
0.018673	0.130712	
0.914984	0.404886	
0.834204	0.839429	
0.876004	0.132027	
0.924186	0.469305	
0.285136	0.995954	
0.971676	0.801729	
0.612104	0.284729	
0.993103	0.951724	
0.662070	0.634488	
0.441414	0.089901	
0.629305	0.405138	
0.835966	0.851764	
0.962350	0.736452	
0.155161	0.086126	
0.602880	0.220157	
0.541098	0.787688	
0.513818	0.596727	
0.177087	0.239611	
0.677275	0.740924	
0.186471	0.305300	
0.137101	0.959707	
0.717946	0.025620	
0.179338	0.255363	
0.787542	0.512794	
0.589559	0.126910	
0.888373	0.218613	
0.530292	0.712047	
0.984327	0.890289	
0.232024	0.624165	
0.369154	0.584081	
0.088567	0.619969	
0.339784	0.378487	
0.649409	0.545860	
0.821019	0.747135	
0.229946	0.609625	
0.267375	0.871623	
0.101363	0.709541	
0.966788	0.767518	
0.372625	0.608375	
0.258623	0.810363	
0.672542	0.707791	
0.954536	0.681755	
0.772285	0.405993	
0.841954	0.893681	
0.255765	0.790356	
0.532491	0.727435	
0.092045	0.644314	
0.510201	0.571405	
0.999838	0.998867	
0.992072	0.944506	
0.611544	0.280809	
0.965662	0.759635	
0.317444	0.222105	
0.554733	0.883134	
0.181940	0.273579	
0.915056	0.405392	
0.837742	0.864192	
0.049341	0.345388	
0.417715	0.924002	
0.468013	0.276094	
0.932660	0.528623	
0.700358	0.902507	
0.317550	0.222851	
0.559955	0.919687	
0.437806	0.064644	
0.452508	0.167557	
0.172901	0.210308	
0.472158	0.305104	
0.135726	0.950083	
0.650583	0.554079	
0.878551	0.149855	
0.048985	0.342892	
0.400241	0.801686	
0.611799	0.282590	
0.978132	0.846926	
0.928481	0.499364	
0.495550	0.468850	
0.281949	0.973642	
0.815494	0.708459	
0.959214	0.714499	
0.001496	0.010469	
0.073280	0.512957	
0.590696	0.134873	
0.944109	0.608763	
0.261343	0.829402	
0.805811	0.640674	
0.484718	0.393026	
0.751185	0.258294	
0.808061	0.656427	
0.594990	0.164933	
0.154530	0.081713	
0.571989	0.003921	
0.027444	0.192107	
0.344749	0.413242	
0.892694	0.248859	
0.742015	0.194107	
0.358749	0.511240	
0.578679	0.050754	
0.355277	0.486941	
0.408588	0.860113	
0.020790	0.145530	
0.018708	0.130956	
0.916689	0.416820	
0.917742	0.424192	
0.969344	0.785405	
0.497838	0.484865	
0.394053	0.758371	
0.308594	0.160155	
0.121084	0.847588	
0.933113	0.531788	
0.722517	0.057617	
0.403321	0.823249	
0.762745	0.339213	
0.374492	0.621442	
0.350094	0.450660	
0.154620	0.082343	
0.576404	0.034831	
0.243817	0.706721	
0.947045	0.629316	
0.405215	0.836506	
0.855541	0.988789	
0.921522	0.450652	
0.154563	0.081942	
0.573596	0.015175	
0.106222	0.743553	
0.204871	0.434095	
0.038665	0.270653	
0.894568	0.261975	
0.833824	0.836771	
0.857394	0.001756	
0.012290	0.086032	
0.602226	0.215584	
0.509085	0.563597	
0.945179	0.616252	
0.313767	0.196368	
0.374578	0.622047	
0.354329	0.480301	
0.362106	0.534745	
0.743218	0.202527	
0.417688	0.923813	
0.466693	0.266853	
0.867969	0.075781	
0.530467	0.713271	
0.992898	0.950285	
0.651995	0.563968	
0.947778	0.634449	
0.441144	0.088010	
0.616068	0.312479	
0.187356	0.311492	
0.180443	0.263101	
0.841705	0.891933	
0.243533	0.704731	
0.933117	0.531820	
0.722741	0.059188	
0.414318	0.900229	
0.301606	0.111241	
0.778689	0.450825	
0.155778	0.090449	
0.633145	0.432016	
0.024111	0.168780	
0.181461	0.270227	
0.891590	0.241130	
0.687913	0.815389	
0.707724	0.954065	
0.678457	0.749199	
0.244393	0.710754	
0.975281	0.826968	
0.788779	0.521450	
0.650150	0.551051	
0.857357	0.001498	
0.010483	0.073384	
0.513689	0.595821	
0.170749	0.195242	
0.366691	0.566837	
0.967862	0.775031	
0.425220	0.976540	
0.835777	0.850442	
0.953091	0.671640	
0.701477	0.910342	
0.372391	0.606735	
0.247146	0.730021	
0.110145	0.771018	
0.397123	0.779863	
0.459041	0.213284	
0.492989	0.450925	
0.156478	0.095345	
0.667414	0.671896	
0.703275	0.922922	
0.460457	0.223197	
0.562379	0.936652	
0.556565	0.895952	
0.271664	0.901649	
0.311545	0.180812	
0.265685	0.859797	
0.018582	0.130073	
0.910510	0.373568	
0.614973	0.304811	
0.133678	0.935746	
0.550225	0.851575	
0.961024	0.727166	
0.090164	0.631150	
0.418048	0.926337	
0.484360	0.390518	
0.733624	0.135371	
0.947596	0.633175	
0.432226	0.025583	
0.179079	0.253551	
0.774856	0.423991	
0.967934	0.775535	
0.428747	0.001228	
0.008593	0.060148	
0.421035	0.947246	
0.630719	0.415033	
0.905228	0.336599	
0.356194	0.493356	
0.453494	0.174459	
0.221211	0.548474	
0.839318	0.875226	
0.126580	0.886063	
0.202444	0.417107	
0.919750	0.438249	
0.067741	0.474186	
0.319304	0.235127	
0.645891	0.521239	
0.648670	0.540692	
0.784841	0.493888	
0.457218	0.200525	
0.403676	0.825734	
0.780139	0.460971	
0.226798	0.587585	
0.113096	0.791669	
0.541680	0.791757	
0.542297	0.796081	
0.572564	0.007945	
0.055614	0.389295	
0.725064	0.075451	
0.528154	0.697077	
0.879539	0.156771	
0.097394	0.681760	
0.772318	0.406228	
0.843596	0.905169	
0.336181	0.353267	
0.472872	0.310104	
0.170727	0.195088	
0.365613	0.559291	
0.915036	0.405251	
0.836758	0.857305	
0.001136	0.007954	
0.055677	0.389740	
0.728182	0.097275	
0.680925	0.766472	
0.365304	0.557130	
0.899912	0.299384	
0.095690	0.669831	
0.688818	0.821724	
0.752070	0.264492	
0.851445	0.960116	
0.720809	0.045663	
0.319639	0.237473	
0.662311	0.636176	
0.453232	0.172625	
0.208376	0.458634	
0.210437	0.473057	
0.311402	0.179814	
0.258698	0.810888	
0.676213	0.733490	
0.134429	0.941002	
0.587015	0.109104	
0.763731	0.346115	
0.422802	0.959612	
0.717287	0.021009	
0.147064	0.029445	
0.206115	0.442802	
0.099612	0.697286	
0.880999	0.166990	
0.168929	0.182502	
0.277514	0.942600	
0.598200	0.187397	
0.311778	0.182443	
0.277102	0.939712	
0.577985	0.045895	
0.321264	0.248851	
0.741959	0.193712	
0.355984	0.491890	
0.443228	0.102597	
0.718180	0.027257	
0.190802	0.335613	
0.349294	0.445059	
0.115416	0.807911	
0.655377	0.587642	
0.113491	0.794440	
0.561082	0.927572	
0.493005	0.451038	
0.157266	0.100859	
0.706016	0.942110	
0.594767	0.163370	
0.143593	0.005150	
0.036052	0.252366	
0.766563	0.365939	
0.561572	0.931003	
0.517023	0.619163	
0.334144	0.339005	
0.373037	0.611256	
0.278794	0.951560	
0.660921	0.626450	
0.385150	0.696052	
0.872365	0.106556	
0.745891	0.221236	
0.548655	0.840587	
0.884108	0.188757	
0.321296	0.249069	
0.743486	0.204402	
0.430811	0.015677	
0.109741	0.768189	
0.377323	0.641259	
0.488811	0.421678	
0.951748	0.662239	
0.635672	0.449704	
0.147930	0.035510	
0.248568	0.739973	
0.179811	0.258676	
0.810732	0.675122	
0.725856	0.080990	
0.566933	0.968531	
0.779716	0.458014	
0.206097	0.442680	
0.098758	0.691305	
0.839132	0.873924	
0.117465	0.822257	
0.755800	0.290598	
0.034185	0.239293	
0.675052	0.725364	
0.077545	0.542817	
0.799721	0.598044	
0.186309	0.304160	
0.129119	0.903832	
0.326824	0.287768	
0.014375	0.100625	
0.704375	0.930623	
0.514359	0.600515	
0.203603	0.425221	
0.976545	0.835815	
0.850706	0.954943	
0.684600	0.792201	
0.545404	0.817831	
0.724818	0.073723	
0.516061	0.612426	
0.286985	0.008897	
0.062276	0.435935	
0.051548	0.360839	
0.525871	0.681096	
0.767674	0.373719	
0.616030	0.312210	
0.185468	0.298273	
0.087910	0.615367	
0.307568	0.152977	
0.070840	0.495880	
0.471157	0.298100	
0.086697	0.606877	
0.248136	0.736949	
0.158640	0.110481	
0.773366	0.413559	
0.894910	0.264371	
0.850594	0.954161	
0.679130	0.753910	
0.277371	0.941600	
0.591199	0.138396	
0.968775	0.781423	
0.469958	0.289707	
0.027947	0.195627	
0.369391	0.585738	
0.100168	0.701174	
0.908216	0.357515	
0.502604	0.518226	
0.627580	0.393061	
0.751430	0.260008	
0.820053	0.740372	
0.182602	0.278214	
0.947500	0.632502	
0.427513	0.992592	
0.948145	0.637014	
0.459100	0.213699	
0.495890	0.471229	
0.298606	0.090241	
0.631685	0.421795	
0.952564	0.667946	
0.675623	0.729363	
0.105540	0.738778	
0.171445	0.200115	
0.400803	0.805624	
0.639370	0.475587	
0.329106	0.303739	
0.126174	0.883215	
0.182508	0.277555	
0.942883	0.600178	
0.201244	0.408707	
0.860950	0.026651	
0.186559	0.305914	
0.141401	0.989808	
0.928653	0.500569	
0.503986	0.527900	
0.695297	0.867082	
0.069574	0.487020	
0.409141	0.863989	
0.047923	0.335462	
0.348236	0.437651	
0.063559	0.444910	
0.114367	0.800566	
0.603963	0.227740	
0.594183	0.159282	
0.114977	0.804837	
0.633862	0.437035	
0.059243	0.414698	
0.902889	0.320222	
0.241553	0.690868	
0.836078	0.852549	
0.967843	0.774900	
0.424300	0.970097	
0.790680	0.534757	
0.743300	0.203103	
0.421718	0.952024	
0.664168	0.649177	
0.544241	0.809689	
0.667820	0.674742	
0.723191	0.062336	
0.436352	0.054467	
0.381268	0.668877	
0.682136	0.774951	
0.424658	0.972608	
0.808257	0.657798	
0.604584	0.232091	
0.624639	0.372474	
0.607318	0.251225	
0.758573	0.310010	
0.170067	0.190470	
0.333293	0.333052	
0.331362	0.319536	
0.236749	0.657245	
0.600712	0.204985	
0.434897	0.044281	
0.309967	0.169768	
0.188373	0.318612	
0.230281	0.611970	
0.283791	0.986539	
0.905776	0.340434	
0.383037	0.681259	
0.768813	0.381689	
0.671823	0.702762	
0.919336	0.435350	
0.047450	0.332152	
0.325063	0.275442	
0.928097	0.496676	
0.476731	0.337117	
0.359819	0.518734	
0.631141	0.417986	
0.925902	0.481314	
0.369195	0.584368	
0.090574	0.634019	
0.438131	0.066918	
0.468425	0.278975	
0.952825	0.669772	
0.688405	0.818834	
0.731838	0.122867	
0.860071	0.020497	
0.143482	0.004374	
0.030616	0.214311	
0.500178	0.501244	
0.508706	0.560944	
0.926608	0.486259	
0.403816	0.826713	
0.786993	0.508953	
0.562672	0.938705	
0.570933	0.996528	
0.975699	0.829890	
0.809233	0.664633	
0.652432	0.567023	
0.969162	0.784136	
0.488949	0.422640	
0.958483	0.709381	
0.965670	0.759688	
0.317819	0.224735	
0.573146	0.012019	
0.084132	0.588927	
0.122491	0.857434	
0.002037	0.014258	
0.099803	0.698621	
0.890350	0.232448	
0.627135	0.389944	
0.729607	0.107247	
0.750731	0.255115	
0.785803	0.500624	
0.504365	0.530552	
0.713866	0.997064	
0.979445	0.856112	
0.992782	0.949471	
0.646300	0.524098	
0.668689	0.680823	
0.765761	0.360330	
0.522309	0.656163	
0.593142	0.151993	
0.063953	0.447669	
0.133686	0.935802	
0.550611	0.854280	
0.979962	0.859737	
0.018160	0.127122	
0.889856	0.228993	
0.602953	0.220671	
0.544699	0.812892	
0.690247	0.831728	
0.822095	0.754663	
0.282642	0.978491	
0.849440	0.946083	
0.622582	0.358071	
0.506495	0.545462	
0.818234	0.727640	
0.093477	0.654339	
0.580376	0.062633	
0.438432	0.069023	
0.483159	0.382110	
0.674772	0.723407	
0.063852	0.446965	
0.128757	0.901299	
0.309093	0.163652	
0.145561	0.018926	
0.132479	0.927354	
0.491475	0.440324	
0.082268	0.575878	
0.031144	0.218008	
0.526055	0.682382	
0.776675	0.436728	
0.057094	0.399658	
0.797603	0.583219	
0.082535	0.577747	
0.044226	0.309583	
0.167080	0.169561	
0.186924	0.308468	
0.159277	0.114942	
0.804595	0.632162	
0.425133	0.975931	
0.831516	0.820615	
0.744308	0.210159	
0.471114	0.297795	
0.084565	0.591952	
0.143664	0.005645	
0.039514	0.276596	
0.936172	0.553207	
0.872448	0.107137	
0.749962	0.249735	
0.748143	0.236999	
0.658993	0.612950	
0.290649	0.034543	
0.241798	0.692583	
0.848082	0.936575	
0.556028	0.892196	
0.245374	0.717618	
0.023324	0.163270	
0.142887	0.000207	
0.001449	0.010144	
0.071011	0.497078	
0.479544	0.356806	
0.497645	0.483513	
0.384593	0.692152	
0.845065	0.915452	
0.408162	0.857134	
0.999940	0.999583	
0.997082	0.979571	
0.857000	0.999002	
0.993015	0.951106	
0.657739	0.604172	
0.229205	0.604432	
0.231027	0.617188	
0.320317	0.242221	
0.695547	0.868831	
0.081817	0.572718	
0.009027	0.063188	
0.442318	0.096228	
0.673594	0.715157	
0.006098	0.042684	
0.298791	0.091538	
0.640763	0.485338	
0.397363	0.781542	
0.470794	0.295556	
0.068895	0.482265	
0.375853	0.630972	
0.416803	0.917619	
0.423334	0.963337	
0.743357	0.203496	
0.424471	0.971299	
0.799091	0.593640	
0.155481	0.088364	
0.618548	0.329836	
0.308851	0.161954	
0.133680	0.935762	
0.550335	0.852343	
0.966402	0.764811	
0.353678	0.475747	
0.330227	0.311589	
0.181121	0.267845	
0.874912	0.124383	
0.870682	0.094775	
0.663424	0.643971	
0.507796	0.554570	
0.881990	0.173932	
0.217527	0.522687	
0.658806	0.611639	
0.281476	0.970334	
0.792335	0.546344	
0.824405	0.770836	
0.395854	0.770979	
0.396851	0.777960	
0.445722	0.120054	
0.840380	0.882658	
0.178606	0.250243	
0.751699	0.261894	
0.833260	0.832819	
0.829734	0.808140	
0.656982	0.598876	
0.192133	0.344934	
0.414536	0.901749	
0.312241	0.185684	
0.299790	0.098532	
0.689723	0.828061	
0.796426	0.574982	
0.024871	0.174100	
0.218700	0.530900	
0.716299	0.014094	
0.098656	0.690593	
0.834149	0.839042	
0.873294	0.113056	
0.791394	0.539759	
0.778316	0.448214	
0.137499	0.962496	
0.737469	0.162280	
0.135961	0.951730	
0.662109	0.634765	
0.443357	0.103502	
0.724513	0.071593	
0.501148	0.508034	
0.556235	0.893644	
0.255510	0.788571	
0.519997	0.639978	
0.479843	0.358900	
0.512299	0.586091	
0.102638	0.718466	
0.029259	0.204812	
0.433685	0.035792	
0.250544	0.753808	
0.276658	0.936609	
0.556266	0.893865	
0.257054	0.799376	
0.595635	0.169447	
0.186130	0.302907	
0.120349	0.842440	
0.897081	0.279570	
0.956988	0.698919	
0.892436	0.247049	
0.729344	0.105408	
0.737857	0.164999	
0.154991	0.084939	
0.594573	0.162012	
0.134085	0.938592	
0.570147	0.991032	
0.937224	0.560565	
0.923955	0.467684	
0.273788	0.916519	
0.415632	0.909425	
0.365977	0.561839	
0.932874	0.530117	
0.710817	0.975718	
0.830026	0.810184	
0.671291	0.699040	
0.893281	0.252967	
0.770770	0.395393	
0.767751	0.374257	
0.619802	0.338612	
0.370282	0.591972	
0.143801	0.006610	
0.046270	0.323889	
0.267220	0.870540	
0.093780	0.656462	
0.595234	0.166635	
0.166447	0.165132	
0.155922	0.091453	
0.640172	0.481207	
0.368450	0.579153	
0.054072	0.378506	
0.649540	0.546778	
0.827443	0.792100	
0.544700	0.812897	
0.690276	0.831934	
0.823538	0.764767	
0.353369	0.473580	
0.315058	0.205409	
0.437866	0.065062	
0.455435	0.188043	
0.316302	0.214111	
0.498774	0.491416	
0.439913	0.079393	
0.555752	0.890265	
0.231854	0.622978	
0.360844	0.525911	
0.681377	0.769637	
0.387457	0.712200	
0.985403	0.897818	
0.284729	0.993101	
0.951708	0.661953	
0.633672	0.435701	
0.049908	0.349356	
0.445493	0.118454	
0.829179	0.804253	
0.629770	0.408388	
0.858713	0.010994	
0.076960	0.538723	
0.771064	0.397447	
0.782130	0.474913	
0.324392	0.270743	
0.895198	0.266388	
0.864717	0.053019	
0.371131	0.597916	
0.185414	0.297895	
0.085268	0.596877	
0.178141	0.246989	
0.728922	0.102451	
0.717159	0.020115	
0.140803	0.985624	
0.899367	0.295567	
0.068968	0.482778	
0.379447	0.656130	
0.592912	0.150382	
0.052673	0.368710	
0.580972	0.066805	
0.467633	0.273430	
0.914009	0.398063	
0.786441	0.505084	
0.535590	0.749127	
0.243889	0.707223	
0.950560	0.653921	
0.577444	0.042111	
0.294778	0.063445	
0.444114	0.108800	
0.761600	0.331199	
0.318396	0.228772	
0.601401	0.209805	
0.468636	0.280453	
0.963173	0.742213	
0.195490	0.368429	
0.579003	0.053022	
0.371154	0.598076	
0.186530	0.305708	
0.139959	0.979712	
0.857984	0.005888	
0.041216	0.288515	
0.019604	0.137228	
0.960599	0.724194	
0.069358	0.485507	
0.398552	0.789862	
0.529036	0.703252	
0.922765	0.459354	
0.215478	0.508347	
0.558427	0.908990	
0.362930	0.540507	
0.783551	0.484857	
0.393999	0.757993	
0.305952	0.141667	
0.991667	0.941670	
0.591687	0.141811	
0.992679	0.948753	
0.641268	0.488877	
0.422140	0.954983	
0.684884	0.794187	
0.559311	0.915179	
0.406252	0.843762	
0.906334	0.344338	
0.410367	0.872572	
0.108007	0.756052	
0.292361	0.046524	
0.325669	0.279684	
0.957786	0.704501	
0.931507	0.520546	
0.643823	0.506758	
0.547309	0.831166	
0.818162	0.727137	
0.089958	0.629704	
0.407928	0.855494	
0.988457	0.919202	
0.434415	0.040904	
0.286329	0.004305	
0.030135	0.210947	
0.476629	0.336404	
0.354826	0.483779	
0.386452	0.705162	
0.936131	0.552918	
0.870429	0.093004	
0.651026	0.557179	
0.900255	0.301784	
0.112485	0.787397	
0.511776	0.582433	
0.077031	0.539217	
0.774516	0.421614	
0.951301	0.659105	
0.613738	0.296164	
0.073150	0.512052	
0.584365	0.090557	
0.633901	0.437306	
0.061141	0.427986	
0.995903	0.971321	
0.799247	0.594726	
0.163083	0.141579	
0.991052	0.937363	
0.561540	0.930782	
0.515475	0.608327	
0.258286	0.808002	
0.656012	0.592085	
0.144593	0.012153	
0.085071	0.595500	
0.168503	0.179524	
0.256665	0.796656	
0.576589	0.036122	
0.252856	0.769994	
0.389957	0.729701	
0.107909	0.755365	
0.287554	0.012878	
0.090143	0.631004	
0.417030	0.919207	
0.434449	0.041141	
0.287986	0.015900	
0.111303	0.779118	
0.453826	0.176779	
0.237454	0.662180	
0.635257	0.446802	
0.127617	0.893318	
0.253226	0.772579	
0.408053	0.856374	
0.994615	0.962302	
0.736112	0.152787	
0.069511	0.486579	
0.406050	0.842351	
0.896457	0.275201	
0.926404	0.484827	
0.393788	0.756513	
0.295593	0.069154	
0.484080	0.388561	
0.719924	0.039469	
0.276281	0.933965	
0.537753	0.764274	
0.349921	0.449444	
0.146108	0.022753	
0.159273	0.114914	
0.804401	0.630806	
0.415642	0.909493	
0.366450	0.565151	
0.956058	0.692404	
0.846830	0.927810	
0.494671	0.462695	
0.238866	0.672065	
0.704453	0.931170	
0.518193	0.627354	
0.391478	0.740348	
0.182437	0.277060	
0.939417	0.575921	
0.031444	0.220109	
0.540761	0.785324	
0.497265	0.480854	
0.365978	0.561846	
0.932921	0.530449	
0.713145	0.992013	
0.944088	0.608615	
0.260305	0.822137	
0.754956	0.284692	
0.992841	0.949889	
0.649220	0.544538	
0.811767	0.682371	
0.776600	0.436197	
0.053376	0.373633	
0.615428	0.307999	
0.155990	0.091928	
0.643498	0.504488	
0.531418	0.719925	
0.039473	0.276313	
0.934193	0.539349	
0.775443	0.428098	
0.996687	0.976810	
0.837671	0.863697	
0.045880	0.321161	
0.248128	0.736898	
0.158288	0.108014	
0.756095	0.292665	
0.048653	0.340568	
0.383978	0.687845	
0.814917	0.704416	
0.930912	0.516387	
0.614712	0.302984	
0.120891	0.846237	
0.923660	0.465623	
0.259359	0.815513	
0.708588	0.960115	
0.720808	0.045657	
0.319602	0.237216	
0.660511	0.623576	
0.365029	0.555203	
0.886420	0.204943	
0.434598	0.042185	
0.295295	0.067068	
0.469474	0.286319	
0.004232	0.029622	
0.207353	0.451472	
0.160303	0.122118	
0.854823	0.983762	
0.886337	0.204360	
0.430521	0.013650	
0.095547	0.668832	
0.681825	0.772772	
0.409403	0.865820	
0.060737	0.425158	
0.976104	0.832729	
0.829102	0.803715	
0.626005	0.382038	
0.674264	0.719847	
0.038928	0.272499	
0.907491	0.352438	
0.467069	0.269485	
0.886396	0.204775	
0.433423	0.033964	
0.237750	0.664252	
0.649766	0.548364	
0.838550	0.869848	
0.088935	0.622546	
0.357823	0.504764	
0.533348	0.733434	
0.134041	0.938285	
0.567998	0.975987	
0.831907	0.823352	
0.763466	0.344263	
0.409840	0.868877	
0.082140	0.574982	
0.024872	0.174106	
0.218741	0.531187	
0.718310	0.028173	
0.197214	0.380495	
0.663465	0.644254	
0.509775	0.568422	
0.978957	0.852698	
0.968884	0.782189	
0.475322	0.327252	
0.290766	0.035364	
0.247549	0.732841	
0.129889	0.909220	
0.364537	0.551762	
0.862334	0.036338	
0.254363	0.780544	
0.463811	0.246678	
0.726744	0.087209	
0.610463	0.273242	
0.912695	0.388864	
0.722046	0.054323	
0.380264	0.661845	
0.632916	0.430409	
0.012861	0.090026	
0.630183	0.411279	
0.878955	0.152684	
0.068786	0.481503	
0.370524	0.593667	
0.155669	0.089684	
0.627791	0.394540	
0.761778	0.332448	
0.327135	0.289943	
0.029603	0.207219	
0.450530	0.153707	
0.075948	0.531633	
0.721433	0.050031	
0.350218	0.451527	
0.160688	0.124818	
0.873725	0.116074	
0.812518	0.687623	
0.813359	0.693515	
0.854603	0.982219	
0.875531	0.128718	
0.901024	0.307167	
0.150171	0.051195	
0.358364	0.508551	
0.559854	0.918977	
0.432839	0.029873	
0.209114	0.463796	
0.246571	0.725997	
0.081978	0.573848	
0.016936	0.118554	
0.829881	0.809168	
0.664177	0.649240	
0.544678	0.812744	
0.689211	0.824476	
0.771330	0.399307	
0.795148	0.566033	
0.962231	0.735616	
0.149311	0.045176	
0.316233	0.213632	
0.495426	0.467985	
0.275897	0.931280	
0.518963	0.632742	
0.429192	0.004343	
0.030399	0.212796	
0.489570	0.426993	
0.988949	0.922645	
0.458515	0.209605	
0.467238	0.270665	
0.894655	0.262583	
0.838079	0.866554	
0.065880	0.461162	
0.228136	0.596954	
0.178675	0.250722	
0.755054	0.285376	
0.997632	0.983421	
0.883945	0.187614	
0.313298	0.193085	
0.351595	0.461165	
0.228157	0.597097	
0.179676	0.257732	
0.804125	0.628875	
0.402127	0.814889	
0.704221	0.929546	
0.506819	0.547736	
0.834154	0.839075	
0.873527	0.114688	
0.802814	0.619698	
0.337886	0.365202	
0.556417	0.894920	
0.264437	0.851057	
0.957398	0.701786	
0.912504	0.387526	
0.712684	0.988786	
0.921502	0.450514	
0.153595	0.075166	
0.526161	0.683125	
0.781876	0.473134	
0.311937	0.183561	
0.284927	0.994490	
0.961428	0.729995	
0.109967	0.769766	
0.388360	0.718522	
0.029655	0.207583	
0.453079	0.171554	
0.200877	0.406136	
0.842953	0.900671	
0.304695	0.132866	
0.930060	0.510419	
0.572930	0.010513	
0.073588	0.515114	
0.605799	0.240595	
0.684163	0.789139	
0.523972	0.667804	
0.674626	0.722383	
0.056681	0.396769	
0.777382	0.441675	
0.091722	0.642057	
0.494401	0.460807	
0.225648	0.579537	
0.056760	0.397323	
0.781264	0.468850	
0.281951	0.973659	
0.815615	0.709302	
0.965115	0.755807	
0.290649	0.034540	
0.241778	0.692449	
0.847142	0.929993	
0.509954	0.569679	
0.987756	0.914292	
0.400044	0.800311	
0.602175	0.215226	
0.506581	0.546068	
0.822479	0.757355	
0.301487	0.110412	
0.772884	0.410187	
0.871307	0.099147	
0.694029	0.858205	
0.007435	0.052048	
0.364335	0.550344	
0.852406	0.966842	
0.767891	0.375236	
0.626655	0.386583	
0.706083	0.942583	
0.598078	0.186543	
0.305800	0.140600	
0.984200	0.889399	
0.225793	0.580554	
0.063876	0.447130	
0.129910	0.909370	
0.365593	0.559149	
0.914045	0.398315	
0.788205	0.517437	
0.622061	0.354426	
0.480984	0.366885	
0.568194	0.977360	
0.841517	0.890621	
0.234344	0.640409	
0.482861	0.380024	
0.660167	0.621170	
0.348189	0.437322	
0.061254	0.428777	
0.001438	0.010064	
0.070446	0.493122	
0.451851	0.162955	
0.140685	0.984798	
0.893583	0.255084	
0.785590	0.499130	
0.493911	0.457375	
0.201623	0.411358	
0.879503	0.156524	
0.095671	0.669700	
0.687897	0.815282	
0.706976	0.948831	
0.641818	0.492729	
0.449103	0.143719	
0.006030	0.042209	
0.295461	0.068228	
0.477595	0.343165	
0.402156	0.815089	
0.705625	0.939376	
0.575631	0.029418	
0.205926	0.441480	
0.090358	0.632503	
0.427523	0.992661	
0.948630	0.640410	
0.482868	0.380079	
0.660555	0.623888	
0.367215	0.570503	
0.993523	0.954662	
0.682632	0.778427	
0.448987	0.142907	
0.000352	0.002461	
0.017224	0.120565	
0.843958	0.907706	
0.353943	0.477601	
0.343206	0.402439	
0.817075	0.719523	
0.036658	0.256604	
0.796225	0.573573	
0.015009	0.105064	
0.735450	0.148147	
0.037032	0.259224	
0.814565	0.701953	
0.913669	0.395681	
0.769765	0.388355	
0.718482	0.029374	
0.205616	0.439313	
0.075188	0.526314	
0.684198	0.789386	
0.525701	0.679910	
0.759368	0.315575	
0.209024	0.463169	
0.242180	0.695262	
0.866837	0.067859	
0.475013	0.325088	
0.275618	0.929328	
0.505294	0.537056	
0.759389	0.315721	
0.210050	0.470352	
0.292466	0.047261	
0.330828	0.315799	
0.210595	0.474168	
0.319178	0.234244	
0.639710	0.477973	
0.345813	0.420693	
0.944848	0.613933	
0.297534	0.082737	
0.579162	0.054133	
0.378932	0.652521	
0.567645	0.973514	
0.814599	0.702196	
0.915372	0.407602	
0.853212	0.972483	
0.807384	0.651690	
0.561827	0.932792	
0.529544	0.706805	
0.947635	0.633444	
0.434105	0.038737	
0.271159	0.898115	
0.286805	0.007632	
0.053427	0.373986	
0.617903	0.325319	
0.277231	0.940620	
0.584339	0.090371	
0.632596	0.428174	
0.997220	0.980537	
0.863759	0.046311	
0.324177	0.269237	
0.884659	0.192613	
0.348290	0.438027	
0.066186	0.463302	
0.243111	0.701780	
0.912463	0.387239	
0.710670	0.974688	
0.822819	0.759735	
0.318143	0.227003	
0.589022	0.123154	
0.862081	0.034570	
0.241988	0.693917	
0.857420	0.001937	
0.013558	0.094903	
0.664322	0.650252	
0.551766	0.862364	
0.036551	0.255855	
0.790983	0.536878	
0.758147	0.307026	
0.149184	0.044290	
0.310032	0.170226	
0.191579	0.341052	
0.387365	0.711552	
0.980861	0.866028	
0.062197	0.435380	
0.047658	0.333604	
0.335229	0.346606	
0.426245	0.983715	
0.886003	0.202019	
0.414136	0.898950	
0.292648	0.048536	
0.339754	0.378279	
0.647953	0.535672	
0.749702	0.247915	
0.735402	0.147815	
0.034703	0.242924	
0.700471	0.903295	
0.323066	0.261463	
0.830241	0.811688	
0.681815	0.772707	
0.408950	0.862653	
0.038571	0.270000	
0.890000	0.229998	
0.609987	0.269908	
0.889355	0.225488	
0.578417	0.048918	
0.342427	0.396986	
0.778904	0.452325	
0.166276	0.163933	
0.147531	0.032717	
0.229020	0.603138	
0.221967	0.553771	
0.876394	0.134761	
0.943328	0.603295	
0.223066	0.561464	
0.930245	0.511713	
0.581988	0.073918	
0.517426	0.621979	
0.353855	0.476985	
0.338896	0.372269	
0.605882	0.241176	
0.688233	0.817631	
0.723420	0.063942	
0.447593	0.133154	
0.932079	0.524553	
0.671871	0.703098	
0.921687	0.451809	
0.162661	0.138628	
0.970396	0.792769	
0.549381	0.845664	
0.919648	0.437536	
0.062752	0.439266	
0.074860	0.524017	
0.668118	0.676828	
0.737797	0.164581	
0.152068	0.064478	
0.451346	0.159423	
0.115960	0.811721	
0.682049	0.774344	
0.420411	0.942879	
0.600153	0.201068	
0.407475	0.852324	
0.966271	0.763896	
0.347273	0.430911	
0.016374	0.114617	
0.802321	0.616245	
0.313715	0.196003	
0.372021	0.604149	
0.229044	0.603309	
0.223165	0.562155	
0.935088	0.545614	
0.819299	0.735096	
0.145673	0.019710	
0.137971	0.965797	
0.760580	0.324061	
0.268425	0.878973	
0.152813	0.069689	
0.487821	0.414744	
0.903208	0.322454	
0.257180	0.800262	
0.601834	0.212837	
0.489860	0.429018	
0.003129	0.021902	
0.153317	0.073216	
0.512515	0.587608	
0.113257	0.792801	
0.549605	0.847236	
0.930649	0.514546	
0.601825	0.212773	
0.489411	0.425880	
0.981163	0.868138	
0.076964	0.538747	
0.771231	0.398619	
0.790334	0.532335	
0.726346	0.084424	
0.590969	0.136781	
0.957469	0.702280	
0.915960	0.411717	
0.882021	0.174144	
0.219011	0.533076	
0.731529	0.120706	
0.844940	0.914577	
0.402037	0.814262	
0.699835	0.898845	
0.291913	0.043391	
0.303735	0.126142	
0.882997	0.180981	
0.266866	0.868062	
0.076437	0.535059	
0.745416	0.217914	
0.525397	0.677777	
0.744437	0.211057	
0.477396	0.341773	
0.392408	0.746857	
0.227996	0.595974	
0.171821	0.202746	
0.419222	0.934554	
0.541876	0.793134	
0.551935	0.863543	
0.044798	0.313584	
0.195088	0.365618	
0.559323	0.915258	
0.406807	0.847652	
0.933565	0.534957	
0.744701	0.212906	
0.490341	0.432390	
0.026729	0.187100	
0.309702	0.167913	
0.175390	0.227728	
0.594098	0.158688	
0.110815	0.775703	
0.429923	0.009458	
0.066206	0.463440	
0.244077	0.708538	
0.959769	0.718380	
0.028660	0.200622	
0.404357	0.830500	
0.813497	0.694482	
0.861374	0.029620	
0.207337	0.451357	
0.159500	0.116499	
0.815496	0.708470	
0.959289	0.715026	
0.005181	0.036264	
0.253850	0.776947	
0.438626	0.070380	
0.492659	0.448611	
0.140279	0.981955	
0.873688	0.115816	
0.810712	0.674982	
0.724875	0.074128	
0.518896	0.632271	
0.425897	0.981276	
0.868932	0.082527	
0.577690	0.043832	
0.306821	0.147747	
0.034227	0.239589	
0.677123	0.739860	
0.179023	0.253162	
0.772134	0.404937	
0.834559	0.841912	
0.893384	0.253689	
0.775821	0.430745	
0.015212	0.106483	
0.745383	0.217684	
0.523786	0.666504	
0.665527	0.658687	
0.610810	0.275668	
0.929673	0.507712	
0.553985	0.877893	
0.145254	0.016778	
0.117446	0.822124	
0.754867	0.284069	
0.988485	0.919398	
0.435787	0.050508	
0.353554	0.474881	
0.324168	0.269176	
0.884233	0.189630	
0.327413	0.291893	
0.043248	0.302737	
0.119161	0.834126	
0.838882	0.872177	
0.105240	0.736677	
0.156737	0.097159	
0.680111	0.760778	
0.325445	0.278117	
0.946818	0.627727	
0.394088	0.758614	
0.310297	0.172080	
0.204559	0.431912	
0.023384	0.163691	
0.145839	0.020875	
0.146122	0.022853	
0.159972	0.119804	
0.838629	0.870402	
0.092817	0.649720	
0.548039	0.836272	
0.853904	0.977328	
0.841295	0.889062	
0.223433	0.564029	
0.948202	0.637415	
0.461905	0.233333	
0.633332	0.433325	
0.033275	0.232924	
0.630467	0.413266	
0.892860	0.250021	
0.750149	0.251042	
0.757291	0.301035	
0.107247	0.750729	
0.255104	0.785727	
0.500087	0.500608	
0.504256	0.529790	
0.708530	0.959710	
0.717973	0.025813	
0.180694	0.264860	
0.854019	0.978134	
0.846940	0.928583	
0.500084	0.500586	
0.504100	0.528699	
0.700890	0.906233	
0.343630	0.405412	
0.837884	0.865188	
0.056313	0.394190	
0.759328	0.315294	
0.207060	0.449419	
0.145934	0.021537	
0.150761	0.055326	
0.387279	0.710952	
0.976664	0.836646	
0.856522	0.995656	
0.969595	0.787166	
0.510159	0.571116	
0.997814	0.984696	
0.892872	0.250104	
0.750727	0.255089	
0.785626	0.499379	
0.495653	0.469569	
0.286985	0.008893	
0.062252	0.435762	
0.050336	0.352355	
0.466484	0.265391	
0.857736	0.004153	
0.029068	0.203473	
0.424313	0.970188	
0.791314	0.539198	
0.774383	0.420683	
0.944784	0.613488	
0.294414	0.060898	
0.426289	0.984026	
0.888180	0.217263	
0.520843	0.645898	
0.521289	0.649022	
0.543152	0.802065	
0.614453	0.301174	
0.108221	0.757546	
0.302824	0.119765	
0.838356	0.868489	
0.079422	0.555951	
0.891657	0.241598	
0.691189	0.838323	
0.868264	0.077846	
0.544921	0.814445	
0.701117	0.907820	
0.354743	0.483200	
0.382401	0.676809	
0.737666	0.163660	
0.145617	0.019322	
0.135255	0.946783	
0.627482	0.392371	
0.746594	0.226157	
0.583099	0.081690	
0.571831	0.002817	
0.019722	0.138055	
0.966383	0.764681	
0.352769	0.469382	
0.285677	0.999739	
0.998174	0.987219	
0.910530	0.373711	
0.615976	0.311830	
0.182813	0.279692	
0.957843	0.704902	
0.934313	0.540191	
0.781340	0.469378	
0.285649	0.999543	
0.996802	0.977612	
0.843286	0.903002	
0.321012	0.247082	
0.729574	0.107016	
0.749113	0.243791	
0.706539	0.945773	
0.620411	0.342880	
0.400162	0.801136	
0.607954	0.255679	
0.789752	0.528261	
0.697826	0.884781	
0.193470	0.354289	
0.480025	0.360172	
0.521206	0.648444	
0.539109	0.773763	
0.416339	0.914373	
0.400612	0.804281	
0.629968	0.409778	
0.868448	0.079134	
0.553939	0.877570	
0.142990	0.000927	
0.006487	0.045411	
0.317880	0.225163	
0.576144	0.033011	
0.231078	0.617547	
0.322829	0.259800	
0.818598	0.730186	
0.111299	0.779091	
0.453637	0.175458	
0.228206	0.597440	
0.182079	0.274556	
0.921891	0.453235	
0.172642	0.208494	
0.459461	0.216226	
0.513582	0.595077	
0.165536	0.158753	
0.111269	0.778880	
0.452159	0.165112	
0.155785	0.090495	
0.633463	0.434239	
0.039673	0.277708	
0.943953	0.607670	
0.253691	0.775835	
0.430848	0.015937	
0.111557	0.780899	
0.466296	0.264073	
0.848514	0.939596	
0.577170	0.040188	
0.281315	0.969203	
0.784420	0.490937	
0.436558	0.055908	
0.391356	0.739489	
0.176423	0.234958	
0.644704	0.512929	
0.590501	0.133510	
0.934571	0.542000	
0.793999	0.557995	
0.905964	0.341746	
0.392221	0.745545	
0.218817	0.531717	
0.722016	0.054112	
0.378781	0.651466	
0.560262	0.921836	
0.452849	0.169943	
0.189600	0.327201	
0.290406	0.032840	
0.229879	0.609156	
0.264089	0.848620	
0.940341	0.582387	
0.076712	0.536987	
0.758906	0.312339	
0.186375	0.304624	
0.132371	0.926597	
0.486179	0.403252	
0.822767	0.759370	
0.315587	0.209109	
0.463766	0.246359	
0.724510	0.071567	
0.500969	0.506782	
0.547476	0.832333	
0.826328	0.784294	
0.490057	0.430402	
0.012811	0.089674	
0.627715	0.394008	
0.758053	0.306371	
0.144600	0.012202	
0.085417	0.597916	
0.185411	0.297874	
0.085118	0.595823	
0.170761	0.195327	
0.367289	0.571020	
0.997140	0.979981	
0.859864	0.019047	
0.133330	0.933307	
0.533149	0.732046	
0.124325	0.870272	
0.091901	0.643307	
0.503152	0.522065	
0.654452	0.581161	
0.068128	0.476896	
0.338270	0.367889	
0.575225	0.026572	
0.186001	0.302004	
0.114030	0.798212	
0.587487	0.112409	
0.786863	0.508041	
0.556288	0.894017	
0.258118	0.806828	
0.647794	0.534555	
0.741885	0.193197	
0.352376	0.466634	
0.266436	0.865052	
0.055367	0.387570	
0.712991	0.990935	
0.936544	0.555808	
0.890659	0.234614	
0.642296	0.496070	
0.472487	0.307408	
0.151855	0.062985	
0.440895	0.086265	
0.603856	0.226994	
0.588956	0.122694	
0.858857	0.011996	
0.083974	0.587816	
0.114714	0.802999	
0.620994	0.346960	
0.428723	0.001064	
0.007451	0.052157	
0.365096	0.555669	
0.889682	0.227773	
0.594409	0.160863	
0.126040	0.882277	
0.175940	0.231579	
0.621056	0.347389	
0.431720	0.022042	
0.154294	0.080056	
0.560393	0.922753	
0.459274	0.214918	
0.504428	0.530997	
0.716978	0.018845	
0.131912	0.923386	
0.463701	0.245905	
0.721333	0.049331	
0.345320	0.417242	
0.920695	0.444864	
0.114049	0.798346	
0.588419	0.118932	
0.832521	0.827647	
0.793526	0.554684	
0.882785	0.179493	
0.256448	0.795136	
0.565951	0.961657	
0.731597	0.121176	
0.848233	0.937634	
0.563437	0.944061	
0.608428	0.258996	
0.812975	0.690822	
0.835755	0.850288	
0.952015	0.664105	
0.648738	0.541164	
0.788147	0.517030	
0.619207	0.334449	
0.341141	0.387986	
0.715903	0.011319	
0.079233	0.554631	
0.882417	0.176916	
0.238409	0.668863	
0.682041	0.774286	
0.420000	0.939997	
0.579977	0.059841	
0.418887	0.932210	
0.525467	0.678269	
0.747886	0.235201	
0.646409	0.524861	
0.674029	0.718206	
0.027442	0.192092	
0.344641	0.412488	
0.887414	0.211895	
0.483268	0.382874	
0.680116	0.760815	
0.325706	0.279940	
0.959581	0.717065	
0.019454	0.136176	
0.953233	0.672630	
0.708411	0.958874	
0.712116	0.984809	
0.893661	0.255627	
0.789392	0.525743	
0.680202	0.761412	
0.329885	0.309194	
0.164357	0.150496	
0.053470	0.374287	
0.620009	0.340066	
0.380460	0.663221	
0.642545	0.497812	
0.484687	0.392809	
0.749661	0.247627	
0.733391	0.133735	
0.936147	0.553030	
0.871210	0.098467	
0.689270	0.824888	
0.774216	0.419514	
0.936599	0.556194	
0.893357	0.253502	
0.774511	0.421577	
0.951038	0.657265	
0.600858	0.206005	
0.442032	0.094223	
0.659563	0.616940	
0.318581	0.230070	
0.610490	0.273429	
0.914001	0.398009	
0.786065	0.502453	
0.517174	0.620219	
0.341532	0.390725	
0.735072	0.145505	
0.018536	0.129752	
0.908261	0.357827	
0.504791	0.533538	
0.734767	0.143368	
0.003573	0.025011	
0.175078	0.225545	
0.578814	0.051695	
0.361864	0.533045	
0.731318	0.119226	
0.834580	0.842057	
0.894396	0.260770	
0.825387	0.777711	
0.443977	0.107838	
0.754868	0.284078	
0.988548	0.919836	
0.438853	0.071968	
0.503774	0.526416	
0.684915	0.794407	
0.560848	0.925936	
0.481553	0.370868	
0.596076	0.172531	
0.207715	0.454006	
0.178039	0.246272	
0.723901	0.067309	
0.471162	0.298134	
0.086935	0.608543	
0.259800	0.818601	
0.730208	0.111454	
0.780177	0.461236	
0.228654	0.600577	
0.204036	0.428250	
0.997748	0.984237	
0.889657	0.227597	
0.593176	0.152229	
0.065601	0.459207	
0.214450	0.501147	
0.508031	0.556215	
0.893507	0.254546	
0.781825	0.472772	
0.309407	0.165852	
0.160961	0.126725	
0.887077	0.209542	
0.466796	0.267575	
0.873024	0.111170	
0.778193	0.447352	
0.131464	0.920245	
0.441713	0.091994	
0.643960	0.507717	
0.554018	0.878125	
0.146873	0.028113	
0.196790	0.377530	
0.642710	0.498969	
0.492785	0.449494	
0.146460	0.025221	
0.176549	0.235846	
0.650924	0.556471	
0.895297	0.267080	
0.869561	0.086930	
0.608510	0.259572	
0.817003	0.719019	
0.033135	0.231947	
0.623631	0.365416	
0.557913	0.905390	
0.337728	0.364097	
0.548676	0.840734	
0.885137	0.195961	
0.371728	0.602093	
0.214654	0.502579	
0.518056	0.626393	
0.384751	0.693257	
0.852802	0.969611	
0.787278	0.510947	
0.576626	0.036383	
0.254682	0.782776	
0.479431	0.356014	
0.492100	0.444703	
0.112922	0.790454	
0.533177	0.732242	
0.125693	0.879850	
0.158951	0.112655	
0.788584	0.520085	
0.640598	0.484183	
0.389283	0.724980	
0.074862	0.524036	
0.668249	0.677744	
0.744205	0.209434	
0.466039	0.262271	
0.835898	0.851289	
0.959024	0.713168	
0.992178	0.945244	
0.616711	0.316980	
0.218863	0.532041	
0.724289	0.070025	
0.490177	0.431239	
0.018670	0.130687	
0.914808	0.403655	
0.825584	0.779088	
0.453615	0.175303	
0.227118	0.589827	
0.128790	0.901528	
0.310693	0.174851	
0.223956	0.567695	
0.973865	0.817052	
0.719365	0.035557	
0.248897	0.742281	
0.195966	0.371763	
0.602338	0.216364	
0.514547	0.601830	
0.212807	0.489650	
0.427553	0.992871	
0.950095	0.650668	
0.554677	0.882736	
0.179150	0.254051	
0.778357	0.448501	
0.139504	0.976531	
0.835715	0.850007	
0.950047	0.650331	
0.552315	0.866202	
0.063415	0.443904	
0.107331	0.751317	
0.259216	0.814511	
0.701576	0.911029	
0.377205	0.640434	
0.483039	0.381275	
0.668926	0.682480	
0.777363	0.441544	
0.090810	0.635668	
0.449679	0.147752	
0.034265	0.239853	
0.678974	0.752820	
0.269739	0.888170	
0.217191	0.520335	
0.642345	0.496414	
0.474901	0.324305	
0.270133	0.890929	
0.236501	0.655510	
0.588572	0.120004	
0.840026	0.880183	
0.161281	0.128964	
0.902749	0.319246	
0.234722	0.643054	
0.501378	0.509647	
0.567530	0.972707	
0.808947	0.662632	
0.638421	0.468947	
0.282632	0.978424	
0.848967	0.942772	
0.599402	0.195814	
0.370701	0.594904	
0.164328	0.150293	
0.052053	0.364373	
0.550611	0.854275	
0.979926	0.859483	
0.016380	0.114663	
0.802639	0.618474	
0.329317	0.305220	
0.136540	0.955781	
0.690469	0.833286	
0.832999	0.830990	
0.816931	0.718518	
0.029624	0.207367	
0.451571	0.161000	
0.127003	0.889024	
0.223171	0.562198	
0.935383	0.547683	
0.833784	0.836487	
0.855407	0.987850	
0.914952	0.404661	
0.832625	0.828378	
0.798649	0.590544	
0.133805	0.936638	
0.556464	0.895247	
0.266727	0.867091	
0.069639	0.487475	
0.412328	0.886298	
0.204083	0.428579	
0.000054	0.000375	
0.002628	0.018396	
0.128774	0.901420	
0.309942	0.169597	
0.187177	0.310239	
0.171671	0.201696	
0.411874	0.883117	
0.181819	0.272730	
0.909107	0.363749	
0.546241	0.823685	
0.765795	0.360562	
0.523935	0.667545	
0.672813	0.709693	
0.967848	0.774933	
0.424528	0.971694	
0.801857	0.612997	
0.290982	0.036873	
0.258111	0.806777	
0.647436	0.532054	
0.724377	0.070636	
0.494450	0.461148	
0.228033	0.596229	
0.173605	0.215234	
0.506637	0.546458	
0.825209	0.776463	
0.435240	0.046681	
0.326764	0.287346	
0.011421	0.079946	
0.559625	0.917374	
0.421618	0.951327	
0.659291	0.615038	
0.305265	0.136857	
0.957999	0.705991	
0.941937	0.593557	
0.154901	0.084309	
0.590165	0.131154	
0.918081	0.426569	
0.985985	0.901893	
0.313254	0.192777	
0.349437	0.446057	
0.122401	0.856808	
0.997657	0.983598	
0.885189	0.196326	
0.374284	0.619990	
0.339930	0.379508	
0.656559	0.595915	
0.171406	0.199841	
0.398887	0.792212	
0.545485	0.818398	
0.728789	0.101524	
0.710671	0.974700	
0.822900	0.760297	
0.322082	0.254575	
0.782028	0.474197	
0.319380	0.235659	
0.649616	0.547310	
0.831173	0.818213	
0.727493	0.092453	
0.647172	0.530207	
0.711448	0.980138	
0.860965	0.026758	
0.187306	0.311143	
0.178001	0.246004	
0.722026	0.054183	
0.379281	0.654970	
0.584792	0.093546	
0.654823	0.583759	
0.086316	0.604211	
0.229478	0.606343	
0.244401	0.710804	
0.975627	0.829389	
0.805724	0.640066	
0.480465	0.363257	
0.542800	0.799600	
0.597201	0.180404	
0.262827	0.839786	
0.878501	0.149505	
0.046533	0.325734	
0.280135	0.960946	
0.726619	0.086336	
0.604350	0.230447	
0.613127	0.291890	
0.043229	0.302602	
0.118216	0.827511	
0.792574	0.548017	
0.836117	0.852818	
0.969724	0.788066	
0.516464	0.615248	
0.306737	0.147161	
0.030127	0.210887	
0.476208	0.333454	
0.334178	0.339249	
0.374745	0.623213	
0.362492	0.537442	
0.762095	0.334668	
0.342677	0.398741	
0.791186	0.538299	
0.768090	0.376633	
0.636429	0.455006	
0.185045	0.295313	
0.067191	0.470337	
0.292362	0.046532	
0.325725	0.280073	
0.960512	0.723582	
0.065071	0.455500	
0.188499	0.319491	
0.236437	0.655059	
0.585410	0.097867	
0.685068	0.795479	
0.568356	0.978494	
0.849458	0.946205	
0.623437	0.364056	
0.548389	0.838724	
0.871067	0.097472	
0.682303	0.776119	
0.432836	0.029850	
0.208948	0.462635	
0.238448	0.669138	
0.683968	0.787778	
0.514446	0.601121	
0.207850	0.454952	
0.184665	0.292655	
0.048583	0.340079	
0.380551	0.663854	
0.646978	0.528848	
0.701939	0.913574	
0.395018	0.765126	
0.355885	0.491196	
0.438375	0.068622	
0.480355	0.362487	
0.537409	0.761860	
0.333018	0.331127	
0.317887	0.225206	
0.576442	0.035093	
0.245649	0.719540	
0.036781	0.257469	
0.802281	0.615965	
0.311754	0.182277	
0.275936	0.931551	
0.520857	0.645999	
0.521991	0.653939	
0.577575	0.043023	
0.301161	0.108129	
0.756903	0.298321	
0.088245	0.617715	
0.324002	0.268012	
0.876087	0.132611	
0.928275	0.497926	
0.485480	0.398361	
0.788525	0.519677	
0.637742	0.464194	
0.249361	0.745526	
0.218681	0.530767	
0.715369	0.007585	
0.053094	0.371660	
0.601622	0.211356	
0.479490	0.356427	
0.494990	0.464927	
0.254490	0.781429	
0.470002	0.290011	
0.030075	0.210526	
0.473685	0.315798	
0.210583	0.474083	
0.318583	0.230080	
0.610557	0.273901	
0.917305	0.421136	
0.947953	0.635673	
0.449708	0.147957	
0.035696	0.249872	
0.749106	0.243744	
0.706211	0.943479	
0.604351	0.230455	
0.613182	0.292272	
0.045907	0.321346	
0.249425	0.745974	
0.221819	0.552731	
0.869119	0.083836	
0.586851	0.107959	
0.755714	0.289995	
0.029964	0.209747	
0.468230	0.277611	
0.943274	0.602916	
0.220410	0.542872	
0.800107	0.600747	
0.205227	0.436589	
0.056121	0.392847	
0.749929	0.249500	
0.746497	0.225479	
0.578356	0.048489	
0.339420	0.375942	
0.631596	0.421170	
0.948188	0.637316	
0.461210	0.228469	
0.599281	0.194965	
0.364756	0.553289	
0.873020	0.111141	
0.777984	0.445891	
0.121240	0.848680	
0.940763	0.585343	
0.097398	0.681783	
0.772483	0.407381	
0.851669	0.961683	
0.731781	0.122464	
0.857247	0.000728	
0.005095	0.035665	
0.249654	0.747577	
0.233040	0.631283	
0.418979	0.932852	
0.529965	0.709754	
0.968280	0.777959	
0.445710	0.119973	
0.839813	0.878693	
0.150854	0.055977	
0.391836	0.742854	
0.199975	0.399822	
0.798757	0.591299	
0.139095	0.973666	
0.815661	0.709626	
0.967383	0.771680	
0.401760	0.812317	
0.686216	0.803510	
0.624567	0.371972	
0.603802	0.226615	
0.586302	0.104115	
0.728804	0.101625	
0.711376	0.979632	
0.857427	0.001991	
0.013940	0.097578	
0.683048	0.781336	
0.469353	0.285473	
0.998314	0.988199	
0.917396	0.421773	
0.952414	0.666895	
0.668262	0.677832	
0.744822	0.213756	
0.496294	0.474061	
0.318424	0.228969	
0.602781	0.219466	
0.536263	0.753839	
0.276874	0.938116	
0.566809	0.967665	
0.773657	0.415597	
0.909181	0.364270	
0.549890	0.849227	
0.944587	0.612108	
0.284757	0.993299	
0.953096	0.671672	
0.701701	0.911904	
0.383331	0.683316	
0.783213	0.482491	
0.377436	0.642054	
0.494380	0.460662	
0.224633	0.572429	
0.007000	0.049003	
0.343022	0.401151	
0.808057	0.656402	
0.594815	0.163708	
0.145959	0.021716	
0.152010	0.064070	
0.448491	0.139438	
0.976065	0.832455	
0.827183	0.790280	
0.531958	0.723707	
0.065949	0.461642	
0.231497	0.620481	
0.343366	0.403562	
0.824933	0.774528	
0.421698	0.951888	
0.663214	0.642497	
0.497482	0.482374	
0.376619	0.636335	
0.454346	0.180425	
0.262977	0.840837	
0.885858	0.201003	
0.407024	0.849166	
0.944164	0.609151	
0.264056	0.848395	
0.938767	0.571370	
0.999591	0.997139	
0.979975	0.859822	
0.018751	0.131260	
0.918820	0.431743	
0.022202	0.155417	
0.087922	0.615455	
0.308186	0.157305	
0.101137	0.707959	
0.955710	0.689968	
0.829778	0.808446	
0.659119	0.613830	
0.296812	0.077685	
0.543797	0.806579	
0.646056	0.522392	
0.656743	0.597201	
0.180405	0.262834	
0.839840	0.878877	
0.152142	0.064996	
0.454970	0.184793	
0.293551	0.054854	
0.383978	0.687845	
0.814916	0.704412	
0.930883	0.516184	
0.613288	0.293014	
0.051095	0.357668	
0.503678	0.525745	
0.680217	0.761518	
0.330625	0.314377	
0.200640	0.404477	
0.831339	0.819372	
0.735607	0.149252	
0.044761	0.313326	
0.193285	0.352994	
0.470961	0.296725	
0.077072	0.539505	
0.776535	0.435747	
0.050228	0.351598	
0.461187	0.228312	
0.598182	0.187277	
0.310936	0.176551	
0.235855	0.650982	
0.556872	0.898105	
0.286732	0.007126	
0.049879	0.349151	
0.444056	0.108389	
0.758722	0.311051	
0.177355	0.241483	
0.690380	0.832661	
0.828627	0.800391	
0.602737	0.219158	
0.534103	0.738719	
0.171033	0.197232	
0.380627	0.664386	
0.650703	0.554924	
0.884467	0.191268	
0.338875	0.372128	
0.604898	0.234283	
0.639978	0.479845	
0.358918	0.512423	
0.586962	0.108735	
0.761143	0.327999	
0.295994	0.071961	
0.503729	0.526103	
0.682720	0.779037	
0.453259	0.172812	
0.209687	0.467807	
0.274651	0.922557	
0.457900	0.205299	
0.437093	0.059648	
0.417537	0.922759	
0.459315	0.215208	
0.506454	0.545179	
0.816255	0.713787	
0.996509	0.975566	
0.828964	0.802747	
0.619231	0.334619	
0.342331	0.396315	
0.774207	0.419449	
0.936140	0.552977	
0.870836	0.095855	
0.670985	0.696896	
0.878269	0.147884	
0.035191	0.246339	
0.724370	0.070591	
0.494134	0.458935	
0.212547	0.487826	
0.414784	0.903485	
0.324394	0.270758	
0.895305	0.267138	
0.869965	0.089756	
0.628290	0.398028	
0.786197	0.503378	
0.523646	0.665520	
0.658641	0.610486	
0.273405	0.913834	
0.396836	0.777852	
0.444961	0.114727	
0.803086	0.621602	
0.351211	0.458480	
0.209363	0.465543	
0.258799	0.811590	
0.681130	0.767913	
0.375393	0.627749	
0.394243	0.759704	
0.317927	0.225491	
0.578440	0.049081	
0.343569	0.404981	
0.834870	0.844090	
0.908628	0.360397	
0.522777	0.659440	
0.616081	0.312566	
0.187960	0.315722	
0.210053	0.470374	
0.292620	0.048338	
0.338365	0.368557	
0.579898	0.059288	
0.415019	0.905134	
0.335940	0.351582	
0.461077	0.227539	
0.592773	0.149410	
0.045872	0.321106	
0.247744	0.734210	
0.139471	0.976296	
0.834070	0.838493	
0.869449	0.086143	
0.603003	0.221024	
0.547169	0.830180	
0.811259	0.678815	
0.751704	0.261930	
0.833509	0.834563	
0.841940	0.893581	
0.255066	0.785459	
0.498216	0.487510	
0.412569	0.887981	
0.215865	0.511058	
0.577405	0.041834	
0.292840	0.049879	
0.349150	0.444052	
0.108362	0.758531	
0.309720	0.168041	
0.176289	0.234025	
0.638172	0.467203	
0.270423	0.892962	
0.250731	0.755116	
0.285814	0.000700	
0.004898	0.034289	
0.240026	0.680181	
0.761267	0.328868	
0.302075	0.114528	
0.801698	0.611885	
0.283195	0.982364	
0.876551	0.135856	
0.950991	0.656940	
0.598580	0.190059	
0.330414	0.312901	
0.190308	0.332158	
0.325103	0.275718	
0.930024	0.510167	
0.571172	0.998203	
0.987418	0.911928	
0.383497	0.684476	
0.791329	0.539300	
0.775102	0.425714	
0.979997	0.859979	
0.019855	0.138982	
0.972874	0.810117	
0.670818	0.695726	
0.870084	0.090585	
0.634092	0.438644	
0.070510	0.493569	
0.454982	0.184875	
0.294126	0.058881	
0.412165	0.885156	
0.196090	0.372631	
0.608418	0.258924	
0.812465	0.687252	
0.810762	0.675337	
0.727360	0.091523	
0.640662	0.484633	
0.392431	0.747016	
0.229115	0.603808	
0.226659	0.586614	
0.106296	0.744074	
0.208518	0.459624	
0.217367	0.521572	
0.651007	0.557050	
0.899352	0.295461	
0.068224	0.477566	
0.342964	0.400748	
0.805236	0.636651	
0.456559	0.195915	
0.371407	0.599850	
0.198953	0.392669	
0.748685	0.240794	
0.685561	0.798925	
0.592478	0.147348	
0.031434	0.220039	
0.540275	0.781926	
0.473484	0.314387	
0.200710	0.404969	
0.834783	0.843484	
0.904391	0.330736	
0.315151	0.206060	
0.442419	0.096933	
0.678534	0.749740	
0.248182	0.737273	
0.160914	0.126396	
0.884773	0.193409	
0.353865	0.477057	
0.339398	0.375785	
0.630492	0.413442	
0.894097	0.258676	
0.810732	0.675121	
0.725848	0.080938	
0.566565	0.965956	
0.761692	0.331845	
0.322915	0.260404	
0.822825	0.759778	
0.318449	0.229145	
0.604015	0.228106	
0.596743	0.177199	
0.240391	0.682737	
0.779159	0.454110	
0.178769	0.251380	
0.759660	0.317623	
0.223361	0.563526	
0.944679	0.612750	
0.289252	0.024762	
0.173332	0.213325	
0.493278	0.452944	
0.170608	0.194257	
0.359797	0.518579	
0.630053	0.410372	
0.872605	0.108238	
0.757669	0.303683	
0.125782	0.880473	
0.163308	0.143157	
0.002098	0.014687	
0.102810	0.719668	
0.037679	0.263752	
0.846264	0.923847	
0.466932	0.268527	
0.879688	0.157814	
0.104696	0.732871	
0.130096	0.910674	
0.374717	0.623022	
0.361155	0.528088	
0.696616	0.876309	
0.134163	0.939143	
0.574000	0.017999	
0.125990	0.881930	
0.173510	0.214572	
0.502002	0.514013	
0.598093	0.186653	
0.306573	0.146014	
0.022098	0.154689	
0.082826	0.579785	
0.058496	0.409474	
0.866315	0.064203	
0.449423	0.145958	
0.021703	0.151921	
0.063450	0.444153	
0.109072	0.763501	
0.344505	0.411538	
0.880763	0.165340	
0.157381	0.101667	
0.711670	0.981690	
0.871831	0.102815	
0.719706	0.037943	
0.265598	0.859186	
0.014305	0.100133	
0.700928	0.906499	
0.345493	0.418451	
0.929158	0.504109	
0.528762	0.701334	
0.909336	0.365353	
0.557471	0.902294	
0.316055	0.212388	
0.486716	0.407014	
0.849095	0.943666	
0.605660	0.239620	
0.677342	0.741395	
0.189767	0.328369	
0.298582	0.090077	
0.630538	0.413766	
0.896364	0.274546	
0.921821	0.452749	
0.169245	0.184712	
0.292986	0.050903	
0.356322	0.494254	
0.459780	0.218461	
0.529227	0.704592	
0.932142	0.524997	
0.674977	0.724836	
0.073851	0.516954	
0.618679	0.330751	
0.315260	0.206819	
0.447733	0.134134	
0.938941	0.572588	
0.008114	0.056800	
0.397603	0.783221	
0.482547	0.377829	
0.644802	0.513612	
0.595283	0.166982	
0.168876	0.182133	
0.274931	0.924515	
0.471608	0.301256	
0.108793	0.761551	
0.330856	0.315989	
0.211922	0.483457	
0.384201	0.689410	
0.825872	0.781107	
0.467746	0.274219	
0.919530	0.436713	
0.056993	0.398948	
0.792637	0.548461	
0.839229	0.874603	
0.122224	0.855567	
0.988972	0.922803	
0.459619	0.217336	
0.521354	0.649477	
0.546338	0.824367	
0.770569	0.393986	
0.757902	0.305314	
0.137200	0.960399	
0.722790	0.059527	
0.416688	0.916815	
0.417707	0.923947	
0.467630	0.273411	
0.913880	0.397163	
0.780141	0.460990	
0.226933	0.588533	
0.119728	0.838095	
0.866662	0.066632	
0.466423	0.264960	
0.854723	0.983060	
0.881418	0.169923	
0.189460	0.326222	
0.283553	0.984869	
0.894081	0.258568	
0.809977	0.669838	
0.688864	0.822049	
0.754346	0.280421	
0.962947	0.740632	
0.184421	0.290946	
0.036620	0.256341	
0.794385	0.560692	
0.924845	0.473915	
0.317402	0.221811	
0.552677	0.868740	
0.081178	0.568244	
0.977705	0.843934	
0.907536	0.352751	
0.469260	0.284822	
0.993754	0.956278	
0.693949	0.857642	
0.003495	0.024466	
0.171259	0.198816	
0.391711	0.741975	
0.193828	0.356794	
0.497558	0.482907	
0.380347	0.662430	
0.637008	0.459058	
0.213408	0.493858	
0.457003	0.199023	
0.393162	0.752132	
0.264921	0.854447	
0.981130	0.867909	
0.075362	0.527537	
0.692761	0.849325	
0.945278	0.616943	
0.318598	0.230187	
0.611308	0.279155	
0.954088	0.678616	
0.750311	0.252179	
0.765253	0.356770	
0.497388	0.481717	
0.372020	0.604142	
0.228996	0.602974	
0.220815	0.545704	
0.819931	0.739514	
0.176597	0.236177	
0.653242	0.572695	
0.008868	0.062075	
0.434525	0.041673	
0.291714	0.041998	
0.293985	0.057892	
0.405243	0.836703	
0.856920	0.998439	
0.989076	0.923529	
0.464703	0.252918	
0.770427	0.392988	
0.750919	0.256435	
0.795043	0.565303	
0.957118	0.699825	
0.898774	0.291420	
0.039939	0.279574	
0.957015	0.699102	
0.893717	0.256017	
0.792119	0.544835	
0.813847	0.696929	
0.878505	0.149538	
0.046764	0.327348	
0.291437	0.040062	
0.280437	0.963057	
0.741401	0.189804	
0.328627	0.300392	
0.102746	0.719219	
0.034530	0.241713	
0.691988	0.843918	
0.907427	0.351987	
0.463907	0.247352	
0.731461	0.120228	
0.841595	0.891164	
0.238148	0.667034	
0.669237	0.684656	
0.792593	0.548151	
0.837060	0.859418	
0.015924	0.111468	
0.780273	0.461908	
0.233359	0.633515	
0.434608	0.042258	
0.295809	0.070661	
0.494625	0.462373	
0.236611	0.656277	
0.593936	0.157550	
0.102847	0.719928	
0.039493	0.276451	
0.935155	0.546083	
0.822581	0.758066	
0.306460	0.145220	
0.016542	0.115795	
0.810566	0.673963	
0.717738	0.024163	
0.169143	0.184003	
0.288018	0.016129	
0.112902	0.790313	
0.532190	0.725329	
0.077306	0.541140	
0.787983	0.515884	
0.611188	0.278315	
0.948202	0.637416	
0.461915	0.233406	
0.633843	0.436902	
0.058311	0.408180	
0.857258	0.000804	
0.005629	0.039406	
0.275839	0.930871	
0.516095	0.612668	
0.288673	0.020709	
0.144963	0.014742	
0.103197	0.722380	
0.056660	0.396619	
0.776334	0.434338	
0.040366	0.282561	
0.977926	0.845481	
0.918367	0.428571	
1.000000	0.999999	
0.999996	0.999975	
0.999827	0.998790	
0.991527	0.940687	
0.584806	0.093641	
0.655489	0.588421	
0.118950	0.832647	
0.828530	0.799710	
0.597971	0.185798	
0.300587	0.104111	
0.728780	0.101457	
0.710200	0.971401	
0.799810	0.598667	
0.190671	0.334697	
0.342877	0.400140	
0.800979	0.606854	
0.247980	0.735859	
0.151014	0.057099	
0.399696	0.797869	
0.585080	0.095561	
0.668924	0.682467	
0.777266	0.440860	
0.086022	0.602156	
0.215091	0.505639	
0.539473	0.776309	
0.434165	0.039158	
0.274106	0.918742	
0.431192	0.018345	
0.128417	0.898922	
0.292454	0.047181	
0.330268	0.311875	
0.183122	0.281851	
0.972956	0.810693	
0.674852	0.723964	
0.067745	0.474216	
0.319514	0.236595	
0.656165	0.593155	
0.152086	0.064600	
0.452203	0.165422	
0.157953	0.105672	
0.739703	0.177924	
0.245468	0.718277	
0.027937	0.195562	
0.368934	0.582535	
0.077742	0.544192	
0.809347	0.665430	
0.658013	0.606089	
0.242626	0.698379	
0.888655	0.220588	
0.544117	0.808819	
0.661734	0.632138	
0.424963	0.974738	
0.823167	0.762169	
0.335185	0.346295	
0.424064	0.968451	
0.779154	0.454077	
0.178537	0.249761	
0.748326	0.238279	
0.667955	0.675683	
0.729779	0.108451	
0.759155	0.314088	
0.198619	0.390330	
0.732313	0.126188	
0.883313	0.183192	
0.282347	0.976431	
0.835016	0.845110	
0.915771	0.410397	
0.872776	0.109430	
0.766012	0.362081	
0.534569	0.741981	
0.193867	0.357070	
0.499491	0.496437	
0.475062	0.325433	
0.278030	0.946208	
0.623453	0.364170	
0.549188	0.844316	
0.910215	0.371504	
0.600530	0.203712	
0.425981	0.981866	
0.873062	0.111434	
0.780037	0.460256	
0.221790	0.552529	
0.867705	0.073937	
0.517559	0.622912	
0.360384	0.522689	
0.658822	0.611753	
0.282272	0.975905	
0.831334	0.819335	
0.735346	0.147424	
0.031968	0.223777	
0.566440	0.965078	
0.755545	0.288814	
0.021700	0.151901	
0.063311	0.443174	
0.102215	0.715502	
0.008512	0.059581	
0.417064	0.919447	
0.436126	0.052884	
0.370191	0.591334	
0.139339	0.975374	
0.827619	0.793332	
0.553327	0.873292	
0.113046	0.791319	
0.539233	0.774632	
0.422426	0.956984	
0.698889	0.892223	
0.245564	0.718949	
0.032646	0.228525	
0.599673	0.197709	
0.383965	0.687757	
0.814298	0.700083	
0.900579	0.304050	
0.128351	0.898460	
0.289223	0.024561	
0.171930	0.203512	
0.424583	0.972084	
0.804588	0.632119	
0.424833	0.973830	
0.816812	0.717683	
0.023782	0.166471	
0.165297	0.157082	
0.099575	0.697024	
0.879170	0.154192	
0.079343	0.555399	
0.887790	0.214529	
0.501703	0.511918	
0.583427	0.083989	
0.587925	0.115474	
0.808320	0.658243	
0.607704	0.253927	
0.777487	0.442409	
0.096864	0.678045	
0.746317	0.224221	
0.569546	0.986825	
0.907777	0.354439	
0.481075	0.367528	
0.572693	0.008851	
0.061955	0.433683	
0.035782	0.250477	
0.753338	0.273365	
0.913553	0.394871	
0.764097	0.348680	
0.440759	0.085311	
0.597180	0.180260	
0.261820	0.832737	
0.829161	0.804127	
0.628890	0.402227	
0.815592	0.709147	
0.964029	0.748200	
0.237402	0.661817	
0.632717	0.429021	
0.003150	0.022047	
0.154332	0.080322	
0.562252	0.935764	
0.550350	0.852447	
0.967126	0.769879	
0.389155	0.724085	
0.068597	0.480176	
0.361234	0.528638	
0.700467	0.903272	
0.322905	0.260336	
0.822350	0.756449	
0.295146	0.066020	
0.462140	0.234980	
0.644863	0.514039	
0.598273	0.187909	
0.315363	0.207544	
0.452807	0.169650	
0.187547	0.312828	
0.189795	0.328568	
0.299979	0.099852	
0.698967	0.892771	
0.249399	0.745796	
0.220572	0.544004	
0.808030	0.656211	
0.593476	0.154335	
0.080342	0.562394	
0.936758	0.557303	
0.901119	0.307831	
0.154817	0.083716	
0.586014	0.102101	
0.714708	0.002953	
0.020669	0.144682	
0.012771	0.089396	
0.625774	0.380415	
0.662902	0.640316	
0.482213	0.375491	
0.628439	0.399070	
0.793488	0.554419	
0.880933	0.166530	
0.165712	0.159987	
0.119908	0.839356	
0.875491	0.128434	
0.899037	0.293257	
0.052796	0.369573	
0.587011	0.109074	
0.763515	0.344608	
0.412256	0.885794	
0.200559	0.403912	
0.827382	0.791671	
0.541697	0.791877	
0.543142	0.801992	
0.613942	0.297591	
0.083136	0.581954	
0.073677	0.515736	
0.610155	0.271087	
0.897607	0.283248	
0.982733	0.879129	
0.153902	0.077315	
0.541202	0.788416	
0.518913	0.632394	
0.426757	0.987302	
0.911111	0.377777	
0.644439	0.511071	
0.577496	0.042469	
0.297285	0.080993	
0.566950	0.968652	
0.780563	0.463942	
0.247593	0.733148	
0.132033	0.924230	
0.469611	0.287276	
0.010934	0.076541	
0.535788	0.750515	
0.253603	0.775221	
0.426548	0.985833	
0.900831	0.305817	
0.140717	0.985018	
0.895123	0.265859	
0.861012	0.027081	
0.189569	0.326984	
0.288890	0.022231	
0.155616	0.089312	
0.625187	0.376308	
0.634158	0.439107	
0.073748	0.516238	
0.613667	0.295672	
0.069702	0.487914	
0.415395	0.907766	
0.354361	0.480529	
0.363704	0.545931	
0.821519	0.750631	
0.254416	0.780915	
0.466406	0.264841	
0.853886	0.977200	
0.840402	0.882813	
0.179688	0.257814	
0.804700	0.632903	
0.430323	0.012262	
0.085833	0.600833	
0.205829	0.440805	
0.085633	0.599430	
0.196007	0.372047	
0.604331	0.230318	
0.612229	0.285604	
0.999227	0.994588	
0.962114	0.734796	
0.143570	0.004990	
0.034927	0.244487	
0.711406	0.979841	
0.858884	0.012188	
0.085315	0.597206	
0.180441	0.263088	
0.841616	0.891310	
0.239171	0.674200	
0.719403	0.035818	
0.250723	0.755058	
0.285407	0.997849	
0.984940	0.894581	
0.262066	0.834464	
0.841245	0.888717	
0.221019	0.547135	
0.829947	0.809628	
0.667394	0.671758	
0.702305	0.916137	
0.412961	0.890725	
0.235075	0.645524	
0.518671	0.630698	
0.414886	0.904202	
0.329417	0.305921	
0.141444	0.990105	
0.930737	0.515157	
0.606096	0.242674	
0.698719	0.891031	
0.237220	0.660542	
0.623795	0.366562	
0.565936	0.961554	
0.730875	0.116122	
0.812854	0.689976	
0.829834	0.808837	
0.661861	0.633030	
0.431207	0.018446	
0.129123	0.903863	
0.327041	0.289290	
0.025029	0.175202	
0.226417	0.584919	
0.094432	0.661027	
0.627186	0.390303	
0.732123	0.124858	
0.874008	0.118058	
0.826406	0.784845	
0.493917	0.457418	
0.201925	0.413473	
0.894309	0.260161	
0.821129	0.747902	
0.235314	0.647195	
0.530366	0.712565	
0.987957	0.915702	
0.409914	0.869395	
0.085765	0.600358	
0.202503	0.417520	
0.922642	0.458494	
0.209455	0.466186	
0.263305	0.843134	
0.901936	0.313551	
0.194855	0.363986	
0.547903	0.835321	
0.847246	0.930719	
0.515031	0.605218	
0.236524	0.655667	
0.589669	0.127685	
0.893796	0.256569	
0.795981	0.571866	
0.003062	0.021433	
0.150029	0.050206	
0.351440	0.460079	
0.220552	0.543862	
0.807032	0.649227	
0.544587	0.812111	
0.684776	0.793435	
0.554046	0.878322	
0.148257	0.037796	
0.264572	0.852004	
0.964025	0.748177	
0.237242	0.660695	
0.624866	0.374065	
0.618452	0.329166	
0.304161	0.129129	
0.903904	0.327326	
0.291281	0.038965	
0.272758	0.909307	
0.365148	0.556035	
0.892245	0.245715	
0.720008	0.040054	
0.280375	0.962628	
0.738399	0.168795	
0.181562	0.270935	
0.896546	0.275819	
0.930734	0.515136	
0.605949	0.241645	
0.691516	0.840614	
0.884298	0.190086	
0.330602	0.314215	
0.199505	0.396535	
0.775745	0.430214	
0.011499	0.080491	
0.563435	0.944044	
0.608307	0.258151	
0.807057	0.649397	
0.545781	0.820464	
0.743249	0.202746	
0.419225	0.934575	
0.542028	0.794193	
0.559354	0.915478	
0.408348	0.858438	
0.009063	0.063441	
0.444085	0.108593	
0.760151	0.321059	
0.247411	0.731875	
0.123127	0.861892	
0.033245	0.232715	
0.629004	0.403028	
0.821199	0.748390	
0.238731	0.671116	
0.697811	0.884674	
0.192716	0.349012	
0.443083	0.101581	
0.711069	0.977482	
0.842373	0.896612	
0.276281	0.933967	
0.537768	0.764374	
0.350618	0.454328	
0.180293	0.262052	
0.834367	0.840569	
0.883981	0.187865	
0.315052	0.205365	
0.437553	0.062872	
0.440105	0.080736	
0.565150	0.956050	
0.692353	0.846471	
0.925300	0.477101	
0.339704	0.377927	
0.645486	0.518405	
0.628836	0.401853	
0.812969	0.690785	
0.835498	0.848489	
0.939421	0.575949	
0.031644	0.221509	
0.550562	0.853937	
0.977561	0.842929	
0.900504	0.303530	
0.124710	0.872970	
0.110789	0.775520	
0.428639	0.000475	
0.003323	0.023261	
0.162828	0.139793	
0.978548	0.849835	
0.948842	0.641893	
0.493249	0.452742	
0.169192	0.184346	
0.290421	0.032945	
0.230615	0.614304	
0.300130	0.100911	
0.706377	0.944639	
0.612470	0.287292	
0.011044	0.077309	
0.541165	0.788158	
0.517109	0.619763	
0.338343	0.368400	
0.578801	0.051606	
0.361240	0.528678	
0.700747	0.905229	
0.336605	0.356232	
0.493625	0.455378	
0.187646	0.313523	
0.194658	0.362607	
0.538251	0.767754	
0.374275	0.619922	
0.339453	0.376174	
0.633217	0.432516	
0.027613	0.193293	
0.353052	0.471364	
0.299545	0.096812	
0.677687	0.743812	
0.206683	0.446783	
0.127482	0.892375	
0.246624	0.726368	
0.084574	0.592017	
0.144119	0.008835	
0.061847	0.432928	
0.030494	0.213461	
0.494230	0.459611	
0.217280	0.520962	
0.646733	0.527128	
0.689894	0.829261	
0.804825	0.633774	
0.436418	0.054924	
0.384467	0.691272	
0.838901	0.872310	
0.106169	0.743185	
0.202295	0.416068	
0.912473	0.387314	
0.711196	0.978373	
0.848609	0.940266	
0.581859	0.073015	
0.511107	0.577749	
0.044240	0.309683	
0.167784	0.174488	
0.221415	0.549904	
0.849327	0.945290	
0.617028	0.319194	
0.234359	0.640516	
0.483611	0.385280	
0.696963	0.878743	
0.151204	0.058430	
0.409012	0.863083	
0.041583	0.291083	
0.037579	0.263055	
0.841388	0.889714	
0.227997	0.595977	
0.171838	0.202869	
0.420082	0.940572	
0.584006	0.088039	
0.616273	0.313908	
0.197357	0.381498	
0.670483	0.693383	
0.853679	0.975751	
0.830257	0.811798	
0.682585	0.778093	
0.446652	0.126566	
0.885962	0.201737	
0.412158	0.885106	
0.195741	0.370186	
0.591300	0.139102	
0.973713	0.815988	
0.711915	0.983403	
0.883824	0.186768	
0.307375	0.151623	
0.061362	0.429534	
0.006736	0.047151	
0.330057	0.310397	
0.172777	0.209436	
0.466050	0.262350	
0.836453	0.855168	
0.986174	0.903216	
0.322512	0.257583	
0.803081	0.621568	
0.350973	0.456808	
0.197654	0.383577	
0.685040	0.795277	
0.566942	0.968591	
0.780137	0.460962	
0.226737	0.587162	
0.110136	0.770952	
0.396665	0.776653	
0.436572	0.056005	
0.392038	0.744268	
0.209878	0.469146	
0.284023	0.988163	
0.917139	0.419972	
0.939806	0.578642	
0.050495	0.353465	
0.474257	0.319802	
0.238613	0.670291	
0.692039	0.844273	
0.909913	0.369394	
0.585761	0.100324	
0.702269	0.915881	
0.411165	0.878152	
0.147064	0.029448	
0.206138	0.442967	
0.100772	0.705401	
0.937810	0.564671	
0.952698	0.668886	
0.682201	0.775404	
0.427828	0.994799	
0.963595	0.745162	
0.216136	0.512949	
0.590642	0.134493	
0.941451	0.590159	
0.131112	0.917786	
0.424502	0.971515	
0.800605	0.604232	
0.229622	0.607354	
0.251478	0.760347	
0.322429	0.257004	
0.799025	0.593178	
0.152246	0.065725	
0.460077	0.220542	
0.543793	0.806552	
0.645864	0.521046	
0.647319	0.531232	
0.718626	0.030379	
0.212656	0.488589	
0.420126	0.940882	
0.586174	0.103216	
0.722513	0.057593	
0.403152	0.822067	
0.754468	0.281274	
0.968921	0.782450	
0.477151	0.340054	
0.380375	0.662624	
0.638369	0.468582	
0.280074	0.960521	
0.723644	0.065506	
0.458543	0.209802	
0.468615	0.280302	
0.962117	0.734818	
0.143726	0.006084	
0.042586	0.298105	
0.086735	0.607145	
0.250014	0.750100	
0.250702	0.754912	
0.284383	0.990681	
0.934768	0.543373	
0.803608	0.625256	
0.376791	0.637539	
0.462776	0.239435	
0.676044	0.732305	
0.126132	0.882924	
0.180471	0.263296	
0.843069	0.901486	
0.310405	0.172834	
0.209838	0.468866	
0.282061	0.974424	
0.820965	0.746756	
0.227291	0.591036	
0.137250	0.960751	
0.725259	0.076814	
0.537697	0.763879	
0.347152	0.430063	
0.010444	0.073110	
0.511767	0.582367	
0.076571	0.535995	
0.751966	0.263764	
0.846350	0.924453	
0.471173	0.298214	
0.087501	0.612509	
0.287561	0.012930	
0.090509	0.633562	
0.434937	0.044562	
0.311933	0.183534	
0.284736	0.993151	
0.952055	0.664387	
0.650707	0.554952	
0.884661	0.192625	
0.348377	0.438637	
0.070457	0.493198	
0.452389	0.166720	
0.167041	0.169289	
0.185020	0.295143	
0.066004	0.462027	
0.234191	0.639334	
0.475338	0.327363	
0.291541	0.040785	
0.285492	0.998445	
0.989113	0.923791	
0.466536	0.265750	
0.860250	0.021751	
0.152258	0.065806	
0.460642	0.224497	
0.571479	0.000356	
0.002494	0.017460	
0.122222	0.855553	
0.988873	0.922114	
0.454797	0.183581	
0.285068	0.995475	
0.968328	0.778298	
0.448089	0.136624	
0.956369	0.694585	
0.862092	0.034644	
0.242507	0.697550	
0.882851	0.179955	
0.259688	0.817814	
0.724700	0.072899	
0.510295	0.572068	
0.004477	0.031337	
0.219362	0.535537	
0.748757	0.241300	
0.689101	0.823705	
0.765933	0.361531	
0.530715	0.715003	
0.005019	0.035134	
0.245936	0.721555	
0.050884	0.356187	
0.493310	0.453170	
0.172188	0.205317	
0.437222	0.060555	
0.423886	0.967200	
0.770398	0.392785	
0.749498	0.246486	
0.725399	0.077790	
0.544531	0.811719	
0.682032	0.774225	
0.419578	0.937045	
0.559315	0.915202	
0.406413	0.844892	
0.914245	0.399718	
0.798023	0.586163	
0.103138	0.721964	
0.053749	0.376246	
0.633725	0.436077	
0.052537	0.367761	
0.574326	0.020279	
0.141952	0.993663	
0.955643	0.689500	
0.826503	0.785524	
0.498668	0.490676	
0.434731	0.043118	
0.301829	0.112802	
0.789617	0.527321	
0.691250	0.838748	
0.871236	0.098651	
0.690559	0.833916	
0.837412	0.861884	
0.033188	0.232318	
0.626223	0.383559	
0.684910	0.794371	
0.560600	0.924197	
0.469376	0.285631	
0.999417	0.995918	
0.971428	0.799998	
0.599988	0.199917	
0.399419	0.795930	
0.571510	0.000570	
0.003987	0.027906	
0.195339	0.367374	
0.571621	0.001346	
0.009424	0.065971	
0.461799	0.232594	
0.628157	0.397100	
0.779697	0.457880	
0.205158	0.436108	
0.052759	0.369312	
0.585185	0.096292	
0.674043	0.718303	
0.028120	0.196839	
0.377875	0.645126	
0.515885	0.611198	
0.278385	0.948696	
0.640869	0.486083	
0.402581	0.818067	
0.726467	0.085267	
0.596869	0.178086	
0.246604	0.726226	
0.083582	0.585074	
0.095515	0.668607	
0.680251	0.761759	
0.332316	0.326215	
0.283504	0.984528	
0.891698	0.241889	
0.693223	0.852561	
0.967929	0.775504	
0.428528	0.999698	
0.997883	0.985179	
0.896254	0.273775	
0.916424	0.414965	
0.904756	0.333291	
0.333035	0.331246	
0.318725	0.231077	
0.617541	0.322790	
0.259530	0.816710	
0.716967	0.018768	
0.131373	0.919610	
0.437269	0.060882	
0.426171	0.983195	
0.882364	0.176549	
0.235845	0.650918	
0.556424	0.894970	
0.264787	0.853510	
0.974567	0.821968	
0.753776	0.276431	
0.935016	0.545111	
0.815777	0.710437	
0.973057	0.811397	
0.679779	0.758453	
0.309170	0.164188	
0.149313	0.045193	
0.316353	0.214470	
0.501293	0.509050	
0.563352	0.943463	
0.604244	0.229709	
0.607966	0.255763	
0.790344	0.532411	
0.726874	0.088118	
0.616828	0.317797	
0.224581	0.572069	
0.004480	0.031360	
0.219523	0.536658	
0.756607	0.296249	
0.073743	0.516203	
0.613419	0.293932	
0.057525	0.402677	
0.818736	0.731154	
0.118075	0.826522	
0.785654	0.499577	
0.497036	0.479252	
0.354764	0.483351	
0.383458	0.684204	
0.789425	0.525974	
0.681815	0.772705	
0.408936	0.862549	
0.037846	0.264921	
0.854445	0.981112	
0.867782	0.074476	
0.521331	0.649317	
0.545216	0.816513	
0.715590	0.009132	
0.063925	0.447474	
0.132318	0.926228	
0.483595	0.385168	
0.696174	0.873221	
0.112548	0.787834	
0.514835	0.603844	
0.226909	0.588365	
0.118554	0.829880	
0.809160	0.664122	
0.648852	0.541962	
0.793734	0.556139	
0.892973	0.250813	
0.755694	0.289860	
0.029021	0.203148	
0.422038	0.954264	
0.679849	0.758940	
0.312579	0.188056	
0.316390	0.214727	
0.503087	0.521611	
0.651280	0.558960	
0.912723	0.389062	
0.723432	0.064022	
0.448155	0.137086	
0.959600	0.717199	
0.020394	0.142756	
0.999292	0.995045	
0.965316	0.757214	
0.300498	0.103483	
0.724381	0.070670	
0.494689	0.462822	
0.239752	0.678265	
0.747857	0.234998	
0.644986	0.514901	
0.604304	0.230130	
0.610911	0.276374	
0.934619	0.542333	
0.796332	0.574322	
0.020251	0.141757	
0.992301	0.946107	
0.622749	0.359246	
0.514720	0.603040	
0.221277	0.548936	
0.842553	0.897870	
0.285092	0.995647	
0.969528	0.786699	
0.506891	0.548236	
0.837655	0.863584	
0.045090	0.315628	
0.209399	0.465793	
0.260550	0.823847	
0.766932	0.368524	
0.579671	0.057699	
0.403895	0.827266	
0.790865	0.536055	
0.752387	0.266706	
0.866945	0.068617	
0.480321	0.362248	
0.535739	0.750172	
0.251201	0.758409	
0.308860	0.162022	
0.134151	0.939055	
0.573388	0.013715	
0.096005	0.672035	
0.704242	0.929697	
0.507881	0.555165	
0.886153	0.203072	
0.421503	0.950522	
0.653651	0.575554	
0.028875	0.202124	
0.414866	0.904061	
0.328427	0.298987	
0.092908	0.650355	
0.552483	0.867381	
0.071669	0.501685	
0.511798	0.582584	
0.078087	0.546611	
0.826274	0.783921	
0.487444	0.412105	
0.884734	0.193140	
0.351977	0.463838	
0.246864	0.728051	
0.096355	0.674486	
0.721403	0.049825	
0.348772	0.441401	
0.089804	0.628626	
0.400382	0.802675	
0.618726	0.331084	
0.317591	0.223137	
0.561957	0.933700	
0.535899	0.751291	
0.259034	0.813236	
0.692653	0.848571	
0.940000	0.580003	
0.060020	0.420143	
0.941003	0.587021	
0.109150	0.764051	
0.348358	0.438509	
0.069565	0.486956	
0.408690	0.860827	
0.025786	0.180500	
0.263501	0.844508	
0.911554	0.380880	
0.666161	0.663129	
0.641906	0.493345	
0.453415	0.173903	
0.217321	0.521244	
0.648707	0.540947	
0.786631	0.506414	
0.544897	0.814277	
0.699938	0.899568	
0.296973	0.078812	
0.551682	0.861773	
0.032410	0.226872	
0.588104	0.116729	
0.817100	0.719701	
0.037910	0.265373	
0.857609	0.003264	
0.022847	0.159931	
0.119515	0.836602	
0.856214	0.993500	
0.954503	0.681524	
0.770669	0.394685	
0.762796	0.339574	
0.377017	0.639116	
0.473809	0.316663	
0.216644	0.516511	
0.615575	0.309022	
0.163151	0.142056	
0.994392	0.960747	
0.725231	0.076617	
0.536322	0.754254	
0.279775	0.958423	
0.708961	0.962725	
0.739078	0.173549	
0.214844	0.503907	
0.527350	0.691447	
0.840132	0.880922	
0.166453	0.165174	
0.156218	0.093523	
0.654661	0.582629	
0.078404	0.548827	
0.841791	0.892534	
0.247736	0.734153	
0.139074	0.973516	
0.814610	0.702267	
0.915869	0.411080	
0.877560	0.142918	
0.000428	0.002997	
0.020979	0.146851	
0.027956	0.195692	
0.369842	0.588895	
0.122263	0.855838	
0.990869	0.936086	
0.552599	0.868193	
0.077349	0.541446	
0.790125	0.530872	
0.716107	0.012749	
0.089243	0.624698	
0.372886	0.610203	
0.271420	0.899942	
0.299591	0.097140	
0.679978	0.759844	
0.318910	0.232371	
0.626594	0.386161	
0.703125	0.921876	
0.453134	0.171940	
0.203581	0.425068	
0.975479	0.828354	
0.798476	0.589334	
0.125338	0.877367	
0.141572	0.991006	
0.937044	0.559311	
0.915179	0.406250	
0.843753	0.906270	
0.343892	0.407245	
0.850713	0.954994	
0.684958	0.794707	
0.562947	0.940627	
0.584388	0.090714	
0.634998	0.444983	
0.114881	0.804168	
0.629179	0.404252	
0.829763	0.808344	
0.658408	0.608853	
0.261971	0.833800	
0.836600	0.856199	
0.993392	0.953741	
0.676189	0.733322	
0.133253	0.932772	
0.529404	0.705827	
0.940791	0.585534	
0.098738	0.691163	
0.838140	0.866977	
0.068839	0.481873	
0.373109	0.611760	
0.282318	0.976224	
0.833570	0.834990	
0.844931	0.914518	
0.401624	0.811371	
0.679598	0.757187	
0.300312	0.102184	
0.715286	0.007005	
0.049032	0.343223	
0.402562	0.817933	
0.725533	0.078728	
0.551094	0.857659	
0.003613	0.025293	
0.177049	0.239342	
0.675393	0.727752	
0.094266	0.659859	
0.619016	0.333114	
0.331795	0.322564	
0.257949	0.805646	
0.639522	0.476653	
0.336570	0.355989	
0.491923	0.443463	
0.104244	0.729707	
0.107947	0.755631	
0.289417	0.025919	
0.181430	0.270012	
0.890081	0.230569	
0.613986	0.297902	
0.085312	0.597185	
0.180292	0.262043	
0.834304	0.840126	
0.880880	0.166162	
0.163134	0.141941	
0.993588	0.955117	
0.685819	0.800730	
0.605111	0.235774	
0.650416	0.552913	
0.870391	0.092737	
0.649157	0.544096	
0.808671	0.660694	
0.624861	0.374025	
0.618177	0.327236	
0.290653	0.034571	
0.241996	0.693974	
0.857820	0.004743	
0.033202	0.232412	
0.626887	0.388208	
0.717459	0.022213	
0.155488	0.088418	
0.618929	0.332501	
0.327505	0.292537	
0.047761	0.334328	
0.340294	0.382057	
0.674397	0.720777	
0.045441	0.318090	
0.226627	0.586389	
0.104726	0.733085	
0.131595	0.921162	
0.448133	0.136933	
0.958530	0.709713	
0.967989	0.775926	
0.431484	0.020387	
0.142711	0.998976	
0.992830	0.949807	
0.648647	0.540526	
0.783681	0.485765	
0.400356	0.802492	
0.617442	0.322093	
0.254652	0.782567	
0.477968	0.345779	
0.420456	0.943189	
0.602326	0.216281	
0.513964	0.597747	
0.184229	0.289601	
0.027204	0.190429	
0.333006	0.331039	
0.317274	0.220917	
0.546417	0.824916	
0.774409	0.420860	
0.946020	0.622140	
0.354980	0.484861	
0.394025	0.758176	
0.307232	0.150623	
0.054364	0.380549	
0.663842	0.646897	
0.528282	0.697973	
0.885814	0.200697	
0.404880	0.834160	
0.839120	0.873840	
0.116880	0.818163	
0.727138	0.089969	
0.629782	0.408473	
0.859313	0.015192	
0.106346	0.744424	
0.210967	0.476770	
0.337389	0.361725	
0.532078	0.724543	
0.071801	0.502606	
0.518243	0.627702	
0.393914	0.757396	
0.301769	0.112384	
0.786686	0.506799	
0.547591	0.833138	
0.831965	0.823752	
0.766266	0.363859	
0.547013	0.829094	
0.803661	0.625627	
0.379387	0.655710	
0.589968	0.129778	
0.908447	0.359132	
0.513925	0.597475	
0.182326	0.276279	
0.933952	0.537663	
0.763643	0.345498	
0.418483	0.929380	
0.505659	0.539610	
0.777273	0.440911	
0.086377	0.604637	
0.232459	0.627214	
0.390497	0.733476	
0.134329	0.940301	
0.582107	0.074749	
0.523242	0.662694	
0.638857	0.471997	
0.303979	0.127855	
0.894985	0.264896	
0.854271	0.979896	
0.859272	0.014903	
0.104319	0.730230	
0.111607	0.781248	
0.468738	0.281166	
0.968165	0.777158	
0.440106	0.080745	
0.565213	0.956490	
0.695431	0.868017	
0.076122	0.532854	
0.729980	0.109860	
0.769017	0.383120	
0.681843	0.772903	
0.410320	0.872237	
0.105662	0.739637	
0.177458	0.242208	
0.695457	0.868201	
0.077409	0.541860	
0.793019	0.551134	
0.857936	0.005555	
0.038886	0.272204	
0.905429	0.338000	
0.365997	0.561981	
0.933870	0.537090	
0.759627	0.317386	
0.221702	0.551915	
0.863407	0.043851	
0.306960	0.148721	
0.041050	0.287351	
0.011458	0.080203	
0.561422	0.929953	
0.509673	0.567709	
0.973961	0.817725	
0.724073	0.068511	
0.479580	0.357057	
0.499396	0.495769	
0.470381	0.292669	
0.048686	0.340800	
0.385601	0.699204	
0.894425	0.260973	
0.826809	0.787661	
0.513625	0.595374	
0.167619	0.173335	
0.213343	0.493404	
0.453827	0.176790	
0.237529	0.662701	
0.638907	0.472348	
0.306434	0.145036	
0.015253	0.106771	
0.747394	0.231757	
0.622299	0.356093	
0.492651	0.448559	
0.139913	0.979389	
0.855724	0.990070	
0.930488	0.513415	
0.593903	0.157322	
0.101254	0.708776	
0.961434	0.730037	
0.110259	0.771815	
0.402708	0.818958	
0.732705	0.128937	
0.902557	0.317902	
0.225312	0.577183	
0.040280	0.281958	
0.973709	0.815965	
0.711758	0.982305	
0.876137	0.132962	
0.930731	0.515115	
0.605805	0.240635	
0.684442	0.791097	
0.537676	0.763732	
0.346121	0.422846	
0.959919	0.719436	
0.036051	0.252360	
0.766517	0.365617	
0.559320	0.915241	
0.406687	0.846810	
0.927672	0.493704	
0.455931	0.191519	
0.340634	0.384435	
0.691047	0.837331	
0.861318	0.029226	
0.204582	0.432075	
0.024525	0.171677	
0.201736	0.412154	
0.885077	0.195540	
0.368783	0.581478	
0.070347	0.492430	
0.447010	0.129068	
0.903479	0.324355	
0.270486	0.893402	
0.253812	0.776683	
0.436778	0.057447	
0.402132	0.814926	
0.704481	0.931368	
0.519573	0.637012	
0.459081	0.213570	
0.494987	0.464909	
0.254363	0.780543	
0.463804	0.246629	
0.726404	0.084830	
0.593809	0.156661	
0.096624	0.676366	
0.734559	0.141910	
0.993371	0.953600	
0.675199	0.726391	
0.084735	0.593147	
0.152027	0.064188	
0.449315	0.145203	
0.016421	0.114947	
0.804632	0.632427	
0.426988	0.988916	
0.922412	0.456884	
0.198186	0.387299	
0.711095	0.977666	
0.843665	0.905655	
0.339586	0.377104	
0.639726	0.478080	
0.346559	0.425914	
0.981396	0.869770	
0.088387	0.618710	
0.330973	0.316813	
0.217688	0.523817	
0.666719	0.667032	
0.669225	0.684573	
0.792012	0.544086	
0.808603	0.660221	
0.621547	0.350827	
0.455787	0.190511	
0.333576	0.335029	
0.345201	0.416408	
0.914857	0.404000	
0.828001	0.796008	
0.572057	0.004397	
0.030778	0.215446	
0.508119	0.556831	
0.897818	0.284724	
0.993068	0.951479	
0.660352	0.622464	
0.357250	0.500747	
0.505231	0.536620	
0.756342	0.294391	
0.060734	0.425141	
0.975985	0.831892	
0.823245	0.762713	
0.338989	0.372923	
0.610458	0.273208	
0.912456	0.387194	
0.710359	0.972514	
0.807600	0.653202	
0.572416	0.006909	
0.048361	0.338530	
0.369709	0.587964	
0.115750	0.810251	
0.671756	0.702291	
0.916038	0.412263	
0.885840	0.200882	
0.406171	0.843194	
0.902359	0.316515	
0.215606	0.509242	
0.564697	0.952879	
0.670155	0.691084	
0.837588	0.863115	
0.041808	0.292658	
0.048605	0.340236	
0.381650	0.671548	
0.700839	0.905876	
0.341132	0.387922	
0.715455	0.008184	
0.057291	0.401038	
0.807269	0.650883	
0.556183	0.893278	
0.252948	0.770639	
0.394476	0.761335	
0.329342	0.305393	
0.137751	0.964254	
0.749776	0.248435	
0.739047	0.173328	
0.213298	0.493085	
0.451596	0.161172	
0.128202	0.897415	
0.281906	0.973340	
0.813382	0.693674	
0.855715	0.990005	
0.930032	0.510222	
0.571553	0.000873	
0.006110	0.042769	
0.299385	0.095696	
0.669874	0.689121	
0.823844	0.766909	
0.368364	0.578546	
0.049823	0.348758	
0.441309	0.089163	
0.624143	0.368998	
0.582989	0.080923	
0.566461	0.965229	
0.756606	0.296244	
0.073708	0.515953	
0.611670	0.281692	
0.971842	0.802895	
0.620265	0.341853	
0.392974	0.750817	
0.255722	0.790052	
0.530361	0.712528	
0.987697	0.913879	
0.397155	0.780088	
0.460618	0.224329	
0.570305	0.992134	
0.944941	0.614590	
0.302131	0.114914	
0.804400	0.630802	
0.415615	0.909304	
0.365128	0.555893	
0.891248	0.238733	
0.671132	0.697924	
0.885467	0.198272	
0.387901	0.715308	
0.007153	0.050074	
0.350520	0.453642	
0.175497	0.228476	
0.599331	0.195317	
0.367220	0.570540	
0.993781	0.956467	
0.695267	0.866872	
0.068107	0.476752	
0.337261	0.360824	
0.525767	0.680372	
0.762605	0.338232	
0.367621	0.573347	
0.013428	0.093999	
0.657996	0.605971	
0.241799	0.692590	
0.848127	0.936890	
0.558231	0.907614	
0.353300	0.473097	
0.311680	0.181761	
0.272329	0.906306	
0.344139	0.408971	
0.862795	0.039562	
0.276937	0.938558	
0.569905	0.989336	
0.925353	0.477471	
0.342299	0.396094	
0.772656	0.408592	
0.860144	0.021010	
0.147073	0.029514	
0.206597	0.446182	
0.123271	0.862899	
0.040295	0.282066	
0.974462	0.821236	
0.748649	0.240544	
0.683810	0.786667	
0.506667	0.546666	
0.826663	0.786638	
0.506463	0.545244	
0.816706	0.716943	
0.018599	0.130192	
0.911343	0.379401	
0.655804	0.590630	
0.134411	0.940878	
0.586144	0.103007	
0.721047	0.047327	
0.331291	0.319035	
0.233243	0.632704	
0.428926	0.002479	
0.017355	0.121488	
0.850414	0.952900	
0.670300	0.692103	
0.844723	0.913061	
0.391428	0.739995	
0.179964	0.259747	
0.818231	0.727620	
0.093343	0.653401	
0.573804	0.016630	
0.116408	0.814856	
0.703993	0.927951	
0.495654	0.469577	
0.287036	0.009249	
0.064745	0.453215	
0.172506	0.207542	
0.452796	0.169572	
0.187004	0.309025	
0.163178	0.142246	
0.995722	0.970056	
0.790393	0.532754	
0.729277	0.104940	
0.734578	0.142047	
0.994329	0.960305	
0.722138	0.054965	
0.384756	0.693295	
0.853067	0.971468	
0.800274	0.601920	
0.213442	0.494095	
0.458667	0.210669	
0.474680	0.322760	
0.259320	0.815239	
0.706674	0.946719	
0.627034	0.389236	
0.724655	0.072583	
0.508084	0.556589	
0.896124	0.272868	
0.910079	0.370551	
0.593857	0.156997	
0.098976	0.692833	
0.849831	0.948817	
0.641717	0.492018	
0.444127	0.108890	
0.762231	0.335614	
0.349299	0.445092	
0.115647	0.809527	
0.666686	0.666805	
0.667638	0.673463	
0.714239	0.999676	
0.997732	0.984127	
0.888892	0.222244	
0.555706	0.889944	
0.229605	0.607237	
0.250656	0.754591	
0.282137	0.974957	
0.824699	0.772890	
0.410230	0.871610	
0.101268	0.708878	
0.962147	0.735029	
0.145206	0.016444	
0.115110	0.805770	
0.640392	0.482743	
0.379201	0.654410	
0.580867	0.066072	
0.462502	0.237514	
0.662600	0.638202	
0.467415	0.271902	
0.903311	0.323176	
0.262234	0.835636	
0.849453	0.946174	
0.623221	0.362546	
0.537825	0.764773	
0.353408	0.473855	
0.316985	0.218897	
0.532276	0.725929	
0.081500	0.570499	
0.993493	0.954449	
0.681142	0.767996	
0.375975	0.631822	
0.422754	0.959276	
0.714934	0.004540	
0.031779	0.222452	
0.557166	0.900165	
0.301155	0.108084	
0.756588	0.296113	
0.072789	0.509523	
0.566660	0.966618	
0.766324	0.364270	
0.549892	0.849243	
0.944699	0.612892	
0.290243	0.031703	
0.221924	0.553467	
0.874271	0.119894	
0.839257	0.874801	
0.123607	0.865252	
0.056767	0.397370	
0.781592	0.471146	
0.298024	0.086171	
0.603198	0.222385	
0.556692	0.896842	
0.277891	0.945236	
0.616653	0.316574	
0.216015	0.512105	
0.584737	0.093161	
0.652129	0.564906	
0.954341	0.680386	
0.762705	0.338936	
0.372553	0.607874	
0.255115	0.785802	
0.500615	0.504307	
0.530146	0.711025	
0.977177	0.840237	
0.881658	0.171608	
0.201254	0.408780	
0.861461	0.030225	
0.211576	0.481029	
0.367206	0.570443	
0.993102	0.951714	
0.661995	0.633968	
0.437773	0.064410	
0.450872	0.156104	
0.092730	0.649111	
0.543774	0.806420	
0.644938	0.514564	
0.601946	0.213623	
0.495358	0.467503	
0.272523	0.907658	
0.353608	0.475253	
0.326771	0.287396	
0.011773	0.082408	
0.576855	0.037986	
0.265903	0.861324	
0.029268	0.204874	
0.434118	0.038828	
0.271799	0.902595	
0.318168	0.227178	
0.590244	0.131706	
0.921944	0.453609	
0.175264	0.226851	
0.587955	0.115687	
0.809810	0.668672	
0.680707	0.764949	
0.354646	0.482525	
0.377677	0.643742	
0.506194	0.543359	
0.803510	0.624570	
0.371993	0.603952	
0.227664	0.593651	
0.155558	0.088903	
0.622319	0.356231	
0.493616	0.455309	
0.187162	0.310132	
0.170921	0.196446	
0.375119	0.625833	
0.380830	0.665810	
0.660673	0.624713	
0.372993	0.610953	
0.276671	0.936698	
0.556883	0.898183	
0.287280	0.010962	
0.076737	0.537156	
0.760091	0.320636	
0.244451	0.711157	
0.978101	0.846710	
0.926972	0.488805	
0.421634	0.951441	
0.660085	0.620596	
0.344174	0.409215	
0.864502	0.051516	
0.360611	0.524276	
0.669929	0.689501	
0.826507	0.785547	
0.498826	0.491782	
0.442471	0.097300	
0.681103	0.767718	
0.374028	0.618194	
0.327357	0.291499	
0.040494	0.283460	
0.984223	0.889562	
0.226931	0.588516	
0.119614	0.837298	
0.861086	0.027602	
0.193212	0.352485	
0.467397	0.271781	
0.902468	0.317277	
0.220936	0.546554	
0.825875	0.781127	
0.467889	0.275221	
0.926544	0.485808	
0.400656	0.804594	
0.632159	0.425111	
0.975774	0.830419	
0.812930	0.690510	
0.833570	0.834989	
0.844922	0.914457	
0.401196	0.808374	
0.658616	0.610310	
0.272170	0.905188	
0.336314	0.354195	
0.479362	0.355533	
0.488728	0.421095	
0.947664	0.633646	
0.435523	0.048659	
0.340613	0.384289	
0.690023	0.830161	
0.811129	0.677900	
0.745302	0.217115	
0.519805	0.638632	
0.470427	0.292986	
0.050900	0.356297	
0.494081	0.458565	
0.209954	0.469677	
0.287736	0.014151	
0.099057	0.693401	
0.853806	0.976641	
0.836485	0.855395	
0.987766	0.914363	
0.400543	0.803801	
0.626607	0.386248	
0.703734	0.926138	
0.482964	0.380748	
0.665234	0.656638	
0.596463	0.175238	
0.226664	0.586648	
0.106534	0.745735	
0.220143	0.541003	
0.787018	0.509123	
0.563863	0.947039	
0.629273	0.404908	
0.834358	0.840508	
0.883555	0.184888	
0.294217	0.059520	
0.416642	0.916497	
0.415479	0.908353	
0.358468	0.509276	
0.564933	0.954529	
0.681703	0.771921	
0.403450	0.824151	
0.769054	0.383375	
0.683628	0.785394	
0.497758	0.484307	
0.390146	0.731020	
0.117137	0.819960	
0.739717	0.178018	
0.246125	0.722877	
0.060137	0.420961	
0.946730	0.627107	
0.389748	0.728235	
0.097646	0.683520	
0.784640	0.492483	
0.447380	0.131659	
0.921610	0.451270	
0.158888	0.112219	
0.785533	0.498733	
0.491133	0.437931	
0.065515	0.458607	
0.210247	0.471731	
0.302117	0.114817	
0.803720	0.626040	
0.382283	0.675984	
0.731889	0.123226	
0.862584	0.038085	
0.266592	0.866143	
0.063001	0.441009	
0.087063	0.609442	
0.266097	0.862676	
0.038730	0.271109	
0.897764	0.284346	
0.990419	0.932932	
0.530523	0.713658	
0.995609	0.969262	
0.784834	0.493835	
0.456845	0.197912	
0.385383	0.697679	
0.883753	0.186273	
0.303914	0.127401	
0.891806	0.242641	
0.698489	0.889424	
0.225971	0.581799	
0.072591	0.508139	
0.556972	0.898801	
0.291606	0.041241	
0.288686	0.020801	
0.145605	0.019232	
0.134624	0.942371	
0.596600	0.176198	
0.233389	0.633722	
0.436053	0.052369	
0.366585	0.566093	
0.962653	0.738573	
0.170011	0.190077	
0.330538	0.313769	
0.196385	0.374697	
0.622880	0.360162	
0.521131	0.647918	
0.535424	0.747966	
0.235761	0.650328	
0.552299	0.866090	
0.062627	0.438392	
0.068747	0.481229	
0.368600	0.580199	
0.061391	0.429734	
0.008136	0.056952	
0.398667	0.790670	
0.534687	0.742812	
0.199681	0.397766	
0.784360	0.490518	
0.433626	0.035383	
0.247684	0.733785	
0.136494	0.955457	
0.688197	0.817378	
0.721649	0.051546	
0.360825	0.525773	
0.680412	0.762882	
0.340175	0.381223	
0.668563	0.679938	
0.759564	0.316950	
0.218647	0.530529	
0.713703	0.995924	
0.971469	0.800281	
0.601964	0.213748	
0.496239	0.473670	
0.315691	0.209834	
0.468840	0.281883	
0.973179	0.812253	
0.685773	0.800409	
0.602865	0.220057	
0.540402	0.782814	
0.479697	0.357882	
0.505171	0.536199	
0.753393	0.273750	
0.916253	0.413770	
0.896392	0.274743	
0.923200	0.462397	
0.236778	0.657448	
0.602139	0.214976	
0.504833	0.533828	
0.736797	0.157582	
0.103071	0.721495	
0.050468	0.353273	
0.472912	0.310387	
0.172706	0.208942	
0.462597	0.238181	
0.667270	0.670889	
0.696225	0.873576	
0.115031	0.805217	
0.636517	0.455619	
0.189335	0.325343	
0.277404	0.941828	
0.592795	0.149565	
0.046956	0.328689	
0.300825	0.105775	
0.740424	0.182966	
0.280765	0.965354	
0.757479	0.302353	
0.116468	0.815275	
0.706922	0.948456	
0.639195	0.474365	
0.320555	0.243882	
0.707172	0.950205	
0.651437	0.560058	
0.920403	0.442823	
0.099759	0.698315	
0.888208	0.217457	
0.522196	0.655369	
0.587580	0.113063	
0.791440	0.540078	
0.780546	0.463822	
0.246755	0.727288	
0.091018	0.637128	
0.459893	0.219252	
0.534767	0.743367	
0.203568	0.424973	
0.974811	0.823677	
0.765742	0.360194	
0.521355	0.649486	
0.546402	0.824812	
0.773683	0.415782	
0.910477	0.373340	
0.613378	0.293647	
0.055530	0.388707	
0.720947	0.046628	
