-1.264911
0.000000
1.834121
-0.727324
1.043552
0.221359
-1.106797
0.537587
-0.664078
-2.181972
-1.707630
0.126491
-1.770875
-0.569210
1.138420
-1.106797
-1.770875
0.158114
0.000000
0.411096
1.359779
0.790569
1.359779
0.885438
0.600833
-1.960612
0.474342
0.853815
1.359779
-0.094868
0.316228
-0.853815
-1.075174
0.948683
-0.347851
-0.063246
0.094868
-1.170043
1.106797
0.758947
0.505964
-1.676007
-1.328157
2.308463
1.707630
0.474342
1.170043
-0.411096
0.252982
1.928989
1.296534
-1.359779
-0.822192
-0.126491
-0.632456
0.474342
-1.011929
-0.790569
0.284605
-0.822192
1.296534
-0.031623
0.347851
0.221359
-0.727324
-1.581139
-0.537587
0.948683
-0.442719
-0.094868
-0.537587
-0.917061
-2.055480
1.011929
2.276840
0.442719
-1.486271
-0.822192
1.486271
-1.170043
1.707630
0.600833
-0.158114
1.075174
-0.885438
0.316228
1.644384
0.948683
-2.466577
1.802498
0.000000
1.011929
-0.569210
1.739253
0.442719
-0.664078
-2.213594
0.600833
0.379473
-0.316228
-0.189737
1.170043
-0.031623
-1.264911
-0.316228
0.695701
-0.063246
-0.252982
0.221359
-1.486271
1.707630
-0.284605
-1.201666
0.537587
-2.719559
0.695701
-1.170043
0.189737
-0.442719
1.075174
2.909295
0.885438
0.505964
-0.885438
0.284605
1.676007
-0.505964
-0.221359
0.347851
0.221359
-0.505964
1.676007
0.284605
-3.035787
0.347851
-0.758947
-0.031623
1.043552
0.442719
1.423025
1.517893
0.948683
0.948683
0.569210
-0.474342
-0.284605
-2.055480
-0.379473
-0.917061
-0.664078
-1.454648
-0.727324
0.790569
-0.474342
-1.011929
-0.948683
-0.158114
1.328157
-0.094868
0.885438
-0.537587
0.252982
0.252982
0.980306
0.632456
0.379473
-1.043552
0.031623
0.664078
1.201666
-0.537587
1.170043
-0.695701
1.486271
-0.885438
0.126491
0.822192
-1.581139
-0.221359
-0.316228
0.063246
0.474342
0.664078
1.834121
0.411096
1.328157
0.569210
-1.043552
1.612762
0.853815
-0.695701
-1.296534
-1.486271
1.011929
0.221359
0.221359
-1.043552
-0.221359
-0.347851
-1.011929
0.031623
-0.632456
0.980306
0.316228
1.676007
-0.284605
-0.284605
-0.537587
1.011929
1.676007
-0.284605
-0.948683
1.170043
-1.549516
1.834121
-0.632456
-0.158114
-1.549516
-0.158114
0.031623
0.442719
1.644384
-0.063246
-0.221359
0.537587
-0.126491
1.011929
-1.264911
-0.822192
0.316228
0.189737
0.790569
-2.150349
0.474342
-1.011929
1.359779
-0.094868
0.189737
-0.758947
1.581139
0.758947
0.347851
1.106797
-1.233288
0.853815
2.308463
-0.853815
-1.549516
0.727324
-0.094868
-1.359779
-0.917061
0.505964
-1.581139
-1.865744
0.063246
-0.632456
0.853815
0.980306
0.442719
-0.727324
-0.664078
-0.126491
0.252982
-0.284605
-2.466577
0.063246
-1.075174
-0.474342
-0.664078
-1.423025
-1.075174
0.695701
-0.537587
1.011929
1.707630
-0.885438
0.505964
0.126491
-0.632456
-0.284605
0.758947
0.790569
1.296534
1.423025
0.885438
-0.632456
1.676007
1.138420
-1.423025
-0.284605
-0.031623
-0.221359
-1.170043
-0.031623
0.189737
-0.790569
-0.758947
-0.727324
1.138420
0.316228
-0.790569
-0.917061
0.537587
-1.138420
1.454648
1.549516
-0.094868
-0.917061
-0.063246
0.948683
1.359779
0.252982
-0.790569
-0.031623
0.252982
-1.106797
0.505964
1.739253
-0.031623
-1.328157
-2.276840
0.031623
-0.790569
0.632456
0.000000
0.347851
0.221359
-0.189737
0.000000
0.727324
0.347851
0.031623
0.600833
0.600833
-0.316228
-0.221359
-1.264911
-0.474342
1.865744
-0.221359
0.790569
-0.316228
1.644384
-0.442719
0.917061
0.158114
1.011929
-1.233288
1.423025
1.486271
0.158114
0.000000
0.379473
1.928989
0.853815
0.158114
1.581139
-1.170043
-2.245217
-0.411096
-0.885438
0.695701
0.347851
1.517893
-0.758947
0.347851
-1.043552
-0.094868
-0.221359
1.328157
0.790569
0.158114
-0.695701
-0.347851
-0.695701
0.031623
0.727324
-0.284605
-0.474342
0.316228
0.600833
-0.347851
-1.328157
-1.138420
0.411096
0.063246
-0.347851
-0.063246
-0.695701
-0.252982
1.043552
1.486271
0.063246
-0.569210
0.284605
0.822192
-0.600833
0.126491
-1.454648
1.454648
1.043552
-1.328157
0.158114
-0.189737
-0.284605
1.138420
1.011929
0.695701
0.822192
-0.822192
0.221359
0.885438
-0.379473
-0.569210
0.758947
-1.011929
0.284605
0.632456
-1.201666
-0.917061
0.063246
-1.676007
0.537587
-0.031623
0.379473
0.822192
-0.505964
-0.094868
-0.822192
0.000000
1.549516
-0.316228
0.664078
0.252982
1.233288
-0.189737
-0.347851
0.822192
0.252982
1.486271
-2.055480
-1.549516
2.466577
-1.676007
0.126491
-0.126491
0.379473
-0.221359
-0.853815
-0.126491
0.411096
0.252982
0.727324
0.885438
0.505964
-1.233288
-0.442719
-0.284605
-1.043552
0.727324
0.505964
0.094868
-0.695701
0.442719
0.569210
1.043552
0.221359
-0.252982
-0.632456
-0.474342
-0.442719
0.189737
-0.885438
-0.632456
-0.537587
-0.094868
-1.106797
-0.695701
0.252982
1.707630
-1.707630
0.885438
-0.379473
-1.549516
-1.391402
0.600833
-0.347851
0.853815
-0.031623
1.201666
-1.676007
-0.189737
1.296534
-1.106797
-0.252982
1.011929
-1.676007
-0.474342
-0.790569
1.581139
0.885438
-0.094868
1.043552
-0.158114
0.316228
-0.126491
1.043552
0.379473
1.359779
0.094868
1.011929
2.814427
1.106797
-0.569210
-0.094868
0.316228
1.423025
-0.442719
0.126491
-0.632456
0.885438
1.106797
-0.505964
-0.379473
1.423025
0.221359
1.328157
1.359779
0.316228
-0.252982
-0.980306
1.423025
-0.537587
-0.917061
1.233288
0.126491
-0.316228
-0.442719
0.980306
0.094868
0.917061
-1.201666
2.308463
-1.486271
-0.221359
-0.063246
-2.466577
1.106797
0.189737
0.189737
0.221359
1.201666
0.664078
0.316228
-1.960612
0.000000
-0.442719
0.853815
0.885438
-0.569210
-1.106797
2.055480
-1.011929
0.158114
-1.170043
-0.031623
0.917061
0.221359
0.316228
1.612762
0.664078
0.790569
-0.411096
-0.537587
-1.264911
-0.284605
-0.885438
-1.486271
-1.011929
0.316228
0.664078
-0.252982
0.221359
-0.474342
0.284605
-0.094868
0.379473
-0.189737
-1.391402
1.138420
1.138420
-1.802498
0.664078
-0.727324
0.189737
0.917061
1.011929
0.917061
-0.885438
-0.379473
-1.612762
-0.600833
0.664078
0.126491
0.094868
-0.442719
-1.233288
-1.707630
0.189737
0.031623
0.948683
0.980306
0.252982
-0.474342
-0.411096
1.043552
-1.138420
0.252982
0.505964
1.612762
-0.284605
-0.664078
0.252982
1.770875
0.347851
-0.252982
-0.379473
-0.158114
-1.359779
0.442719
-0.600833
-1.170043
0.758947
1.138420
-1.075174
-0.158114
0.537587
0.537587
1.739253
0.537587
0.284605
-0.664078
1.043552
0.221359
1.834121
0.664078
1.264911
1.549516
0.158114
0.221359
0.917061
0.000000
0.316228
0.411096
-0.822192
0.379473
-0.063246
-0.727324
0.664078
-1.391402
-0.252982
-0.537587
0.632456
0.822192
0.948683
0.379473
-0.569210
0.632456
-0.158114
-0.569210
-2.434954
-0.379473
-0.158114
1.486271
-1.739253
1.739253
-0.569210
1.106797
1.549516
0.000000
-0.948683
-0.252982
0.031623
1.359779
0.790569
0.252982
0.758947
-0.379473
-0.347851
-0.221359
-0.885438
2.087103
-1.423025
0.442719
0.442719
0.411096
-0.664078
-0.853815
0.885438
0.252982
-0.790569
-2.087103
0.885438
-0.695701
-1.296534
0.063246
-0.158114
-0.505964
0.031623
0.221359
0.474342
0.442719
0.031623
-0.569210
-0.822192
0.980306
0.158114
-0.822192
0.221359
-0.948683
0.126491
0.284605
-0.790569
0.474342
1.106797
-0.790569
0.790569
-0.284605
-1.075174
0.000000
1.170043
0.411096
0.980306
-0.347851
1.517893
1.011929
-0.569210
-0.537587
0.094868
0.980306
0.727324
-0.885438
-0.347851
0.664078
-0.126491
0.695701
0.695701
-0.948683
1.707630
-1.233288
0.600833
0.822192
0.189737
2.371708
-2.434954
1.391402
-0.347851
0.632456
-0.347851
0.031623
2.498199
-1.075174
1.517893
0.031623
1.454648
-0.474342
0.758947
2.403331
0.094868
-0.031623
0.948683
0.632456
0.158114
-1.612762
0.442719
-1.960612
0.284605
2.687936
0.695701
-0.031623
-0.189737
0.347851
0.664078
0.189737
0.094868
-0.379473
-0.442719
0.158114
0.158114
0.284605
-0.063246
1.454648
-0.221359
-1.264911
0.411096
0.537587
-0.284605
0.853815
-0.790569
-0.347851
0.885438
-1.106797
0.632456
-2.846050
-0.569210
0.695701
-1.581139
-0.600833
-0.505964
1.770875
0.822192
-2.276840
0.664078
0.063246
0.347851
1.296534
-0.126491
-1.106797
-0.316228
0.031623
1.928989
-0.632456
-0.695701
0.632456
1.201666
-0.347851
1.865744
-0.853815
-0.379473
-0.252982
-0.885438
-0.758947
2.150349
0.537587
-0.252982
0.537587
0.727324
0.316228
0.664078
-0.727324
0.980306
1.486271
-0.885438
-0.505964
1.391402
-1.644384
-1.043552
0.158114
-0.980306
-0.758947
0.790569
0.000000
-0.727324
-1.676007
0.221359
1.992235
1.138420
0.917061
-0.822192
-0.695701
-0.158114
1.359779
0.853815
-0.632456
-0.474342
-0.727324
1.106797
0.126491
-0.189737
-0.632456
-3.320392
-1.106797
0.094868
-0.347851
0.474342
-2.276840
1.423025
0.347851
-0.758947
0.284605
-0.442719
1.043552
1.517893
0.094868
2.023858
0.537587
1.296534
-0.063246
1.201666
-0.221359
0.600833
1.359779
0.094868
1.486271
0.063246
-0.063246
-0.727324
-0.158114
0.822192
-0.980306
0.758947
-0.537587
0.758947
0.189737
-0.316228
-0.411096
-0.853815
-0.094868
0.537587
-1.897367
2.055480
-0.284605
0.000000
-0.664078
0.284605
0.221359
0.221359
-0.158114
0.664078
-1.391402
-0.695701
0.063246
0.505964
-0.600833
-0.632456
-1.359779
-0.853815
-2.245217
-0.758947
1.328157
-0.980306
0.063246
-1.549516
0.221359
0.442719
-0.411096
-1.960612
-1.549516
-0.189737
-0.980306
-0.980306
0.822192
-1.834121
-1.865744
0.442719
0.126491
0.885438
1.581139
0.126491
-0.569210
-1.011929
-0.031623
-0.727324
-0.347851
-0.347851
0.189737
2.087103
1.233288
0.600833
0.822192
-0.537587
1.138420
-1.802498
0.695701
-0.664078
-1.328157
0.158114
0.126491
-1.106797
0.158114
-1.011929
-0.411096
0.316228
0.442719
1.138420
0.284605
0.695701
0.379473
-0.316228
0.664078
0.094868
-0.790569
0.316228
-0.221359
0.031623
-2.245217
-0.094868
0.031623
-0.758947
-0.284605
-1.233288
-0.442719
0.189737
-1.612762
-0.948683
0.853815
-0.158114
-0.189737
1.201666
1.644384
0.094868
-0.094868
0.000000
-0.189737
0.474342
-0.917061
1.612762
0.790569
-0.917061
0.505964
-0.885438
0.948683
0.094868
1.992235
-1.011929
-0.632456
0.474342
1.423025
0.063246
-0.126491
-0.063246
0.063246
-1.011929
0.126491
0.284605
0.505964
-0.853815
1.676007
0.347851
0.853815
0.474342
0.727324
-1.770875
0.158114
0.411096
0.664078
-0.505964
0.316228
0.031623
-0.853815
0.695701
-1.739253
-0.790569
0.632456
0.189737
1.992235
-0.885438
-0.758947
-0.126491
-1.391402
1.011929
-0.126491
-0.474342
1.011929
0.727324
-0.505964
-0.505964
0.189737
-1.075174
-0.727324
-0.822192
-1.264911
-0.252982
0.600833
0.948683
-0.221359
1.011929
0.600833
-2.656313
0.031623
-0.537587
-1.043552
1.359779
-0.727324
-0.790569
-0.727324
-0.537587
-0.126491
-0.094868
1.201666
-0.948683
-0.664078
0.758947
0.379473
0.885438
-1.264911
1.739253
0.063246
-1.233288
0.347851
-0.664078
-1.075174
0.189737
-0.094868
0.885438
-0.695701
0.221359
-1.264911
-1.264911
-1.549516
2.846050
0.284605
0.252982
-0.474342
-0.031623
-0.853815
-0.632456
2.087103
1.391402
-0.379473
-0.632456
0.158114
0.980306
-0.790569
-1.106797
-0.790569
2.023858
-0.695701
0.316228
0.695701
0.000000
0.000000
-0.316228
-1.517893
-0.379473
0.094868
-0.252982
-0.031623
0.632456
-0.980306
0.284605
0.158114
0.316228
-1.391402
-1.359779
0.600833
1.423025
-0.284605
-0.284605
0.031623
0.758947
-0.189737
-0.917061
1.138420
0.094868
2.213594
0.063246
-1.865744
1.043552
0.126491
-0.505964
0.094868
-0.347851
-0.664078
-0.537587
1.328157
1.454648
0.758947
-0.569210
-1.423025
1.011929
0.600833
1.707630
0.063246
-1.043552
-0.632456
0.316228
-0.284605
0.505964
-1.549516
0.411096
0.094868
1.486271
-1.106797
-1.201666
1.359779
1.296534
-0.221359
0.474342
1.106797
1.486271
0.316228
1.739253
0.379473
-0.284605
0.158114
0.379473
-0.822192
0.600833
0.505964
-0.980306
0.316228
0.505964
0.252982
0.031623
0.505964
-0.664078
0.126491
0.063246
1.264911
0.284605
-0.031623
-1.644384
0.727324
0.094868
-0.158114
-2.181972
0.189737
-0.569210
0.632456
-0.758947
0.411096
-0.063246
-0.284605
-0.031623
0.442719
-0.600833
0.189737
-0.980306
-2.529822
0.948683
1.865744
-2.118726
-0.664078
-0.347851
-0.221359
-0.221359
0.758947
0.189737
0.980306
1.549516
-0.790569
-0.379473
-0.031623
-0.158114
1.170043
0.347851
0.442719
0.695701
0.379473
-0.379473
-3.193900
0.158114
0.695701
0.632456
-1.264911
-0.600833
0.126491
-0.126491
1.170043
1.201666
-0.284605
-0.347851
-0.790569
-0.126491
1.011929
0.917061
0.917061
0.505964
2.055480
0.189737
1.233288
-0.695701
-0.221359
2.213594
1.011929
-0.790569
0.189737
-0.885438
1.170043
0.442719
-0.885438
-1.423025
0.727324
0.063246
0.505964
0.000000
0.664078
-0.126491
0.695701
-0.347851
-1.391402
0.664078
0.980306
1.201666
0.221359
-1.138420
0.790569
0.853815
0.158114
-1.992235
-0.316228
1.359779
1.043552
-0.252982
1.296534
-0.252982
0.411096
-0.126491
0.316228
-0.822192
-0.885438
0.442719
0.379473
-0.600833
-0.221359
-0.316228
0.221359
1.770875
0.284605
-1.043552
0.316228
-0.632456
-0.727324
0.917061
0.695701
1.612762
0.980306
-1.486271
0.126491
0.126491
-1.138420
0.822192
0.537587
-1.043552
-0.189737
-2.751182
0.158114
0.505964
1.612762
0.980306
1.676007
-0.474342
-1.043552
-1.075174
-1.296534
-1.454648
1.359779
-1.423025
-2.371708
1.170043
1.328157
-1.423025
0.632456
-0.632456
0.252982
1.170043
-0.853815
0.252982
0.252982
-1.391402
0.347851
-0.537587
0.632456
-0.632456
0.000000
-1.897367
-1.581139
-0.727324
0.126491
0.316228
0.758947
-0.316228
-0.980306
1.011929
-0.063246
-1.549516
1.328157
1.106797
-0.917061
-0.632456
-1.201666
-2.087103
-1.328157
0.632456
0.189737
0.474342
0.379473
-0.031623
-0.822192
0.316228
0.031623
-0.948683
-0.822192
-0.474342
0.347851
-0.347851
0.980306
0.600833
-0.505964
-0.505964
0.252982
0.474342
-2.150349
0.632456
0.158114
2.055480
-0.158114
-1.549516
0.158114
-1.359779
2.213594
-1.612762
0.822192
1.770875
1.138420
-1.960612
0.474342
-0.853815
-0.126491
0.917061
0.505964
-0.505964
1.423025
1.992235
1.075174
0.758947
-0.158114
-0.537587
-0.316228
-0.411096
0.158114
-0.158114
0.063246
0.695701
-1.454648
0.727324
0.505964
-0.442719
-0.948683
-0.158114
0.885438
-1.423025
0.727324
-0.505964
-0.758947
0.158114
0.758947
-1.106797
-0.063246
-1.770875
0.917061
-1.233288
-0.600833
-0.505964
1.359779
-0.505964
0.727324
-0.442719
0.505964
0.442719
1.454648
0.948683
-0.031623
0.252982
-0.505964
1.865744
1.865744
1.011929
-0.189737
0.664078
-0.537587
0.094868
-0.474342
0.126491
-0.980306
-0.063246
-1.043552
-0.379473
-1.138420
-0.189737
-0.948683
-0.474342
1.011929
1.106797
1.517893
-0.442719
0.664078
-0.379473
-2.023858
0.284605
-1.644384
-0.252982
-0.284605
-0.664078
-0.980306
-0.411096
-1.486271
-1.011929
1.170043
-1.138420
0.853815
0.347851
0.316228
0.917061
-0.126491
-1.359779
0.695701
-0.790569
0.664078
0.948683
-0.031623
1.106797
-1.296534
0.664078
1.707630
-0.031623
-0.158114
-0.347851
0.664078
0.126491
0.822192
1.928989
-1.486271
0.158114
-0.853815
0.031623
-0.474342
0.853815
-0.822192
0.853815
-2.118726
0.537587
1.011929
0.474342
0.252982
1.233288
-0.853815
-0.822192
0.885438
-0.221359
0.885438
-0.632456
-2.308463
0.379473
-1.201666
0.126491
-0.790569
-1.581139
-0.094868
-0.031623
0.664078
2.245217
0.695701
0.316228
-0.347851
1.423025
-1.106797
1.075174
1.201666
0.695701
2.276840
-0.569210
0.885438
0.252982
1.075174
0.158114
-0.537587
-0.379473
-1.106797
-0.695701
-0.347851
0.790569
0.853815
0.000000
0.126491
-0.189737
-0.347851
0.853815
-0.632456
-0.632456
-0.822192
0.790569
-2.308463
0.316228
1.138420
1.296534
-0.505964
-0.853815
0.284605
-0.474342
1.170043
0.031623
0.695701
0.822192
-1.138420
-0.569210
-0.600833
0.158114
-0.221359
-1.264911
-1.138420
-0.537587
1.233288
-0.474342
-1.233288
1.075174
0.885438
-0.885438
-0.474342
0.632456
0.727324
-0.221359
-0.411096
1.043552
0.758947
0.632456
0.442719
-0.158114
1.170043
-2.403331
0.000000
-0.094868
-0.758947
1.011929
0.727324
2.340085
-0.189737
2.782804
0.126491
0.094868
-0.031623
-0.347851
0.885438
0.853815
-0.853815
0.347851
-0.442719
-0.221359
0.948683
-1.486271
-0.063246
-0.189737
-1.739253
-0.284605
0.316228
-0.189737
-1.043552
2.814427
-0.790569
-0.948683
1.075174
-0.474342
0.252982
-0.980306
0.727324
-0.853815
0.695701
-1.296534
0.000000
-0.126491
-0.411096
-2.055480
0.632456
0.474342
0.411096
-0.917061
-0.537587
0.126491
-1.043552
1.423025
0.252982
0.790569
-0.126491
0.569210
-0.822192
-0.980306
1.739253
-0.284605
-0.252982
0.031623
0.189737
-1.138420
-0.664078
0.695701
0.569210
0.126491
-0.284605
-0.758947
0.063246
-0.158114
-1.011929
-1.834121
1.423025
0.442719
-1.170043
-0.822192
-0.727324
-0.885438
-0.284605
1.264911
1.075174
-1.011929
1.549516
2.434954
0.695701
-0.727324
-0.758947
-1.233288
0.063246
1.011929
0.189737
1.296534
-0.885438
0.284605
-1.296534
-1.138420
-0.063246
1.106797
-0.189737
-0.031623
-1.328157
0.316228
0.980306
-0.411096
-1.391402
-0.474342
-0.442719
1.802498
-0.822192
-0.537587
-1.517893
-1.233288
0.695701
-2.371708
-1.328157
0.284605
1.707630
-0.758947
-0.411096
-0.537587
0.853815
1.486271
2.245217
-0.664078
0.063246
1.201666
-0.063246
-2.371708
-0.980306
-0.632456
-2.118726
0.822192
-0.632456
0.505964
-0.221359
-1.264911
-0.537587
0.474342
0.569210
-0.632456
-1.391402
0.031623
-0.537587
-0.158114
0.094868
-0.822192
-1.834121
0.632456
-0.885438
-0.347851
-0.316228
0.980306
2.403331
-0.853815
-1.423025
-0.284605
-0.695701
-0.600833
-2.909295
0.695701
-1.770875
-0.790569
-1.391402
-0.347851
-0.284605
-0.758947
-0.885438
-1.043552
-1.992235
-0.252982
0.094868
-0.695701
1.296534
0.474342
-0.284605
1.391402
-0.284605
2.181972
0.632456
-0.347851
-0.537587
0.569210
-0.885438
0.411096
-0.316228
1.170043
0.822192
0.347851
0.347851
-2.340085
0.790569
0.822192
-0.442719
0.569210
-0.031623
1.454648
0.411096
0.031623
-0.158114
1.011929
-0.189737
0.442719
0.474342
0.284605
0.885438
1.075174
-2.023858
-0.347851
0.474342
0.664078
0.632456
1.106797
0.505964
-0.695701
-2.213594
-0.600833
-0.474342
0.885438
1.770875
1.106797
-1.043552
0.252982
0.379473
0.758947
-0.221359
-0.284605
-0.252982
0.284605
0.063246
-0.695701
1.296534
-1.612762
-0.189737
0.252982
0.632456
0.158114
-1.043552
0.442719
2.371708
0.727324
-1.011929
-1.391402
1.138420
-0.853815
2.340085
-0.474342
1.296534
0.063246
-0.758947
0.600833
0.252982
-0.284605
-0.411096
1.391402
-1.328157
0.885438
1.391402
-0.917061
-1.549516
-0.063246
0.885438
-1.201666
-0.727324
-0.284605
0.158114
2.687936
-1.676007
-0.379473
-0.411096
-1.233288
0.158114
-0.664078
1.011929
-0.569210
1.359779
0.284605
-0.158114
-0.980306
-0.727324
-0.664078
-0.474342
0.505964
1.391402
-0.727324
1.170043
-1.517893
1.264911
-0.189737
-1.454648
-0.569210
1.517893
2.023858
1.707630
-0.664078
-0.158114
-0.569210
0.411096
0.063246
1.138420
2.055480
0.537587
-1.391402
-1.676007
1.075174
0.600833
-1.391402
0.790569
1.391402
-0.221359
1.011929
-1.391402
0.980306
-0.695701
-0.569210
-0.284605
-0.316228
-0.379473
-0.442719
0.284605
-0.632456
-1.328157
0.284605
0.031623
0.474342
0.474342
-1.264911
0.158114
-0.189737
-0.442719
-0.537587
1.897367
1.549516
-0.063246
0.822192
-0.885438
1.075174
0.727324
-0.158114
1.359779
1.770875
-0.347851
1.233288
-0.411096
0.885438
-0.158114
0.695701
-0.853815
0.347851
-1.201666
0.853815
-1.328157
1.739253
1.296534
-0.063246
-0.758947
0.221359
0.189737
2.940918
-0.442719
1.138420
-0.758947
0.221359
0.442719
-1.138420
-0.158114
2.466577
-0.885438
0.695701
-0.822192
-0.695701
-1.423025
-0.411096
3.099032
-1.992235
-0.411096
0.505964
0.474342
0.379473
-0.917061
-1.106797
-0.379473
2.118726
0.189737
-1.802498
-0.221359
0.189737
0.063246
1.296534
0.316228
-2.624690
1.834121
0.094868
-0.727324
0.600833
0.505964
1.928989
0.126491
0.031623
1.454648
-0.158114
0.980306
-0.189737
-0.505964
1.170043
-2.782804
-1.676007
0.221359
1.011929
0.505964
-0.252982
0.442719
1.581139
0.917061
0.158114
-0.158114
0.474342
-0.379473
-0.347851
-0.221359
-0.031623
1.391402
-0.158114
-0.758947
-1.328157
-0.063246
-0.853815
-0.948683
1.011929
0.252982
-0.885438
1.264911
-1.264911
-0.063246
0.000000
-0.505964
0.126491
-0.474342
-0.094868
0.853815
1.296534
-0.695701
2.719559
1.233288
0.790569
0.537587
-0.189737
0.664078
0.948683
-1.834121
-0.158114
-1.264911
-0.695701
1.391402
-1.454648
0.411096
0.158114
1.391402
0.158114
-1.170043
-2.434954
-2.782804
0.727324
-0.094868
-0.822192
-1.011929
0.221359
0.822192
0.948683
-0.189737
0.853815
0.727324
-0.031623
0.758947
0.379473
0.537587
-0.600833
1.075174
-0.379473
0.379473
0.063246
0.411096
-0.569210
2.023858
-0.600833
-0.379473
-1.075174
-1.043552
-0.347851
-1.581139
-0.252982
-0.758947
0.822192
-0.442719
0.948683
0.505964
-0.347851
0.379473
0.031623
-0.600833
-0.853815
1.486271
-0.094868
-0.284605
-1.233288
1.739253
-1.296534
-1.676007
-2.434954
-0.158114
-0.474342
0.063246
-1.075174
0.474342
-1.423025
-1.391402
-1.201666
0.948683
-0.442719
-0.948683
0.158114
0.379473
0.221359
0.695701
-0.790569
-1.106797
0.347851
0.126491
0.158114
0.031623
0.221359
-0.474342
-0.600833
-1.707630
0.758947
-0.790569
-1.106797
2.055480
-0.505964
-0.442719
0.063246
-1.264911
0.252982
-0.316228
-1.043552
0.158114
-0.442719
0.031623
-0.790569
-1.201666
0.948683
-0.853815
-0.569210
-0.632456
-0.569210
0.411096
-1.486271
-1.359779
-0.474342
-0.569210
-0.505964
-1.549516
-0.727324
0.347851
-0.664078
-0.158114
0.158114
-0.189737
0.347851
-1.423025
-1.201666
0.000000
-0.917061
0.189737
-0.853815
-0.316228
-1.770875
-0.917061
1.201666
-1.486271
0.031623
-0.411096
-0.948683
1.391402
0.442719
-1.043552
0.695701
-0.569210
0.000000
0.474342
-0.411096
0.158114
-0.695701
-1.391402
-0.600833
-0.442719
-0.822192
-0.822192
0.221359
-0.347851
0.284605
-0.221359
1.201666
0.727324
1.865744
-1.138420
-0.411096
-0.252982
-0.822192
-2.023858
-0.411096
0.252982
0.600833
-0.600833
1.011929
-0.442719
-0.379473
-0.664078
1.359779
0.474342
0.569210
-3.004164
2.245217
1.802498
-0.379473
1.170043
-0.569210
1.233288
0.221359
-0.948683
-1.264911
-0.664078
0.537587
-1.075174
-1.676007
0.031623
-1.011929
-1.138420
-1.328157
0.442719
1.770875
-0.853815
0.600833
-1.676007
-1.992235
-0.411096
-0.758947
1.233288
-1.011929
2.055480
-0.505964
-1.233288
-0.632456
-0.031623
-0.790569
0.664078
-0.126491
-1.011929
-1.834121
0.316228
1.296534
-1.106797
0.758947
-1.201666
-0.695701
1.454648
-0.158114
0.442719
1.486271
-0.442719
0.126491
-0.347851
-0.790569
1.170043
-1.454648
-1.391402
0.695701
0.031623
-0.727324
-0.505964
-0.727324
-0.853815
0.442719
-0.158114
-0.442719
1.170043
1.233288
-0.126491
0.221359
-1.201666
0.347851
0.853815
-1.897367
0.442719
2.308463
-0.853815
0.569210
0.031623
-0.664078
0.252982
0.284605
0.347851
-1.011929
-1.201666
-1.138420
-2.118726
-0.758947
-1.960612
-1.138420
-0.411096
-0.569210
1.075174
-0.094868
-1.264911
-1.011929
0.158114
0.252982
0.031623
0.695701
1.391402
0.158114
0.189737
-0.316228
0.600833
-1.359779
-0.284605
-3.004164
1.359779
0.284605
1.328157
-0.885438
1.138420
0.917061
0.063246
-0.758947
0.474342
-0.790569
-1.043552
0.442719
0.379473
1.043552
-2.245217
0.347851
-0.917061
0.632456
0.917061
0.316228
1.201666
0.600833
0.158114
-2.371708
-0.632456
0.094868
0.790569
-1.296534
-2.371708
0.664078
0.917061
0.695701
0.158114
-0.727324
-1.612762
-1.296534
0.727324
0.063246
-0.284605
-0.411096
-0.632456
-0.758947
-0.474342
0.442719
-0.126491
-1.644384
-0.189737
-2.909295
-0.664078
-1.201666
0.126491
-0.727324
-1.075174
0.442719
0.853815
-0.632456
0.632456
-1.739253
-1.328157
-0.411096
-1.960612
-0.189737
1.011929
-1.328157
0.284605
-0.031623
1.233288
-1.454648
0.284605
-0.474342
-0.158114
-0.600833
-0.347851
-2.181972
-0.695701
0.474342
-1.454648
-0.758947
1.233288
0.885438
-1.581139
0.853815
1.233288
-0.442719
-0.442719
-0.063246
-1.043552
-0.031623
-1.170043
1.359779
-0.126491
-0.537587
0.094868
-0.063246
0.664078
-0.221359
-0.695701
0.537587
1.454648
-0.284605
-0.790569
0.347851
-0.758947
2.371708
-1.075174
-0.221359
0.252982
-1.296534
-0.221359
-1.296534
-0.822192
-0.822192
0.000000
-0.126491
0.379473
0.569210
-1.612762
-1.960612
1.897367
0.000000
0.000000
-0.537587
0.600833
0.221359
-1.328157
-2.782804
-0.189737
-0.569210
0.000000
-0.094868
0.252982
0.126491
0.411096
-0.505964
-1.138420
-0.221359
-0.569210
0.790569
-0.948683
-2.087103
0.569210
0.252982
-0.980306
-1.170043
3.162278
-0.411096
-1.138420
0.600833
-2.940918
-1.296534
1.517893
-1.549516
1.328157
0.822192
-1.865744
-0.347851
-0.379473
0.505964
0.569210
-0.221359
-0.158114
0.126491
0.379473
-0.505964
-0.474342
-2.181972
-0.917061
-0.063246
-1.296534
0.158114
0.569210
-0.917061
-1.423025
0.000000
-0.664078
0.917061
0.822192
-2.340085
-0.284605
2.498199
-1.233288
-0.158114
1.138420
0.822192
0.031623
0.063246
-0.347851
0.980306
-0.569210
1.423025
-1.834121
1.707630
-0.221359
0.917061
-0.347851
0.284605
-0.600833
1.201666
-2.118726
0.252982
-1.264911
-0.442719
-1.011929
-1.581139
2.181972
0.158114
0.948683
0.980306
0.221359
1.106797
0.126491
-0.885438
1.581139
1.992235
0.316228
-0.474342
0.474342
0.505964
1.296534
-0.379473
0.474342
0.442719
1.043552
-1.138420
0.442719
1.549516
-1.454648
0.474342
0.632456
-0.189737
0.695701
0.853815
1.011929
-0.885438
0.885438
0.284605
1.612762
-0.790569
1.011929
-2.371708
1.011929
-0.822192
-0.664078
0.379473
0.189737
-0.853815
0.347851
-0.221359
1.296534
0.063246
-0.917061
-0.379473
-0.980306
-0.252982
-0.569210
1.865744
-1.296534
-0.126491
-1.170043
1.043552
0.727324
-0.411096
-0.790569
-0.126491
0.917061
0.126491
-0.917061
0.600833
0.695701
-0.031623
1.328157
-0.474342
1.170043
0.853815
-0.980306
-0.853815
0.537587
-0.917061
-0.727324
1.707630
-1.328157
2.403331
-0.695701
-0.316228
-0.284605
-0.474342
-0.411096
1.170043
1.170043
0.126491
-0.411096
0.442719
0.126491
-0.917061
-0.252982
1.739253
-0.252982
1.296534
0.347851
0.948683
-0.189737
-0.063246
1.328157
-0.537587
0.948683
0.600833
1.328157
-0.505964
0.347851
-0.600833
-1.106797
-0.600833
2.055480
0.442719
0.094868
-0.853815
0.569210
-1.264911
-1.644384
1.517893
0.822192
0.569210
-1.170043
1.517893
0.094868
-0.063246
-1.138420
-1.296534
-0.063246
1.644384
0.221359
0.537587
0.094868
0.822192
-1.233288
-0.347851
0.474342
1.296534
0.316228
-0.189737
0.347851
-0.126491
-1.011929
-0.853815
-0.600833
-0.569210
-1.423025
1.106797
-0.569210
-1.043552
-0.885438
0.980306
0.158114
1.676007
-0.917061
0.885438
1.676007
1.423025
-0.474342
0.632456
-1.201666
-0.505964
0.632456
0.505964
0.221359
-0.347851
-2.087103
1.359779
0.664078
0.758947
1.486271
-1.739253
-0.505964
-0.031623
0.885438
-2.434954
0.284605
0.474342
-1.486271
-1.549516
-0.221359
0.126491
0.569210
0.442719
0.221359
0.094868
-2.814427
-0.537587
-1.011929
-0.980306
-0.474342
-1.233288
1.423025
0.853815
0.411096
-2.308463
0.695701
-0.537587
-0.158114
1.865744
0.063246
1.264911
-1.549516
0.000000
1.676007
1.517893
-2.782804
-0.442719
0.063246
0.600833
-1.201666
0.316228
-0.158114
0.031623
-0.695701
-0.126491
-0.316228
-0.853815
0.632456
-1.359779
0.853815
-0.758947
-0.189737
-0.569210
0.284605
-0.442719
-2.181972
-0.474342
1.106797
-1.328157
-0.537587
2.371708
-0.537587
-0.948683
-0.094868
-1.359779
-0.094868
-0.727324
0.158114
-0.411096
0.031623
0.252982
1.170043
0.379473
-0.158114
-0.252982
-0.695701
-2.213594
2.593068
-1.138420
-1.865744
0.600833
0.411096
0.411096
-0.632456
0.094868
0.727324
1.391402
-0.252982
-1.359779
2.087103
0.727324
1.486271
2.340085
-0.379473
0.727324
0.094868
-0.442719
-0.885438
2.371708
-1.138420
1.201666
-2.118726
-1.138420
0.822192
-0.094868
2.087103
-0.853815
2.087103
0.189737
-0.221359
1.011929
-1.075174
-0.031623
0.031623
0.158114
-0.252982
0.632456
0.126491
0.284605
-1.454648
-0.094868
-0.790569
-0.063246
-0.948683
0.948683
1.802498
-0.031623
-0.727324
0.474342
-0.347851
-0.094868
-1.043552
-0.822192
-0.031623
0.980306
2.656313
-0.442719
-0.347851
1.233288
0.000000
-2.466577
0.790569
0.632456
0.347851
-1.454648
0.284605
-0.885438
-0.316228
-0.695701
-0.379473
-0.695701
-0.695701
0.790569
0.695701
0.347851
0.917061
0.758947
0.948683
1.359779
0.505964
1.897367
-0.537587
0.885438
-0.284605
1.138420
-1.170043
-2.245217
-0.252982
-0.569210
2.498199
-0.537587
-1.201666
-0.126491
0.790569
1.201666
-0.158114
-0.189737
-1.011929
0.917061
-1.423025
0.569210
-0.347851
1.170043
-0.632456
-0.442719
-2.055480
0.917061
0.094868
-1.612762
-1.834121
0.379473
0.063246
-0.537587
-0.632456
1.043552
0.632456
1.359779
0.411096
0.505964
-0.569210
-0.632456
-0.664078
-1.359779
-0.347851
1.454648
1.296534
-0.126491
-0.505964
-0.442719
0.347851
-0.474342
0.379473
-1.170043
0.063246
-0.917061
0.853815
0.000000
-0.632456
1.075174
0.790569
0.632456
-0.632456
0.442719
-0.284605
-1.043552
-0.126491
-1.296534
-1.233288
-0.948683
-0.379473
0.885438
-1.644384
-1.138420
0.252982
0.221359
1.328157
-0.758947
-1.296534
0.822192
-1.739253
0.853815
-0.948683
-2.213594
0.758947
1.075174
0.221359
-0.347851
0.474342
-0.664078
1.865744
1.897367
-0.505964
-0.031623
-0.411096
0.632456
1.296534
0.189737
-1.011929
-0.411096
-0.537587
-1.043552
-0.600833
-0.505964
1.043552
0.474342
0.853815
-1.834121
-0.569210
-0.474342
0.031623
-0.537587
-1.897367
-0.031623
-1.264911
0.284605
0.948683
-0.758947
-0.537587
0.316228
1.264911
0.158114
0.347851
0.980306
-0.442719
-0.695701
-0.822192
-0.189737
-0.695701
-0.537587
-2.624690
0.126491
-0.853815
1.106797
0.442719
0.822192
0.758947
1.423025
-0.252982
-1.581139
0.031623
0.252982
0.284605
0.600833
0.379473
-2.308463
0.885438
0.600833
0.316228
-0.252982
0.948683
0.600833
-0.758947
-0.917061
2.308463
0.347851
-0.632456
-0.600833
-0.379473
0.126491
-1.201666
-1.075174
-2.561445
-0.917061
0.379473
0.758947
-0.252982
1.612762
1.011929
0.600833
0.758947
1.296534
0.442719
-0.442719
-0.632456
0.411096
0.063246
1.233288
-0.664078
-1.043552
0.126491
-0.347851
-0.600833
-0.727324
-0.474342
-0.948683
0.316228
0.505964
0.189737
-0.094868
1.644384
0.885438
1.296534
0.189737
0.094868
0.758947
-1.233288
1.802498
0.094868
0.221359
-0.632456
-0.284605
0.758947
-0.316228
-1.201666
-1.170043
-0.695701
-0.063246
-0.600833
1.486271
0.126491
0.189737
0.252982
0.664078
1.106797
0.664078
0.569210
-0.917061
-0.189737
0.252982
2.055480
-0.126491
1.707630
-0.632456
0.284605
0.537587
0.474342
0.094868
-0.758947
1.233288
-0.948683
2.434954
-0.094868
1.739253
-0.158114
1.707630
-0.063246
-0.853815
-0.505964
-0.442719
-0.316228
1.676007
-0.664078
-1.011929
-0.885438
0.853815
-0.316228
-1.138420
-1.138420
-0.379473
0.347851
0.853815
-0.031623
0.695701
-0.284605
0.000000
0.063246
-1.454648
0.632456
-0.758947
0.126491
-1.328157
-0.474342
-0.158114
0.695701
-0.316228
-0.948683
0.189737
-0.853815
0.221359
-0.917061
2.118726
0.094868
0.980306
0.442719
-1.106797
-1.233288
-0.569210
0.790569
-0.822192
-1.201666
0.158114
-0.316228
-0.474342
-1.612762
-1.707630
-0.695701
-0.316228
0.600833
-0.442719
-0.189737
0.948683
0.158114
-0.411096
-0.284605
-0.474342
-0.758947
-1.676007
-0.158114
0.094868
1.201666
-0.948683
1.928989
0.727324
0.347851
0.664078
-0.822192
-0.569210
0.727324
1.264911
0.252982
2.656313
-1.391402
0.063246
-0.252982
-0.537587
-2.087103
-0.031623
-2.498199
0.505964
0.537587
0.347851
0.980306
-0.727324
-0.664078
-0.505964
0.632456
1.170043
0.727324
2.055480
0.316228
-0.853815
2.846050
-1.770875
0.000000
-0.758947
0.031623
2.340085
-0.094868
1.011929
-0.284605
-0.853815
-0.569210
-0.158114
0.505964
-0.063246
1.233288
-0.411096
0.727324
-0.474342
1.296534
0.063246
-0.379473
-0.221359
-0.379473
0.189737
-1.739253
-1.075174
-0.316228
0.885438
0.031623
1.549516
-0.158114
-0.158114
-0.284605
0.695701
0.126491
1.549516
-0.316228
1.454648
-2.181972
-2.245217
-0.252982
0.695701
0.031623
0.411096
0.695701
-1.391402
-0.094868
0.632456
-1.296534
0.632456
-1.359779
-0.221359
-1.011929
-0.632456
0.790569
2.118726
0.126491
1.106797
-0.379473
1.328157
-0.316228
1.296534
0.347851
-1.138420
-2.181972
-1.233288
2.371708
0.158114
0.411096
0.948683
1.391402
-0.316228
-1.043552
2.340085
-0.727324
-0.569210
0.031623
-1.296534
-1.770875
-0.252982
-1.075174
0.727324
0.727324
-2.498199
-0.126491
1.992235
1.201666
0.252982
-0.537587
0.189737
0.189737
1.644384
1.612762
2.181972
-1.454648
-0.980306
1.423025
-1.486271
-1.770875
-2.181972
0.094868
-0.474342
-0.158114
-0.158114
-0.664078
0.474342
-0.252982
-1.106797
-0.632456
0.917061
-0.063246
-1.043552
2.023858
-1.075174
1.011929
0.379473
-0.031623
0.379473
1.676007
0.158114
-0.031623
0.379473
1.075174
1.011929
-0.252982
-0.158114
1.201666
-0.221359
0.758947
-1.486271
-0.063246
0.885438
0.537587
-1.486271
0.853815
0.664078
0.980306
-0.537587
0.695701
-1.106797
0.063246
-0.853815
-0.885438
-0.885438
0.727324
-0.221359
2.624690
0.000000
1.043552
-0.316228
-0.600833
-0.822192
-1.612762
0.158114
-1.359779
-0.758947
-0.252982
0.031623
0.695701
0.442719
0.094868
-0.569210
0.411096
-0.664078
-1.138420
0.158114
1.328157
0.158114
-0.664078
-0.189737
-0.600833
0.537587
0.252982
1.138420
1.264911
-0.632456
0.569210
-0.474342
-0.379473
1.264911
1.676007
1.612762
1.676007
1.707630
0.379473
0.790569
0.505964
-1.075174
-1.992235
0.853815
-0.284605
-0.695701
-0.442719
0.284605
-0.632456
-0.505964
-1.707630
0.948683
0.189737
1.517893
2.055480
1.454648
1.359779
-0.442719
-1.770875
0.063246
1.581139
1.138420
-1.644384
0.063246
0.695701
-0.790569
0.505964
-0.758947
-1.328157
0.537587
1.928989
-1.264911
-0.063246
-0.221359
-0.505964
-0.917061
-0.252982
1.170043
1.170043
-0.758947
0.063246
0.727324
-0.158114
-0.505964
-1.423025
-0.727324
-0.790569
0.727324
2.181972
0.980306
-0.980306
-1.612762
0.379473
-1.359779
-0.094868
-1.359779
-0.758947
0.727324
1.201666
-0.885438
0.632456
0.664078
-0.316228
0.727324
-0.316228
-0.790569
0.221359
-0.600833
0.758947
-0.695701
-0.347851
-1.233288
0.347851
0.411096
-0.822192
-0.252982
-0.189737
-0.505964
0.442719
1.897367
-1.581139
-1.359779
0.474342
-0.031623
-0.252982
1.233288
-0.284605
-0.189737
-2.023858
-0.727324
0.284605
-0.790569
-2.023858
0.758947
1.043552
-3.162278
-1.106797
1.201666
0.158114
-0.980306
1.075174
-0.063246
-1.264911
-0.980306
0.853815
1.992235
-0.695701
0.917061
0.379473
1.739253
0.000000
-1.834121
-0.632456
0.822192
-2.434954
-2.118726
-0.063246
-1.644384
0.442719
1.106797
-0.347851
0.379473
0.727324
1.549516
0.917061
-1.549516
0.379473
-0.948683
0.695701
-1.928989
1.549516
0.189737
0.537587
-0.347851
-0.411096
-0.505964
-1.233288
1.043552
0.790569
0.158114
-0.221359
0.284605
1.517893
-0.853815
-0.379473
0.379473
-2.719559
-0.221359
0.252982
1.138420
-0.252982
-0.980306
0.885438
-0.790569
-0.632456
1.170043
0.822192
-0.316228
1.264911
1.359779
0.189737
-1.897367
-1.549516
-0.189737
-0.158114
0.600833
0.537587
0.189737
0.727324
-1.454648
-0.822192
0.442719
-0.474342
0.727324
-0.031623
-0.063246
-1.454648
-1.644384
1.644384
0.727324
-0.853815
0.126491
-0.094868
-2.118726
0.537587
0.695701
1.296534
0.063246
0.063246
-0.822192
1.423025
-1.676007
-0.284605
0.853815
-0.221359
-1.233288
-0.189737
1.454648
-1.486271
-0.505964
2.118726
-1.328157
0.822192
-0.790569
1.423025
-0.474342
2.403331
-0.158114
-0.411096
0.569210
0.632456
-0.094868
0.094868
0.284605
-1.233288
-0.727324
-0.316228
-0.094868
0.063246
-1.359779
0.442719
-0.284605
-0.031623
0.695701
1.581139
0.600833
0.000000
0.284605
0.727324
-1.043552
0.411096
0.379473
-0.411096
0.031623
0.284605
0.664078
0.980306
-0.790569
0.158114
0.727324
-0.347851
-0.505964
2.340085
-0.790569
-0.917061
0.189737
-0.031623
-0.094868
1.296534
-0.252982
-0.221359
0.822192
-2.498199
0.126491
-0.126491
1.201666
-0.063246
-0.379473
2.023858
0.885438
-1.865744
1.802498
1.201666
-0.505964
1.612762
-0.347851
0.284605
-0.316228
0.189737
0.189737
0.442719
2.846050
0.126491
-0.474342
1.201666
-1.170043
-1.581139
-0.442719
-1.043552
-1.201666
-2.308463
-0.569210
0.031623
-1.264911
0.600833
-0.411096
0.600833
-0.347851
1.897367
-1.170043
-0.316228
0.379473
-0.537587
-2.466577
-0.031623
1.454648
-0.695701
-0.316228
0.822192
-1.581139
1.296534
-1.201666
1.644384
0.411096
0.158114
-0.632456
-0.221359
-0.126491
0.347851
2.055480
-1.233288
-0.221359
-0.158114
-1.391402
1.359779
0.411096
0.252982
-0.316228
2.181972
-0.853815
0.094868
0.063246
-0.695701
-0.600833
0.094868
0.664078
0.727324
-0.158114
0.347851
-2.276840
-1.328157
-0.727324
-0.822192
-0.031623
-0.031623
0.379473
-0.600833
0.252982
-1.707630
0.980306
1.897367
-2.371708
-1.138420
-0.252982
1.454648
-0.537587
-0.537587
-0.885438
0.221359
-1.644384
0.822192
0.379473
1.138420
1.043552
-0.347851
0.790569
-0.853815
0.632456
-0.189737
1.960612
-0.758947
0.885438
-0.537587
0.885438
-0.632456
0.063246
1.075174
0.917061
0.284605
0.537587
0.031623
1.486271
0.284605
-0.284605
-0.474342
1.486271
2.340085
0.537587
-1.106797
-0.316228
-0.063246
-0.632456
-0.727324
-0.537587
-1.011929
-1.454648
0.094868
-0.632456
-1.043552
1.328157
-1.928989
0.379473
0.948683
-0.917061
0.252982
0.853815
-0.569210
0.000000
1.170043
2.371708
0.632456
-0.917061
0.000000
-0.664078
-0.284605
-0.790569
-0.252982
0.158114
0.727324
0.252982
-0.695701
0.221359
0.695701
0.822192
0.822192
-0.379473
0.885438
-0.474342
-0.537587
2.118726
-1.676007
-0.189737
0.316228
-0.126491
-0.917061
0.822192
-0.980306
-3.067409
-0.126491
0.411096
-0.252982
-1.233288
0.221359
-1.170043
-0.094868
1.707630
0.442719
-0.221359
2.782804
1.391402
1.106797
-1.517893
-1.549516
0.063246
-0.158114
0.442719
-0.980306
0.126491
-0.632456
-1.549516
1.170043
-0.284605
1.454648
1.517893
-0.917061
-0.474342
-0.505964
0.316228
-0.537587
0.442719
-0.853815
2.087103
-0.347851
-0.569210
-0.031623
0.505964
-1.043552
0.063246
-0.284605
-1.201666
0.537587
-0.474342
-0.063246
-0.126491
-0.284605
-0.853815
0.505964
2.181972
-0.917061
2.087103
-0.537587
2.055480
-0.727324
-0.379473
-1.106797
0.569210
-1.517893
1.423025
1.170043
-0.632456
-1.359779
0.316228
-0.537587
0.822192
0.600833
-0.252982
-0.442719
-0.094868
1.517893
0.379473
0.158114
1.960612
-0.758947
-0.600833
-0.917061
-1.106797
0.126491
-0.316228
-1.423025
-0.980306
1.170043
-0.379473
0.885438
0.600833
-0.632456
-1.296534
0.221359
-1.644384
0.980306
-0.347851
0.189737
0.031623
0.126491
0.980306
0.664078
0.221359
-0.189737
0.758947
-0.126491
-1.106797
-0.917061
0.158114
0.031623
0.948683
0.000000
1.138420
1.707630
2.340085
-0.474342
-0.727324
-0.189737
1.707630
-1.486271
-0.189737
-0.695701
-1.960612
-0.031623
-0.474342
-1.676007
-0.031623
-0.600833
-1.075174
-0.537587
-0.727324
-0.569210
-1.201666
-0.790569
1.296534
0.411096
-2.213594
1.865744
-0.252982
-2.308463
-0.063246
-0.790569
-0.664078
-1.676007
-1.043552
2.593068
0.980306
-1.043552
-1.296534
-0.727324
0.063246
0.632456
-0.252982
0.917061
0.379473
0.411096
-1.170043
0.727324
1.043552
-0.695701
0.126491
1.928989
0.221359
1.075174
-0.980306
1.423025
0.284605
-0.189737
1.454648
0.632456
-1.644384
0.917061
-1.233288
0.632456
-1.138420
-1.992235
-0.474342
-1.676007
0.569210
0.853815
-1.264911
-1.581139
0.505964
-0.505964
-0.727324
2.023858
-0.158114
0.758947
1.549516
0.600833
0.442719
2.371708
0.000000
1.423025
0.695701
0.790569
-1.802498
1.138420
0.252982
0.126491
2.656313
0.158114
1.802498
0.727324
-1.517893
-0.569210
-0.063246
-1.454648
1.328157
-0.948683
-0.252982
1.011929
0.474342
-1.423025
-1.138420
-1.075174
-0.063246
0.379473
0.727324
-0.094868
0.569210
0.379473
-1.549516
-2.150349
0.695701
-0.505964
-0.221359
-0.158114
-0.031623
-0.126491
0.758947
-0.853815
-0.853815
-1.296534
-0.885438
-0.126491
-0.790569
-0.537587
0.664078
-0.063246
-0.063246
1.138420
-1.328157
-0.505964
-0.284605
-0.853815
1.423025
1.170043
-0.948683
1.170043
-1.011929
-0.822192
0.600833
0.316228
-2.340085
0.632456
-1.201666
-0.600833
2.087103
0.505964
0.600833
-0.917061
-0.158114
-0.158114
-0.158114
-0.347851
0.347851
-1.391402
-0.252982
-0.221359
0.347851
0.853815
-0.189737
2.213594
2.023858
1.328157
-1.011929
1.043552
0.790569
-0.316228
-0.031623
1.581139
0.000000
1.423025
0.442719
-0.948683
0.221359
0.221359
-1.423025
-1.992235
-0.411096
-0.189737
-1.328157
1.486271
0.442719
-0.094868
-0.948683
0.126491
-0.632456
-0.126491
-1.486271
0.252982
0.505964
-1.138420
0.885438
-0.632456
-0.948683
1.676007
-0.885438
-0.063246
1.865744
-0.252982
1.170043
-0.505964
-0.347851
0.442719
-1.359779
0.569210
0.411096
0.189737
-0.221359
1.486271
0.885438
-0.221359
0.980306
-0.411096
1.170043
1.739253
-1.106797
0.980306
-0.474342
-0.600833
-1.233288
-0.126491
0.347851
1.486271
-1.423025
0.158114
-0.442719
-0.853815
-1.581139
-1.770875
2.656313
0.158114
0.189737
-0.031623
-0.411096
0.600833
-1.676007
0.000000
-1.296534
1.233288
-0.284605
-0.664078
1.106797
-0.379473
0.316228
0.031623
0.727324
-1.486271
1.106797
-1.075174
0.537587
1.075174
0.600833
-0.758947
-0.442719
0.632456
0.822192
1.391402
1.992235
-2.023858
0.695701
-2.150349
-1.075174
-1.676007
1.201666
0.221359
-0.411096
-0.474342
1.834121
0.853815
0.189737
1.170043
0.758947
-0.221359
-1.043552
-0.411096
-1.865744
0.252982
0.569210
0.885438
0.284605
-0.537587
1.264911
-0.695701
1.359779
-1.106797
1.897367
0.885438
-1.644384
-0.664078
0.189737
-0.822192
-0.411096
-0.790569
0.347851
0.189737
0.442719
-1.233288
-0.316228
0.000000
0.853815
0.569210
0.411096
0.094868
1.233288
2.087103
1.138420
-0.853815
0.695701
1.264911
0.126491
-1.549516
1.865744
0.347851
-0.790569
-0.822192
-1.233288
0.822192
-0.537587
0.569210
-0.727324
-2.624690
1.201666
-0.537587
-1.676007
1.043552
-0.790569
0.695701
1.581139
-1.233288
1.581139
1.106797
1.517893
0.917061
-1.138420
1.043552
-1.296534
1.106797
0.189737
2.087103
-0.917061
-0.664078
-0.822192
0.284605
1.264911
0.031623
-0.600833
-0.569210
-0.347851
-0.063246
-1.170043
-1.296534
1.138420
0.158114
0.790569
-0.221359
-0.316228
-0.600833
-0.790569
-1.391402
1.454648
-0.948683
-0.252982
-0.537587
-0.284605
2.434954
-0.917061
0.632456
-1.517893
-0.221359
0.221359
0.158114
0.790569
0.853815
-0.316228
-0.537587
1.802498
1.359779
0.094868
-0.158114
1.106797
-1.707630
0.948683
0.063246
-2.055480
1.517893
-0.790569
-1.928989
-0.537587
0.031623
-1.233288
-0.094868
0.189737
0.758947
-0.252982
0.063246
2.814427
1.802498
-0.221359
0.474342
0.980306
0.252982
0.980306
2.624690
0.790569
0.284605
0.094868
-0.569210
-0.885438
-0.537587
-3.067409
1.106797
0.221359
0.284605
-0.664078
-0.664078
1.359779
0.442719
-0.664078
0.252982
-0.664078
-0.442719
0.347851
-1.834121
-1.359779
-1.138420
0.600833
-0.664078
-1.454648
-0.569210
0.822192
-0.569210
-0.822192
-1.011929
1.517893
-1.170043
-0.347851
-0.158114
0.885438
-0.885438
0.664078
-0.063246
-0.505964
0.000000
-0.442719
-0.158114
1.011929
-1.581139
0.158114
1.897367
1.043552
-0.474342
-0.569210
0.758947
-0.664078
0.917061
-0.411096
0.505964
-0.727324
-0.316228
2.276840
3.004164
0.063246
0.758947
0.695701
-1.581139
-0.442719
-0.505964
-1.138420
-1.423025
-0.790569
1.359779
-0.600833
1.707630
0.885438
0.221359
1.739253
-1.676007
-0.411096
1.201666
-1.391402
1.644384
-0.252982
1.454648
0.948683
0.442719
1.676007
-0.094868
0.316228
-0.474342
-0.917061
-1.328157
1.612762
0.474342
1.043552
0.221359
-0.727324
-1.423025
-0.822192
0.031623
1.359779
0.632456
-1.170043
-0.822192
0.158114
0.221359
-0.284605
0.505964
0.569210
1.043552
-0.094868
0.221359
0.474342
-0.189737
-0.948683
0.632456
-0.474342
-0.980306
-0.126491
1.233288
-0.474342
-0.379473
1.359779
1.707630
-1.517893
1.264911
-1.201666
1.676007
-1.233288
-0.379473
0.537587
-0.727324
0.347851
0.505964
-0.031623
-0.126491
-1.043552
0.822192
-0.948683
1.106797
-0.442719
0.126491
0.442719
-0.252982
-0.094868
-0.853815
0.442719
-0.853815
0.379473
0.822192
-0.063246
0.822192
-0.632456
1.928989
1.011929
0.411096
-0.189737
0.221359
-0.885438
0.379473
-1.359779
-0.727324
0.411096
-0.727324
0.221359
1.233288
0.031623
-0.126491
-0.917061
-2.181972
1.043552
-0.664078
0.474342
2.150349
-1.106797
1.992235
1.201666
-0.505964
-0.031623
-0.411096
1.106797
0.790569
-1.075174
1.138420
-0.695701
0.442719
-0.632456
-1.043552
-0.600833
-0.347851
-0.189737
-0.569210
0.948683
0.411096
-1.106797
-0.822192
-0.189737
-0.347851
-0.569210
-0.347851
0.189737
-1.264911
0.411096
-0.094868
-1.391402
1.011929
0.316228
-0.474342
-1.201666
0.221359
0.063246
-1.549516
-0.158114
-0.379473
-0.537587
-1.264911
1.170043
1.612762
-0.158114
1.170043
0.885438
-0.316228
-1.359779
-0.031623
-0.727324
-0.664078
1.233288
-1.897367
-0.221359
1.138420
-0.126491
0.474342
-1.676007
0.126491
0.727324
-1.138420
2.782804
-0.316228
-1.264911
-1.517893
-1.359779
0.632456
0.853815
0.537587
0.284605
-0.695701
-0.822192
-0.411096
0.189737
-0.316228
-0.094868
0.853815
0.411096
-0.063246
0.917061
0.790569
-0.379473
1.043552
0.758947
0.063246
0.822192
0.442719
1.011929
1.328157
0.031623
0.094868
-0.727324
-0.664078
-0.063246
-1.391402
0.664078
-0.094868
-1.170043
0.600833
-0.221359
1.233288
0.031623
0.094868
1.075174
0.885438
0.126491
-0.790569
-2.371708
-2.023858
-0.600833
0.695701
0.379473
-0.094868
0.189737
-1.106797
-0.758947
0.284605
-1.043552
-0.948683
0.316228
1.834121
0.442719
0.664078
-0.442719
1.739253
-0.917061
-1.106797
-1.739253
0.569210
0.158114
-1.138420
-2.308463
0.442719
-0.822192
1.676007
0.537587
0.189737
0.948683
0.790569
0.790569
-1.391402
1.992235
-2.087103
-0.664078
0.000000
-0.885438
0.411096
1.233288
2.846050
1.328157
-1.359779
0.474342
-1.359779
-0.411096
0.474342
1.391402
-0.316228
0.284605
-0.411096
-1.201666
-0.411096
-0.664078
1.423025
0.600833
-1.454648
-0.917061
-0.758947
1.296534
0.569210
-0.505964
0.917061
0.221359
0.505964
1.233288
-0.221359
-0.727324
0.252982
-0.853815
1.170043
-0.822192
-0.158114
-1.423025
-0.221359
-0.632456
-1.264911
-0.727324
0.158114
1.011929
0.221359
-0.569210
-0.758947
-1.170043
-0.980306
0.853815
0.632456
0.537587
-0.411096
-0.664078
-0.505964
-0.727324
0.632456
0.505964
-0.474342
1.802498
-0.221359
0.316228
0.221359
0.284605
-0.790569
1.011929
0.948683
-0.442719
1.423025
-0.664078
0.853815
1.043552
1.328157
-0.632456
0.316228
0.252982
1.834121
0.853815
0.632456
-0.221359
-1.233288
1.011929
0.379473
0.885438
-0.379473
-1.644384
0.474342
0.189737
0.094868
1.549516
-2.055480
0.347851
-1.770875
-0.094868
-0.853815
-0.189737
1.391402
-0.158114
-0.379473
0.758947
-0.031623
1.707630
1.170043
1.960612
1.423025
0.695701
-1.011929
0.031623
0.853815
0.664078
0.316228
0.442719
0.316228
-0.189737
-0.126491
1.486271
0.063246
-0.505964
-1.770875
0.189737
0.284605
-0.094868
0.474342
-0.189737
1.992235
-0.442719
0.948683
1.517893
-0.632456
-2.150349
-0.537587
-0.347851
-0.284605
-0.853815
-0.379473
-0.189737
0.063246
-1.296534
0.347851
0.000000
0.316228
-0.727324
2.308463
-1.011929
2.118726
-1.233288
0.442719
0.000000
0.853815
0.569210
1.106797
-1.391402
1.233288
-1.423025
-1.581139
0.474342
-0.347851
-0.474342
0.727324
1.644384
0.347851
0.822192
0.411096
0.284605
-0.316228
0.727324
1.138420
0.094868
1.897367
-1.612762
-0.442719
0.853815
2.181972
-0.948683
0.031623
-0.569210
-0.980306
1.296534
-0.600833
-0.664078
1.264911
1.233288
0.000000
0.885438
-1.011929
-0.347851
-0.664078
-0.474342
0.252982
-0.316228
-0.822192
-0.695701
-0.505964
0.189737
-2.118726
-1.011929
1.075174
1.264911
-0.284605
-0.221359
-0.411096
0.000000
-0.031623
-0.442719
0.221359
-0.031623
-0.537587
0.600833
-0.758947
1.391402
0.917061
0.822192
-0.790569
1.960612
1.296534
0.094868
-0.347851
0.316228
0.284605
-1.233288
-0.853815
-1.676007
0.695701
1.043552
-0.917061
-0.316228
-1.201666
1.581139
-0.853815
-0.853815
-0.695701
-0.126491
0.695701
1.328157
1.423025
-1.233288
-0.031623
-1.296534
0.727324
-0.126491
-1.296534
-0.411096
0.727324
0.284605
-0.790569
0.379473
0.948683
-1.486271
-0.158114
-1.549516
-0.158114
-0.031623
1.233288
-1.802498
-0.379473
-0.379473
-1.106797
-0.063246
-1.391402
1.233288
-0.158114
-0.474342
-1.960612
0.569210
0.031623
-0.221359
0.031623
0.600833
0.948683
0.853815
0.411096
-0.505964
0.537587
0.758947
0.885438
-0.569210
1.043552
-0.126491
-0.189737
1.011929
-1.043552
3.035787
-0.442719
1.106797
-0.158114
-0.632456
0.189737
-0.600833
0.727324
2.434954
-1.106797
-0.537587
2.023858
0.316228
0.822192
-1.138420
-1.770875
0.379473
-1.201666
-0.980306
0.126491
0.474342
-2.340085
0.632456
0.094868
-0.695701
-2.371708
0.094868
0.158114
0.600833
-1.676007
0.347851
0.379473
0.758947
1.170043
0.790569
-1.264911
0.126491
-0.695701
0.790569
-0.600833
1.644384
-0.347851
-1.138420
-0.189737
0.632456
0.885438
0.569210
-0.790569
-0.822192
-1.865744
0.442719
-0.664078
-1.264911
0.000000
-0.822192
2.023858
0.031623
-1.011929
-1.897367
-0.316228
-2.308463
-0.790569
0.189737
1.454648
-0.442719
-1.011929
-0.031623
-0.126491
-2.371708
-1.581139
-0.347851
1.676007
0.474342
-1.075174
1.928989
-2.245217
-0.347851
0.664078
0.505964
-0.727324
1.391402
0.189737
1.201666
-1.011929
0.347851
1.707630
1.739253
1.454648
-0.569210
0.758947
-0.126491
-1.075174
1.391402
0.537587
0.790569
0.316228
1.201666
-0.442719
-1.233288
-0.316228
-0.126491
0.664078
0.347851
-1.075174
-0.126491
-0.284605
0.664078
1.770875
0.221359
2.245217
0.758947
0.474342
-0.221359
-1.233288
-0.347851
0.411096
0.252982
-0.252982
0.347851
-0.189737
1.201666
-0.379473
0.063246
-0.189737
-2.150349
-0.948683
-0.379473
0.411096
-0.158114
0.537587
0.316228
0.442719
-0.758947
0.379473
2.118726
0.853815
-0.790569
0.474342
-0.632456
0.031623
0.917061
-0.063246
-1.328157
3.130655
-0.442719
0.411096
0.379473
-0.758947
-1.011929
0.853815
-0.822192
-0.126491
-0.189737
0.221359
1.201666
-0.158114
-0.853815
0.664078
-0.442719
0.284605
-3.225523
-0.126491
0.980306
-0.158114
0.221359
1.549516
1.233288
0.411096
0.600833
0.221359
0.252982
-0.632456
-0.853815
2.245217
0.790569
0.727324
0.189737
0.221359
-0.632456
-1.486271
1.233288
-0.347851
1.391402
-0.063246
-0.031623
-2.118726
0.727324
1.233288
0.537587
-1.612762
0.284605
0.284605
-1.359779
1.391402
0.000000
-0.284605
0.442719
0.917061
0.031623
-0.569210
1.676007
0.569210
-0.126491
-0.505964
1.170043
0.189737
0.505964
-0.474342
-0.727324
-0.126491
-0.790569
-1.707630
-0.442719
-0.790569
0.885438
-0.284605
-1.739253
-0.632456
-1.106797
0.158114
1.486271
0.158114
0.948683
1.612762
-1.644384
0.252982
-1.454648
-0.632456
1.644384
0.505964
-1.043552
0.031623
0.442719
-0.474342
-0.094868
1.201666
0.379473
0.917061
-1.328157
0.031623
-1.770875
-1.359779
-0.347851
0.316228
-0.727324
-0.632456
-0.252982
-0.379473
0.569210
-0.094868
0.031623
-1.296534
1.138420
-0.063246
-1.359779
2.150349
1.454648
-1.296534
-1.233288
1.897367
1.011929
0.316228
-0.917061
0.189737
0.347851
0.632456
-1.043552
0.221359
-0.505964
-0.158114
-0.727324
-0.822192
1.359779
-0.948683
1.106797
1.233288
-0.695701
-0.948683
0.379473
1.802498
-0.948683
-0.758947
-0.537587
-0.885438
0.600833
0.727324
0.885438
0.411096
-0.379473
-1.770875
-0.853815
0.411096
-1.328157
2.023858
1.296534
-0.822192
-0.347851
-0.537587
-0.284605
1.423025
1.075174
-0.411096
1.644384
-1.264911
-0.252982
1.359779
-0.284605
-2.340085
-1.011929
-0.917061
2.181972
-0.632456
0.790569
-2.656313
1.106797
0.885438
-0.632456
-1.296534
0.000000
-0.917061
-0.252982
-0.853815
-0.727324
-1.106797
-0.917061
1.170043
1.170043
-0.822192
1.233288
-1.170043
0.632456
1.454648
-0.158114
0.474342
0.158114
-1.454648
0.347851
1.011929
-1.106797
1.264911
2.181972
-2.150349
0.948683
-0.379473
0.822192
0.758947
0.569210
-0.063246
0.727324
0.853815
-0.252982
0.822192
0.632456
1.264911
0.031623
-1.486271
1.897367
-1.802498
-0.948683
-0.284605
1.201666
-0.727324
1.106797
-2.340085
1.011929
0.000000
0.758947
-0.221359
0.316228
0.000000
0.126491
0.885438
-1.391402
0.094868
-0.505964
1.454648
1.328157
0.316228
-1.486271
-1.328157
-0.126491
-1.233288
0.727324
0.853815
1.676007
-0.505964
-1.233288
0.632456
1.296534
-1.138420
0.411096
1.201666
0.727324
0.600833
-0.094868
-0.758947
0.917061
1.233288
1.486271
0.284605
-3.130655
0.569210
-1.486271
-0.790569
1.517893
-0.379473
1.201666
1.802498
-1.043552
-0.664078
0.885438
0.474342
0.537587
0.569210
1.011929
1.233288
-0.031623
-1.770875
0.000000
-0.347851
0.126491
-0.126491
-1.802498
-1.612762
0.569210
-0.632456
-0.790569
2.150349
1.486271
-2.055480
-0.727324
0.126491
-0.031623
-0.632456
-0.221359
1.739253
-0.347851
0.917061
1.739253
-1.075174
1.296534
-0.284605
0.031623
-0.063246
-0.379473
-0.158114
1.391402
1.106797
-2.055480
-0.853815
0.569210
-0.411096
2.656313
-0.126491
0.189737
1.359779
-2.276840
1.581139
0.189737
0.063246
-0.948683
-0.600833
-0.822192
0.158114
-0.284605
0.252982
-1.106797
-0.980306
0.347851
0.094868
0.917061
0.189737
-0.252982
0.189737
-0.948683
1.549516
-0.221359
0.347851
-0.537587
1.296534
0.252982
-0.316228
-0.980306
-0.980306
1.391402
0.158114
1.423025
0.948683
1.170043
-1.170043
-0.790569
-0.316228
0.442719
-0.063246
-0.442719
-0.347851
-0.790569
-1.075174
-1.075174
-0.632456
-2.466577
-0.063246
-0.885438
-0.126491
1.581139
-1.201666
0.221359
-0.822192
-0.379473
1.865744
-0.980306
-0.790569
1.928989
2.561445
0.411096
-0.885438
1.644384
0.632456
1.960612
0.379473
-1.328157
-0.853815
0.063246
-0.031623
0.600833
0.126491
-2.371708
0.917061
1.233288
-0.505964
0.664078
-0.379473
0.948683
-0.158114
-0.505964
-0.189737
-1.138420
1.075174
-0.727324
0.284605
1.486271
0.094868
-0.822192
-0.094868
0.505964
1.296534
-0.537587
0.221359
0.474342
-0.252982
0.158114
0.569210
-0.252982
-0.411096
1.264911
0.158114
0.569210
-0.031623
-1.581139
0.316228
-1.328157
1.011929
0.347851
0.885438
0.284605
1.676007
-1.454648
0.284605
-1.802498
-1.201666
0.158114
0.316228
1.834121
-0.031623
0.537587
1.676007
-0.284605
0.980306
1.549516
-0.600833
0.537587
0.917061
-0.917061
-0.695701
-1.138420
-0.442719
-1.359779
0.758947
0.031623
0.569210
-2.245217
0.000000
-0.126491
1.676007
-0.379473
0.221359
-0.853815
0.537587
-0.316228
-1.170043
-0.474342
-0.885438
1.264911
3.099032
-1.043552
-0.189737
0.474342
1.233288
0.790569
-0.664078
-1.707630
1.201666
-0.094868
1.106797
-0.569210
0.917061
0.980306
-1.328157
-0.664078
0.505964
-1.296534
0.158114
1.264911
-0.442719
0.569210
0.221359
0.094868
-0.885438
0.948683
-0.474342
1.106797
-0.379473
0.000000
-0.252982
0.822192
1.834121
0.505964
0.031623
1.138420
0.379473
-1.612762
0.379473
-0.316228
-0.885438
0.980306
-0.664078
-1.201666
0.252982
-1.454648
-0.664078
0.411096
1.043552
1.739253
1.011929
0.474342
0.252982
2.023858
-0.695701
0.031623
-0.632456
-0.252982
0.094868
-1.581139
0.474342
1.549516
-2.055480
-0.917061
0.537587
-0.632456
-1.075174
-1.517893
-0.252982
-1.517893
0.000000
0.252982
1.170043
1.549516
0.600833
-0.664078
0.632456
-0.664078
0.000000
0.347851
-0.347851
0.474342
-0.505964
-0.727324
-1.170043
0.822192
-0.411096
0.537587
2.434954
-0.442719
-0.379473
0.917061
-1.106797
0.031623
-1.549516
0.031623
1.106797
-0.600833
2.087103
1.138420
0.094868
0.853815
-1.011929
-0.347851
0.094868
-0.474342
0.664078
-0.537587
0.284605
-0.379473
-0.790569
-0.316228
-0.442719
0.917061
-0.284605
0.727324
-2.340085
-2.118726
-0.316228
-0.252982
2.308463
-1.170043
-0.695701
1.264911
0.885438
0.031623
1.644384
0.252982
-0.505964
0.442719
1.802498
1.233288
-1.359779
0.442719
0.885438
-0.948683
-0.316228
-0.316228
-1.138420
-1.106797
0.600833
0.664078
1.423025
0.474342
1.802498
-0.505964
0.126491
0.411096
-1.517893
0.063246
-0.063246
0.094868
0.790569
0.316228
-0.252982
0.632456
1.106797
-0.537587
-0.505964
0.031623
-0.031623
1.106797
0.316228
-0.379473
-0.758947
-0.474342
0.411096
-0.980306
-0.158114
0.126491
-2.181972
-1.834121
-0.695701
0.347851
0.126491
-0.758947
-0.822192
-1.486271
0.474342
0.158114
-1.517893
-0.094868
0.505964
-0.189737
1.138420
-0.094868
-0.063246
-1.233288
-2.087103
1.328157
-0.252982
0.031623
-1.106797
3.573374
-0.442719
1.486271
0.316228
0.189737
0.474342
-0.252982
0.758947
-0.632456
0.126491
0.347851
1.170043
-1.454648
0.411096
0.094868
0.442719
0.158114
0.695701
-1.834121
-0.474342
2.434954
-0.569210
-0.221359
0.537587
-0.221359
-1.011929
0.980306
-0.411096
-0.853815
-0.569210
-0.063246
-0.316228
-0.189737
1.011929
-0.885438
-1.043552
-0.948683
0.189737
-0.379473
-1.423025
-0.411096
0.948683
0.252982
0.094868
-1.644384
-0.126491
0.252982
0.189737
-0.474342
-0.252982
-0.790569
-0.031623
0.569210
1.897367
0.537587
-1.770875
-0.284605
-0.537587
0.316228
-0.347851
-0.031623
-0.885438
1.106797
-0.695701
1.897367
0.442719
0.727324
0.664078
0.094868
0.284605
-1.233288
1.296534
-0.031623
-0.379473
0.031623
0.474342
-0.316228
0.316228
0.126491
1.676007
-0.474342
1.170043
1.264911
1.517893
1.707630
1.359779
0.569210
0.158114
0.442719
-1.011929
0.063246
-0.790569
0.442719
-0.284605
0.758947
0.347851
-1.106797
-0.537587
0.189737
0.252982
-0.063246
-0.221359
0.347851
-0.031623
0.094868
0.600833
1.517893
-0.600833
0.316228
-0.126491
-0.411096
0.094868
-1.264911
-0.252982
1.170043
0.000000
-0.853815
0.411096
-0.158114
0.221359
-0.948683
0.569210
1.549516
-1.454648
0.758947
-0.189737
-2.561445
1.296534
-0.252982
0.727324
0.126491
-0.569210
-0.379473
0.474342
-0.189737
-0.917061
1.170043
0.316228
1.201666
0.063246
1.865744
0.569210
1.517893
0.790569
0.664078
0.600833
-1.834121
1.770875
1.581139
-0.063246
0.158114
2.150349
0.474342
-0.442719
0.000000
1.011929
0.664078
1.075174
0.537587
0.158114
-0.600833
0.221359
-1.106797
-0.474342
0.284605
0.158114
-1.581139
0.031623
0.474342
-0.189737
-0.790569
1.612762
0.537587
-0.031623
2.118726
0.537587
-1.612762
1.359779
-0.758947
0.948683
0.000000
0.316228
0.316228
-1.486271
-0.632456
-0.316228
-0.347851
0.758947
-2.087103
-0.126491
-0.094868
-2.055480
-1.075174
-0.411096
0.063246
-0.063246
-0.569210
-1.612762
0.917061
-0.221359
-1.454648
-0.252982
0.632456
1.770875
-0.316228
0.980306
0.569210
0.474342
0.822192
0.379473
0.569210
-0.664078
-1.486271
-2.181972
-1.517893
0.063246
1.676007
0.948683
0.158114
-1.170043
0.853815
2.245217
-1.517893
0.063246
-1.359779
1.454648
0.094868
-1.264911
1.201666
-0.664078
-1.486271
1.391402
0.885438
0.126491
1.581139
-1.328157
0.537587
1.296534
-0.031623
0.600833
0.727324
-0.347851
1.423025
0.727324
-0.094868
0.980306
0.031623
1.328157
0.885438
-0.347851
-0.379473
1.170043
0.917061
0.695701
0.727324
1.170043
-0.063246
0.252982
-1.233288
0.505964
0.094868
1.328157
-0.411096
-0.126491
0.316228
-0.411096
-1.834121
0.252982
1.644384
-0.411096
-0.727324
0.252982
1.391402
0.727324
0.379473
0.917061
-0.664078
0.379473
-1.359779
-0.347851
1.233288
-0.031623
-0.885438
-0.885438
-1.612762
-0.505964
0.695701
0.474342
-0.537587
-0.252982
-0.790569
0.822192
1.454648
0.853815
-0.221359
-0.600833
0.948683
0.790569
1.707630
0.442719
-0.790569
1.075174
1.011929
0.000000
1.075174
1.138420
-0.316228
-0.316228
-1.581139
0.600833
-0.379473
-0.885438
1.802498
2.434954
0.917061
0.727324
-0.316228
1.075174
2.150349
-1.011929
1.770875
0.126491
0.758947
-0.695701
-0.347851
-1.043552
-1.391402
0.917061
-0.347851
-0.379473
0.727324
-1.296534
0.126491
-0.221359
0.252982
-0.094868
0.632456
1.676007
-1.264911
0.411096
0.600833
-0.442719
0.980306
0.569210
1.296534
0.695701
-2.150349
-0.158114
-1.581139
1.676007
-0.379473
-0.695701
0.316228
0.221359
0.442719
-1.739253
0.411096
1.581139
0.411096
0.695701
0.284605
-0.885438
0.031623
-2.245217
1.897367
0.347851
-1.106797
0.379473
-1.138420
1.075174
-1.423025
-1.549516
-0.379473
0.126491
0.569210
-2.466577
0.664078
0.031623
0.000000
-0.822192
2.466577
0.158114
-0.316228
0.917061
-0.632456
-0.316228
1.296534
-0.411096
0.158114
2.434954
1.138420
0.569210
0.632456
0.379473
1.011929
-0.284605
-0.695701
-1.138420
-0.284605
-0.442719
-1.170043
-0.442719
1.454648
-1.138420
1.865744
0.632456
-0.853815
-1.138420
-0.537587
-1.138420
0.094868
-0.853815
-2.403331
-0.031623
0.126491
-2.340085
0.063246
1.391402
0.189737
-1.075174
2.150349
3.193900
0.917061
-0.980306
1.106797
0.000000
-1.770875
-0.126491
-0.758947
1.359779
-0.158114
-2.561445
0.316228
-0.063246
1.201666
0.917061
-1.011929
-1.644384
1.075174
-0.063246
0.948683
-0.505964
0.537587
-1.454648
-0.980306
0.000000
0.316228
0.727324
0.252982
0.347851
2.023858
1.328157
-0.126491
0.600833
-1.011929
-0.600833
0.632456
-0.379473
-0.632456
0.632456
-1.170043
0.980306
-1.423025
0.094868
1.075174
-0.758947
-0.031623
0.316228
0.252982
-0.316228
0.189737
-1.075174
-0.758947
1.296534
0.379473
-0.063246
-0.189737
1.106797
1.138420
-0.695701
-0.189737
-0.505964
-0.379473
0.000000
-1.233288
-0.252982
-0.853815
0.980306
1.233288
-0.885438
1.359779
0.063246
0.664078
1.644384
-0.063246
-0.094868
0.094868
-2.245217
0.000000
-1.233288
0.758947
-0.442719
0.664078
0.600833
-0.284605
0.569210
-0.822192
-1.264911
-1.011929
-0.221359
0.221359
-0.031623
0.221359
0.442719
0.600833
0.063246
0.379473
0.063246
-0.948683
-0.063246
-0.790569
0.758947
0.442719
-0.094868
-0.189737
-1.391402
-0.822192
-0.063246
-1.676007
1.707630
-1.549516
0.347851
-2.118726
0.284605
-0.853815
0.094868
0.379473
-0.189737
-1.264911
-0.252982
1.486271
-1.517893
0.411096
-0.031623
0.980306
1.644384
-0.158114
0.221359
1.960612
-1.170043
-1.960612
-1.802498
0.474342
-1.170043
1.264911
-0.442719
-0.284605
-0.474342
-0.695701
0.094868
0.252982
0.695701
-0.031623
1.106797
-0.221359
-0.221359
1.075174
0.822192
-1.423025
1.043552
-2.181972
0.063246
-0.284605
-0.284605
0.411096
-0.284605
-0.442719
0.980306
-0.094868
-0.442719
0.221359
0.695701
-1.138420
-1.549516
0.442719
-2.181972
2.340085
-0.600833
0.569210
0.316228
-2.181972
-0.094868
-0.252982
-1.043552
-0.569210
1.296534
-0.316228
0.790569
-0.221359
0.316228
0.822192
0.379473
0.758947
-1.928989
1.264911
-1.011929
0.347851
-1.359779
1.106797
1.644384
0.569210
-1.011929
-0.790569
-0.853815
-0.600833
0.000000
0.632456
0.758947
-2.213594
1.676007
-1.075174
-1.264911
0.537587
-0.189737
-0.411096
1.549516
-0.885438
-0.474342
0.000000
-0.284605
0.664078
-0.885438
-0.221359
1.201666
1.138420
-1.517893
-0.347851
-0.221359
1.011929
-1.770875
0.379473
0.980306
0.537587
0.853815
0.948683
-0.379473
0.664078
-1.359779
0.600833
-0.252982
-0.474342
-0.063246
-1.201666
-0.063246
-0.917061
-0.537587
-0.031623
0.126491
-0.758947
-0.126491
-0.031623
1.233288
-2.087103
0.758947
1.170043
0.822192
1.581139
0.379473
-0.347851
0.411096
1.992235
1.454648
-0.885438
-1.075174
1.138420
-0.252982
1.517893
0.158114
0.917061
1.517893
0.474342
0.094868
-1.802498
1.011929
0.347851
-1.011929
-0.980306
2.371708
-0.252982
0.189737
-1.802498
-0.094868
-0.980306
-0.853815
0.822192
0.126491
0.790569
0.664078
0.031623
-1.612762
0.063246
-0.221359
0.600833
-0.727324
-1.486271
1.170043
1.296534
-0.569210
-0.885438
0.917061
-0.980306
1.328157
0.822192
0.411096
0.411096
0.094868
1.517893
0.094868
0.474342
-1.897367
-1.233288
1.106797
-0.316228
-1.011929
0.158114
0.505964
-1.043552
-1.454648
-0.379473
-1.423025
0.221359
0.442719
-0.189737
0.505964
0.569210
-1.201666
-0.063246
-0.347851
-0.758947
0.948683
0.094868
0.664078
-0.505964
-0.758947
-0.379473
0.000000
0.189737
-0.632456
0.411096
-0.094868
-1.897367
-0.094868
-1.802498
-0.411096
-0.158114
-1.865744
0.411096
0.158114
0.411096
-0.569210
-1.928989
0.569210
0.126491
-1.739253
0.031623
0.316228
-0.569210
0.664078
-0.284605
-1.517893
0.822192
0.158114
-0.664078
-1.423025
1.517893
0.569210
-0.442719
0.158114
-1.423025
0.379473
0.537587
0.758947
-0.411096
0.379473
1.992235
1.454648
-3.257146
1.486271
0.252982
1.138420
0.189737
1.138420
0.853815
-0.853815
-0.063246
0.980306
-0.347851
-0.537587
0.600833
-0.695701
0.063246
1.644384
1.328157
0.917061
2.276840
-0.853815
0.442719
-0.632456
-1.454648
-2.403331
-1.296534
0.221359
1.264911
0.063246
1.138420
-0.316228
-0.379473
1.992235
0.474342
-0.252982
-0.158114
-0.695701
1.106797
0.031623
-0.885438
0.632456
1.328157
-0.031623
0.474342
0.442719
0.664078
1.011929
-0.189737
0.000000
0.948683
0.094868
-0.094868
-2.213594
0.094868
0.316228
0.379473
-0.632456
0.790569
-1.170043
-0.221359
-0.189737
-0.063246
0.189737
-0.189737
0.853815
-0.411096
0.411096
0.316228
-0.727324
-1.201666
-0.474342
-0.347851
2.371708
0.474342
-0.600833
-0.948683
-0.853815
1.011929
-0.474342
-0.600833
-0.917061
-0.917061
0.758947
-0.442719
-1.106797
-0.031623
0.126491
-0.727324
0.094868
-0.822192
0.189737
0.189737
-1.865744
0.442719
-0.980306
0.505964
-0.442719
-1.296534
0.980306
-0.252982
-0.189737
-1.233288
-1.423025
-0.189737
-1.359779
1.581139
0.031623
-0.126491
0.569210
1.549516
-2.561445
-0.158114
1.043552
-1.676007
-0.189737
-0.632456
-1.359779
1.138420
-2.150349
1.233288
1.581139
-0.094868
1.612762
0.063246
1.644384
0.885438
0.063246
-2.561445
-0.411096
-0.664078
-0.948683
0.063246
-0.537587
-0.853815
0.790569
-0.664078
-1.486271
1.106797
1.770875
-0.474342
-0.917061
0.189737
-1.549516
-1.138420
-1.517893
-0.126491
0.284605
-1.328157
-0.664078
0.600833
-0.727324
1.011929
2.213594
-0.695701
1.897367
0.822192
1.865744
2.213594
0.063246
0.632456
-0.664078
0.000000
-0.126491
0.980306
-1.834121
-0.948683
-0.632456
0.189737
-0.316228
0.600833
0.379473
-0.600833
1.296534
-0.632456
-0.822192
0.853815
-0.126491
1.328157
0.094868
-1.707630
-0.632456
0.031623
0.822192
-0.126491
-0.790569
-0.600833
0.727324
0.189737
0.031623
0.632456
0.252982
0.980306
0.664078
-0.284605
-0.284605
-0.822192
0.505964
-0.758947
0.000000
0.063246
-0.632456
0.252982
0.316228
0.664078
0.822192
-1.106797
1.328157
0.284605
1.549516
1.359779
-0.664078
0.758947
0.316228
-0.316228
-0.569210
-0.347851
1.517893
-0.569210
-0.031623
1.928989
-1.739253
0.758947
1.644384
-1.770875
-0.695701
-0.664078
0.505964
0.063246
-1.170043
1.075174
-2.087103
1.043552
-2.181972
0.790569
-0.094868
-1.106797
1.011929
0.379473
-0.980306
-0.252982
0.379473
0.727324
0.126491
-0.885438
-0.758947
1.233288
0.758947
-1.928989
0.189737
-1.802498
-0.474342
-0.189737
-0.505964
0.505964
3.225523
1.644384
-3.035787
-0.664078
-2.276840
-0.063246
1.138420
0.980306
-0.822192
-1.170043
0.885438
-2.434954
0.790569
-1.423025
-0.600833
-0.569210
-0.569210
0.316228
-0.031623
-0.284605
1.201666
1.170043
-0.031623
-0.442719
-0.980306
-0.158114
1.454648
-0.189737
-0.031623
-1.770875
-0.790569
0.442719
1.549516
0.758947
1.359779
-1.170043
0.094868
-1.296534
-1.201666
1.011929
-0.094868
-0.885438
0.063246
0.537587
1.423025
-0.126491
-1.043552
-0.980306
0.664078
1.201666
-1.549516
0.537587
-2.213594
-0.537587
-0.347851
1.517893
-0.316228
1.549516
1.707630
-0.347851
1.676007
-1.296534
0.664078
-0.442719
0.632456
-0.505964
-1.517893
-0.284605
-0.411096
1.739253
0.189737
-0.758947
1.549516
0.474342
-0.379473
-0.980306
-0.505964
0.063246
0.094868
-0.158114
-1.138420
-0.790569
0.758947
0.379473
0.632456
-0.980306
-0.094868
0.189737
0.158114
-1.043552
-1.201666
1.106797
-2.087103
1.359779
0.189737
-0.980306
0.252982
-1.581139
2.782804
-1.359779
-0.948683
1.359779
0.189737
-1.802498
0.411096
1.960612
1.992235
-0.442719
0.917061
-0.221359
0.822192
1.264911
0.695701
0.411096
-0.031623
-0.790569
1.106797
-0.094868
-0.347851
0.727324
0.980306
-2.150349
-1.233288
-1.834121
-0.252982
1.802498
-0.284605
-0.221359
-0.822192
0.822192
0.695701
0.695701
0.569210
0.347851
-1.486271
-1.517893
-0.632456
-0.537587
-0.917061
-0.063246
1.644384
0.031623
0.695701
-0.505964
0.600833
2.687936
2.656313
0.537587
0.252982
0.411096
-0.442719
-0.980306
0.284605
2.087103
-1.802498
-0.347851
-1.739253
0.664078
0.316228
-0.442719
-0.537587
-0.316228
-0.158114
-0.917061
1.992235
0.917061
-1.043552
-0.158114
0.252982
0.063246
-0.695701
-0.094868
-0.537587
-0.031623
-0.727324
-0.411096
0.822192
1.106797
-0.569210
1.138420
0.252982
-0.727324
-0.442719
-1.454648
-1.011929
0.126491
1.106797
-0.917061
0.474342
2.181972
0.537587
1.391402
-0.600833
-0.221359
-0.885438
0.632456
1.423025
-1.075174
1.201666
0.252982
0.031623
-1.264911
1.138420
1.739253
-0.252982
-0.442719
-0.221359
-0.632456
-0.727324
0.948683
-0.853815
-0.063246
-1.201666
0.758947
-0.917061
-0.094868
0.316228
-0.411096
-1.106797
0.442719
2.561445
-0.853815
0.474342
-2.466577
-1.581139
-0.411096
-1.802498
-0.347851
0.158114
1.992235
2.087103
0.284605
-1.043552
1.517893
1.676007
-0.189737
0.790569
-0.063246
0.822192
0.569210
1.454648
-0.347851
1.264911
0.474342
1.928989
0.063246
0.379473
0.758947
0.822192
-1.043552
0.411096
-1.865744
-1.581139
-1.391402
-0.347851
0.727324
-0.822192
-0.600833
-0.031623
0.126491
-0.031623
0.411096
-1.106797
-0.189737
-1.517893
0.980306
0.885438
-1.865744
0.474342
0.411096
1.011929
-0.189737
0.221359
0.347851
0.000000
-1.106797
-0.505964
0.600833
-0.632456
-0.790569
0.569210
-0.505964
-0.948683
0.126491
1.423025
0.695701
-0.284605
-1.928989
-2.055480
0.189737
0.917061
-0.063246
0.537587
-2.023858
-0.252982
-0.758947
-0.664078
0.790569
-1.517893
0.917061
0.411096
-2.529822
-0.853815
0.853815
0.758947
-1.075174
2.245217
0.000000
2.529822
0.505964
-1.201666
1.359779
0.094868
-1.802498
0.600833
0.569210
2.023858
-0.664078
-0.727324
-0.853815
1.233288
-0.126491
-1.075174
-0.948683
-0.094868
1.549516
-0.917061
0.853815
1.423025
-1.328157
-0.411096
-0.316228
0.000000
1.612762
-0.600833
-0.158114
2.434954
-0.158114
0.695701
-1.011929
-1.612762
-0.917061
-1.296534
0.063246
-0.094868
-2.213594
-1.075174
-0.885438
-1.170043
-0.727324
3.035787
2.434954
-0.284605
0.442719
-0.980306
-0.411096
-1.865744
1.264911
0.442719
0.569210
0.853815
-1.011929
2.118726
0.758947
0.727324
0.347851
-0.158114
0.790569
-0.537587
-1.075174
0.316228
-1.264911
0.758947
0.632456
1.011929
1.517893
0.600833
0.442719
-0.347851
0.695701
-0.790569
-0.411096
-1.233288
0.221359
-0.063246
-1.201666
0.126491
1.423025
1.865744
3.352014
-0.031623
0.284605
-1.170043
-0.316228
-0.917061
1.865744
0.885438
-1.138420
2.087103
0.727324
-2.118726
1.170043
0.853815
0.885438
0.442719
-0.632456
-0.284605
-1.549516
-0.316228
0.695701
-1.454648
0.411096
0.000000
-0.758947
-0.284605
0.316228
-0.758947
-1.138420
0.948683
-0.094868
1.707630
-0.252982
-0.031623
-1.075174
0.853815
-0.822192
-1.423025
1.106797
2.213594
0.600833
0.758947
0.727324
-0.379473
1.328157
-0.474342
-0.537587
1.739253
-0.063246
-0.442719
0.126491
0.569210
0.822192
0.442719
1.233288
-1.328157
-0.664078
3.541751
0.822192
-1.739253
0.948683
-0.569210
0.189737
-2.118726
-1.960612
-1.486271
-0.126491
-0.126491
0.537587
-0.600833
0.000000
1.106797
-0.063246
-0.695701
-1.043552
1.960612
0.158114
-0.252982
1.170043
0.442719
0.632456
2.055480
-0.158114
-0.505964
0.221359
0.505964
-0.031623
-1.106797
-0.569210
0.727324
0.063246
1.138420
0.063246
0.948683
0.126491
-0.569210
1.138420
-1.549516
-1.549516
2.055480
-1.170043
-0.063246
0.664078
0.126491
-0.126491
-0.379473
-1.865744
0.411096
-1.170043
0.853815
0.411096
0.000000
-0.917061
-0.505964
-0.189737
-1.897367
0.917061
1.423025
-1.612762
-1.328157
0.126491
0.695701
0.790569
-0.031623
0.158114
-1.865744
0.158114
-0.411096
0.474342
0.063246
-1.138420
-0.031623
1.391402
-0.252982
1.296534
0.822192
-0.758947
-1.201666
2.751182
-0.126491
-0.411096
-0.885438
0.758947
-0.379473
1.739253
-0.695701
-0.347851
-1.106797
-0.221359
-1.802498
0.664078
0.379473
-0.347851
0.537587
-0.569210
0.664078
1.170043
-0.411096
-0.822192
-0.442719
-0.221359
-1.676007
-0.632456
0.252982
1.296534
0.063246
-0.284605
-0.885438
0.031623
-1.612762
-0.189737
1.676007
0.189737
-0.980306
0.094868
-0.822192
1.011929
0.031623
-0.442719
-1.233288
0.221359
-0.379473
0.822192
0.885438
-0.094868
-0.158114
0.094868
-1.391402
1.517893
-0.853815
-1.423025
-1.770875
1.233288
0.000000
-1.549516
0.885438
-2.118726
0.316228
0.885438
1.075174
-1.043552
0.031623
-0.569210
1.296534
-1.549516
-0.980306
-0.474342
-0.379473
1.011929
-1.201666
1.043552
0.885438
-0.316228
0.980306
-0.600833
-0.411096
-0.790569
0.600833
-0.664078
0.853815
1.770875
-0.063246
0.411096
-0.252982
-0.569210
-0.917061
0.189737
0.252982
1.865744
1.517893
-0.758947
-0.316228
-0.158114
-1.296534
-0.379473
0.569210
-0.695701
0.632456
0.094868
-1.928989
0.695701
1.644384
-1.201666
-0.094868
-0.316228
0.000000
-0.569210
0.569210
0.664078
0.537587
1.075174
-0.158114
0.822192
-2.213594
-0.727324
-1.201666
-1.011929
1.233288
0.790569
1.075174
-0.252982
0.569210
-1.359779
-0.189737
-0.664078
-0.853815
0.505964
1.201666
0.347851
-1.707630
-0.411096
0.094868
-0.316228
-0.664078
1.454648
0.442719
-0.189737
0.316228
1.739253
-0.980306
0.126491
1.359779
0.885438
-0.632456
-0.664078
1.170043
1.075174
0.474342
-0.885438
0.189737
-1.043552
-0.758947
0.411096
1.106797
-1.391402
1.233288
-0.031623
0.569210
0.031623
0.126491
0.790569
0.189737
0.189737
-0.853815
-1.549516
1.264911
0.505964
1.011929
0.031623
1.865744
-0.284605
0.917061
-0.537587
0.695701
-0.600833
-0.094868
1.201666
-0.727324
-1.644384
0.600833
0.948683
0.664078
-0.284605
-0.189737
0.758947
-1.865744
-0.474342
-0.505964
0.569210
0.094868
-0.632456
0.347851
-0.727324
0.822192
1.011929
-1.454648
-1.201666
-2.340085
-0.727324
1.581139
-1.233288
-2.118726
0.442719
-0.442719
-1.011929
-0.505964
0.505964
1.043552
-1.296534
0.474342
-0.664078
1.011929
-0.063246
0.600833
0.284605
1.865744
2.213594
-0.727324
-1.170043
0.727324
-0.158114
-2.276840
0.189737
1.423025
-1.043552
-0.822192
-0.980306
0.284605
-2.276840
0.948683
-0.126491
0.063246
-3.352014
-0.316228
-0.189737
0.505964
0.758947
-0.695701
1.770875
0.980306
1.138420
0.411096
-0.252982
-1.296534
0.980306
-1.486271
-0.948683
-1.296534
-0.948683
-0.094868
-0.284605
-1.739253
-0.790569
0.063246
-0.252982
-0.347851
-0.537587
0.853815
-0.442719
0.094868
0.537587
1.549516
2.118726
-0.727324
0.126491
-1.549516
1.264911
2.150349
0.474342
0.158114
0.442719
0.379473
-1.992235
-0.063246
-0.411096
0.980306
1.517893
-0.885438
-0.221359
-1.138420
-0.284605
0.537587
-0.126491
-0.189737
-1.612762
-0.347851
0.790569
-0.917061
-1.802498
-0.221359
0.063246
-0.537587
0.158114
-1.043552
-2.877673
0.316228
-0.474342
0.664078
-0.158114
0.790569
0.600833
0.600833
1.865744
1.170043
0.822192
1.802498
1.296534
-1.454648
0.600833
-0.474342
0.822192
-1.581139
0.853815
0.727324
-0.664078
1.359779
0.885438
0.853815
0.031623
1.043552
-0.664078
-0.569210
0.442719
1.486271
-0.252982
-1.739253
0.632456
-0.853815
0.505964
-0.632456
0.284605
-0.189737
0.569210
-1.170043
1.328157
1.170043
1.391402
-0.063246
1.739253
-0.379473
-0.727324
-0.411096
0.853815
1.043552
0.885438
-0.853815
-0.126491
0.790569
1.423025
-1.549516
-0.189737
1.549516
-1.391402
-1.011929
1.328157
0.316228
-0.505964
-0.758947
1.992235
0.221359
-0.316228
-0.284605
0.158114
-1.296534
-0.221359
-0.379473
0.379473
1.011929
1.201666
-1.043552
1.391402
-1.170043
-1.802498
0.442719
-0.758947
0.189737
1.043552
-0.316228
0.917061
-1.612762
0.853815
-0.442719
-1.011929
1.612762
-0.031623
-0.189737
0.853815
-0.442719
0.158114
0.790569
0.537587
1.454648
-2.498199
0.252982
-3.035787
0.569210
1.707630
2.498199
0.474342
0.221359
-0.980306
1.075174
-1.328157
-1.486271
0.189737
1.612762
-1.423025
0.126491
-0.347851
-0.948683
0.569210
-1.233288
1.549516
0.000000
-0.980306
-0.379473
0.632456
0.379473
0.252982
-1.075174
0.189737
0.252982
0.474342
0.948683
-1.106797
1.359779
0.221359
-0.031623
-1.423025
-0.695701
0.790569
-0.632456
-1.739253
0.790569
-0.853815
0.474342
-0.948683
0.885438
-0.284605
1.075174
-0.126491
-0.474342
-0.284605
0.252982
0.252982
1.201666
-1.707630
0.917061
0.126491
0.632456
0.316228
0.948683
-1.138420
0.284605
-1.011929
-1.138420
0.727324
-2.719559
0.537587
0.885438
0.885438
1.138420
0.442719
-0.695701
-0.822192
1.264911
-0.569210
-0.442719
-0.221359
1.391402
1.644384
1.043552
-0.063246
0.853815
1.770875
2.055480
-0.221359
0.505964
1.454648
-1.233288
0.727324
0.189737
0.600833
1.391402
1.928989
-1.707630
-1.707630
0.126491
-0.189737
0.727324
0.063246
0.632456
1.106797
-1.612762
-0.252982
-0.664078
-0.853815
-0.126491
-1.043552
-1.423025
-2.118726
-1.391402
-1.391402
0.727324
-1.264911
-0.031623
-0.917061
-0.980306
-0.980306
0.379473
-0.695701
-0.885438
-0.094868
0.221359
1.201666
1.676007
-0.347851
1.454648
0.126491
0.727324
-0.379473
-1.802498
0.980306
-1.802498
-2.466577
2.023858
-0.284605
-1.549516
-0.189737
-0.063246
-0.031623
0.569210
1.454648
1.138420
-1.296534
0.347851
0.600833
-1.075174
0.252982
-1.391402
-1.486271
-1.454648
-0.853815
0.158114
0.948683
-0.379473
1.233288
-0.569210
-0.758947
-0.822192
1.581139
0.411096
0.885438
-0.948683
1.201666
2.403331
0.727324
0.600833
0.822192
-0.094868
-0.537587
-1.770875
1.834121
-0.695701
0.063246
-0.632456
-0.411096
0.063246
0.189737
-0.379473
-0.284605
0.284605
-0.189737
-0.917061
0.980306
-0.569210
-0.189737
-0.505964
1.834121
1.676007
0.126491
-1.233288
-0.505964
-1.233288
0.537587
-0.094868
-1.612762
0.252982
-0.031623
-0.853815
-1.264911
0.316228
-1.201666
-0.031623
0.695701
1.454648
0.316228
1.581139
0.537587
0.569210
0.474342
1.043552
0.695701
-1.359779
2.276840
0.632456
0.189737
-0.632456
-0.632456
1.676007
0.980306
0.347851
1.011929
-0.411096
-0.600833
0.569210
0.063246
-0.537587
-0.252982
-0.695701
1.517893
-1.106797
0.790569
2.087103
0.094868
-0.505964
0.252982
0.853815
-0.758947
-0.822192
1.043552
0.758947
0.221359
-0.347851
-1.011929
0.316228
-0.252982
-0.442719
0.126491
0.252982
1.264911
-0.790569
-0.474342
0.031623
0.094868
0.031623
0.885438
0.505964
0.695701
0.347851
1.233288
-2.245217
0.063246
-0.632456
1.391402
0.505964
0.252982
2.466577
-1.043552
-0.442719
-0.600833
-0.094868
2.687936
0.284605
0.347851
1.170043
-0.695701
-0.379473
-1.707630
-0.758947
1.043552
-0.980306
-0.379473
-1.359779
1.486271
-0.695701
-0.600833
-1.423025
0.632456
-0.695701
-0.442719
-0.284605
0.822192
1.328157
-0.031623
-0.948683
-0.284605
-0.980306
-0.379473
-0.727324
-0.379473
-1.644384
-0.252982
0.948683
-0.284605
0.094868
-0.474342
-0.189737
1.739253
0.727324
0.063246
-0.031623
-1.612762
-0.600833
1.296534
-1.707630
-0.885438
0.790569
-0.252982
-1.549516
2.561445
0.031623
0.442719
-0.379473
-0.790569
-0.474342
1.928989
0.632456
0.316228
2.308463
1.517893
-0.695701
-0.189737
0.885438
2.466577
-0.727324
0.885438
0.537587
0.885438
0.505964
-0.790569
0.284605
1.075174
0.664078
0.948683
1.644384
1.486271
-0.917061
-0.252982
-0.853815
0.126491
0.948683
0.442719
1.549516
-1.454648
1.517893
-0.347851
-0.632456
1.739253
0.948683
0.505964
-0.853815
1.075174
-0.189737
0.158114
-0.853815
1.106797
-0.727324
-0.474342
-0.347851
-1.201666
0.158114
-1.328157
0.379473
0.063246
-0.505964
-1.707630
0.569210
-0.727324
-0.347851
-0.442719
-0.316228
-1.043552
-0.158114
-0.189737
-0.094868
1.138420
0.189737
0.474342
-0.316228
1.138420
1.391402
0.948683
0.158114
1.043552
0.094868
-0.284605
-0.758947
-1.676007
2.213594
-1.359779
0.347851
-0.505964
0.347851
0.158114
-0.695701
-1.423025
0.252982
1.233288
-2.150349
0.126491
-0.316228
-0.537587
-0.094868
-1.075174
-1.138420
0.474342
0.442719
-1.264911
-1.834121
-1.612762
1.011929
0.758947
1.865744
-0.664078
-0.632456
-0.189737
-0.822192
-0.063246
-1.834121
0.189737
-2.276840
0.284605
1.043552
-1.296534
0.727324
0.284605
-2.782804
-0.853815
-0.600833
-1.581139
1.201666
-0.063246
-1.802498
0.221359
-0.600833
-0.917061
0.221359
-0.189737
0.094868
0.379473
1.960612
0.442719
1.201666
-1.043552
-0.316228
1.106797
1.138420
-1.264911
0.885438
-0.853815
1.170043
-0.505964
-0.537587
-0.695701
0.917061
-0.221359
-0.379473
1.676007
0.980306
-0.505964
1.612762
-0.411096
0.600833
-0.632456
0.695701
-2.181972
-0.316228
-0.600833
-0.505964
0.252982
-0.569210
-0.189737
-1.106797
0.252982
-0.126491
-1.739253
1.170043
0.600833
0.885438
-0.221359
0.980306
-0.252982
0.411096
-2.055480
1.043552
0.063246
-0.632456
-0.347851
0.664078
-0.885438
0.126491
-1.138420
-1.011929
1.359779
2.087103
-2.181972
-2.118726
2.276840
-0.853815
0.284605
-1.707630
1.011929
0.158114
-1.423025
-0.600833
0.063246
-0.569210
-1.296534
0.917061
2.403331
-0.284605
1.011929
0.189737
2.308463
0.505964
-0.600833
2.023858
-0.600833
-1.106797
2.846050
-0.031623
1.264911
-0.094868
1.011929
0.316228
2.561445
-1.644384
-0.632456
1.423025
1.043552
1.770875
-0.284605
-0.758947
0.126491
-0.347851
0.094868
1.106797
-0.569210
0.632456
-0.569210
-0.822192
-0.885438
0.158114
2.434954
0.031623
-0.221359
1.770875
-0.063246
0.917061
0.284605
-0.158114
-1.011929
-1.075174
-0.063246
-1.138420
-0.885438
-0.252982
-1.011929
-0.094868
-1.296534
0.347851
0.853815
0.980306
-1.296534
-1.296534
-0.569210
0.948683
0.569210
-0.695701
0.853815
1.106797
0.980306
1.644384
-0.031623
-0.695701
0.158114
-1.296534
0.632456
0.379473
-0.917061
0.727324
0.189737
-1.170043
-0.031623
1.865744
0.252982
0.379473
0.853815
-0.664078
1.359779
0.695701
0.189737
0.505964
0.474342
0.695701
-0.885438
0.474342
-1.770875
0.727324
-0.917061
-0.411096
-1.106797
-0.189737
-0.284605
-2.593068
1.359779
2.213594
0.980306
-1.106797
2.782804
-2.023858
1.834121
0.505964
-1.201666
-2.055480
0.790569
1.264911
0.822192
-1.138420
-0.411096
1.264911
0.442719
0.758947
-0.442719
0.252982
0.505964
-1.264911
1.486271
0.000000
1.770875
-1.106797
-2.118726
0.284605
0.126491
0.252982
-1.486271
-0.316228
1.075174
0.695701
0.790569
-0.158114
2.624690
0.252982
-2.245217
1.296534
0.505964
1.296534
0.600833
-0.505964
-0.600833
1.676007
-0.221359
0.442719
-0.822192
-0.600833
1.075174
2.561445
0.822192
1.011929
0.822192
0.474342
-0.063246
-1.486271
-2.466577
-0.158114
0.126491
-1.612762
0.126491
-1.106797
-0.600833
-0.853815
-1.549516
-0.695701
0.158114
-0.063246
-1.581139
0.063246
-1.391402
-0.189737
-0.600833
-0.316228
0.853815
0.221359
0.442719
-1.897367
-1.296534
1.644384
1.328157
-1.201666
0.758947
-0.569210
0.664078
0.917061
0.695701
-0.379473
-1.011929
0.094868
-0.126491
-0.252982
-0.727324
1.486271
-1.106797
0.853815
0.411096
-0.063246
-1.517893
-0.063246
0.727324
0.442719
-0.664078
-0.126491
0.695701
1.170043
-0.252982
-1.264911
-1.676007
0.063246
0.379473
-0.252982
-0.537587
-1.644384
-0.853815
0.632456
0.442719
2.087103
0.695701
0.284605
-0.221359
-1.739253
-2.213594
-0.411096
-1.264911
-2.814427
-0.600833
-0.063246
-0.569210
-1.011929
0.031623
0.853815
0.252982
-0.727324
-2.403331
1.296534
1.296534
-0.252982
0.885438
-0.347851
-0.790569
0.917061
-0.695701
-1.676007
-0.189737
0.158114
-1.106797
0.695701
1.612762
-0.442719
0.664078
-0.442719
-1.549516
-1.834121
-0.853815
-0.917061
-0.221359
1.264911
-0.442719
-0.537587
0.664078
-1.739253
0.347851
-0.853815
-2.466577
0.189737
0.316228
0.505964
-0.474342
0.316228
-0.158114
-1.454648
0.411096
0.980306
-0.221359
-0.126491
-0.758947
0.347851
-0.822192
-0.569210
-0.063246
-0.980306
-0.505964
-0.158114
-0.094868
-1.328157
0.885438
0.569210
-0.252982
-1.043552
0.695701
-0.980306
0.885438
-1.517893
-0.126491
0.252982
-0.284605
0.094868
0.379473
0.031623
2.087103
-0.442719
0.347851
0.347851
0.569210
0.158114
-2.213594
-1.138420
0.664078
-0.284605
0.505964
-0.063246
-0.948683
-1.328157
0.063246
-0.727324
-1.612762
0.790569
-1.296534
-0.221359
0.411096
-2.751182
0.980306
0.252982
-0.031623
0.189737
-0.727324
0.569210
-0.632456
-1.644384
0.221359
0.063246
1.264911
-0.189737
0.347851
-1.486271
-1.138420
0.221359
1.170043
-1.201666
-0.379473
-0.695701
1.581139
1.549516
-0.695701
0.189737
1.359779
0.695701
0.126491
-1.138420
-1.865744
0.569210
-1.834121
-0.158114
0.063246
0.632456
-0.505964
0.727324
0.316228
-1.581139
-2.466577
-0.758947
1.676007
-1.549516
-1.201666
-0.252982
0.411096
-1.391402
-0.695701
0.600833
-2.055480
0.189737
-0.727324
0.189737
0.790569
0.474342
1.011929
-0.347851
2.181972
-0.664078
-0.284605
2.340085
-0.126491
-0.758947
0.347851
-1.328157
1.011929
2.150349
-0.126491
-0.569210
-0.917061
-1.802498
1.201666
1.644384
0.917061
-1.138420
0.632456
1.106797
-1.138420
-0.221359
-0.442719
-0.411096
-0.063246
0.000000
0.695701
0.031623
1.802498
1.549516
2.751182
-0.063246
0.063246
-1.423025
0.664078
0.695701
0.000000
0.600833
0.158114
-1.201666
0.189737
1.170043
-0.031623
-0.442719
0.284605
-0.474342
-1.075174
1.043552
-1.517893
-1.328157
-0.031623
-2.245217
-1.391402
-0.094868
1.770875
0.221359
-1.707630
-0.126491
-0.695701
1.486271
0.379473
-1.581139
-0.537587
-1.011929
1.486271
0.505964
0.189737
-0.917061
-0.569210
-0.158114
1.612762
-0.474342
-0.505964
-1.581139
2.751182
1.328157
0.158114
1.106797
-0.316228
-0.158114
0.917061
0.411096
-0.031623
0.284605
0.474342
-0.379473
-1.454648
-0.126491
-0.695701
-1.106797
0.347851
-0.758947
1.201666
-0.632456
-0.158114
-0.094868
-1.928989
0.695701
0.379473
-0.885438
-1.264911
0.885438
-0.189737
-1.359779
1.328157
0.158114
-0.221359
1.264911
1.233288
-0.442719
-1.075174
-0.442719
1.233288
2.023858
0.600833
-0.632456
-0.031623
-1.043552
0.474342
1.581139
-2.656313
0.505964
-0.158114
-0.347851
-1.075174
-0.505964
1.359779
1.264911
2.118726
-0.442719
0.031623
0.252982
1.612762
0.822192
0.252982
0.600833
0.000000
1.992235
1.612762
-1.328157
1.201666
-0.537587
1.739253
0.031623
-0.853815
-1.423025
-0.442719
-1.296534
0.284605
-0.980306
0.126491
0.948683
-0.727324
-0.980306
1.834121
-0.379473
-1.043552
-1.676007
0.664078
-1.359779
-2.624690
0.853815
0.379473
-0.094868
-0.885438
0.569210
-0.980306
-1.264911
-0.316228
-1.549516
-0.189737
-0.031623
1.454648
0.664078
-1.075174
-0.411096
0.316228
-0.695701
0.790569
0.790569
1.612762
-1.296534
-0.379473
0.917061
-0.284605
0.379473
-0.948683
1.834121
-1.138420
0.474342
0.221359
-0.031623
-0.442719
0.094868
0.316228
0.347851
-0.600833
-2.308463
0.158114
1.296534
0.600833
-1.264911
-0.822192
-0.316228
0.442719
0.221359
0.727324
-0.600833
-0.094868
-0.853815
-1.454648
-0.063246
-0.252982
1.707630
0.853815
1.770875
-0.980306
-0.189737
-0.695701
-0.411096
0.031623
-0.569210
-1.391402
-0.063246
-0.695701
2.023858
0.284605
-0.284605
1.043552
-1.423025
-0.600833
-1.233288
0.569210
2.150349
0.474342
0.411096
-1.043552
0.379473
0.505964
0.790569
0.948683
-0.917061
-1.770875
1.233288
-0.126491
0.158114
-0.664078
0.411096
0.632456
-1.328157
-0.600833
-0.158114
-0.252982
-1.011929
-0.474342
-0.063246
-0.189737
0.189737
0.316228
-1.138420
-0.727324
-0.727324
0.474342
-1.423025
0.695701
1.770875
0.537587
0.442719
-0.474342
2.213594
-1.170043
0.917061
0.980306
0.758947
1.486271
-0.537587
-0.411096
0.379473
-1.928989
0.347851
-0.727324
0.284605
-1.075174
-0.569210
1.296534
-0.158114
-0.347851
-0.600833
-2.340085
0.790569
0.000000
-0.442719
-0.316228
-1.201666
0.126491
0.252982
-0.063246
-0.284605
-0.411096
-1.138420
-1.106797
0.600833
1.011929
0.094868
0.221359
0.379473
-0.569210
1.296534
-0.379473
0.758947
0.063246
-0.347851
1.739253
2.656313
-0.980306
-0.948683
0.695701
-0.537587
0.094868
1.011929
0.221359
-1.011929
0.126491
0.632456
-0.221359
-0.664078
-0.031623
-0.158114
0.347851
0.000000
1.517893
-0.537587
-0.031623
-1.834121
-1.043552
0.094868
0.063246
-0.695701
-0.189737
1.233288
2.087103
-1.106797
1.075174
1.581139
0.252982
0.474342
-2.529822
-0.284605
0.537587
0.063246
-0.347851
-0.284605
-0.537587
0.948683
0.031623
-0.252982
-0.031623
-0.252982
-1.201666
-2.118726
-0.569210
0.790569
1.106797
2.308463
0.822192
1.391402
1.011929
-0.094868
-0.569210
0.000000
-1.011929
-1.011929
-0.885438
-0.031623
1.233288
-0.632456
-0.063246
-0.158114
-0.632456
1.707630
-0.442719
1.264911
-1.296534
0.790569
-0.063246
0.189737
0.379473
-0.505964
0.664078
-0.664078
1.170043
0.695701
-0.569210
0.569210
-0.189737
-1.423025
-1.423025
0.094868
-0.347851
-0.379473
-0.126491
-0.600833
0.664078
2.940918
-0.316228
-0.221359
-1.770875
-0.664078
-0.379473
0.411096
1.770875
-2.087103
-1.517893
-0.442719
-0.822192
0.158114
0.158114
-0.917061
0.727324
1.075174
0.695701
1.328157
1.011929
-1.075174
-0.252982
-0.885438
0.790569
-0.252982
0.442719
0.158114
0.347851
0.158114
-1.865744
0.600833
-0.537587
0.221359
0.853815
0.885438
0.600833
1.549516
-0.442719
0.727324
0.379473
-0.758947
-1.486271
2.150349
0.695701
-0.189737
-0.727324
0.221359
1.486271
0.505964
-1.928989
0.031623
-0.632456
0.632456
1.328157
-0.664078
2.340085
-0.569210
0.537587
-1.391402
1.201666
-0.189737
-0.474342
-0.284605
1.201666
-0.126491
0.758947
-0.537587
-0.252982
-0.252982
0.094868
0.474342
-0.822192
0.505964
-0.664078
-1.328157
0.347851
-0.316228
-1.423025
0.284605
1.770875
-0.094868
-0.664078
-0.126491
-1.264911
0.347851
-0.442719
-0.758947
-0.727324
0.094868
-0.537587
-0.727324
0.885438
1.960612
0.600833
1.233288
1.928989
0.189737
0.347851
-1.454648
0.474342
0.158114
0.442719
-0.600833
1.676007
-1.644384
-0.569210
0.758947
-0.822192
0.664078
0.758947
-1.802498
0.063246
-2.371708
-0.822192
0.948683
-0.284605
-0.727324
2.371708
2.466577
-1.423025
-0.063246
-2.276840
0.094868
-2.023858
0.727324
0.474342
0.158114
-2.213594
0.822192
-0.189737
0.063246
-1.011929
2.403331
1.170043
-0.853815
-0.063246
0.885438
-1.138420
-0.569210
0.600833
0.000000
0.948683
0.790569
-0.505964
0.379473
-2.118726
-0.790569
-0.126491
0.695701
0.252982
0.442719
0.252982
-0.600833
1.201666
0.189737
0.632456
-1.423025
-0.347851
0.664078
1.928989
0.790569
-0.758947
-0.917061
-0.790569
0.600833
-2.624690
-0.031623
-0.505964
-2.403331
-0.980306
-0.758947
-0.917061
-0.347851
0.284605
-0.474342
1.201666
-0.189737
-0.537587
2.340085
-1.201666
-1.834121
-0.505964
-0.221359
-0.063246
-0.758947
0.094868
0.695701
0.885438
0.000000
-1.644384
-0.252982
-1.043552
-0.189737
0.347851
-2.308463
-1.549516
0.758947
-1.328157
-1.992235
0.822192
-1.454648
0.474342
-0.379473
0.537587
1.075174
-0.600833
0.221359
-0.885438
-0.948683
0.316228
1.138420
0.505964
0.252982
0.063246
1.928989
-1.075174
-0.664078
-0.474342
-2.055480
0.790569
1.359779
0.917061
-0.917061
0.316228
-0.917061
-1.644384
-0.442719
0.379473
-0.822192
0.600833
1.644384
-0.632456
-0.505964
-0.885438
0.189737
-1.644384
-1.011929
-0.537587
1.865744
-0.094868
-0.695701
1.328157
-1.486271
0.379473
-0.569210
0.600833
-0.980306
0.063246
-1.770875
1.233288
0.221359
1.201666
-0.411096
0.600833
1.201666
0.948683
-0.221359
0.252982
0.000000
1.802498
0.758947
-0.284605
-0.158114
0.537587
-3.257146
-0.442719
1.201666
1.328157
-0.758947
0.379473
-0.347851
-0.158114
1.011929
0.980306
1.834121
-0.758947
-0.063246
-1.106797
-1.391402
0.316228
1.486271
-0.758947
-1.423025
1.106797
-1.043552
0.727324
-0.664078
-0.126491
-1.138420
-0.474342
1.043552
-0.664078
-0.189737
-0.031623
-0.790569
-0.158114
-2.624690
-0.126491
0.474342
-0.664078
-0.221359
-0.442719
0.284605
-1.517893
1.517893
0.158114
-0.569210
-0.221359
-1.170043
-1.612762
-0.063246
0.442719
1.707630
-1.170043
-0.790569
2.213594
1.264911
-0.252982
0.063246
0.252982
-0.474342
-0.980306
0.000000
-0.600833
0.695701
-0.252982
-0.822192
0.379473
-0.189737
-0.790569
0.758947
-0.031623
-1.138420
0.600833
-1.043552
-1.011929
-0.094868
-0.664078
-2.213594
-0.632456
0.537587
-0.379473
-0.252982
-0.474342
1.138420
-1.011929
-0.094868
1.454648
-0.411096
-0.948683
-0.094868
-0.664078
0.442719
-0.853815
0.853815
0.252982
1.644384
0.885438
-1.264911
-1.138420
-0.442719
-0.758947
-0.885438
0.822192
-0.822192
-0.474342
1.581139
-1.517893
0.031623
0.221359
-0.158114
-0.758947
0.252982
-0.031623
-0.917061
0.727324
-0.379473
0.284605
2.498199
0.189737
1.612762
-0.158114
-0.379473
-0.094868
-0.853815
0.031623
0.853815
-0.948683
1.676007
0.063246
-0.347851
1.581139
-0.537587
-0.695701
-1.581139
2.466577
0.221359
-3.415260
-0.695701
0.379473
-0.948683
-2.087103
0.347851
-0.505964
1.328157
0.758947
-0.664078
-0.980306
-0.347851
-1.170043
-1.517893
0.063246
0.980306
1.391402
-0.031623
-0.474342
0.379473
-0.790569
-1.170043
1.011929
0.980306
0.980306
0.031623
-0.980306
-2.308463
0.379473
-1.960612
-0.094868
-0.727324
0.917061
0.569210
0.758947
-2.498199
1.201666
-0.727324
0.284605
-2.466577
-1.612762
-0.885438
1.233288
0.695701
0.537587
-0.063246
-1.233288
-0.980306
-0.790569
-0.316228
0.000000
-1.106797
-1.359779
0.284605
0.189737
1.423025
1.612762
0.474342
-1.359779
0.474342
0.000000
1.075174
-1.517893
-1.770875
0.474342
0.347851
0.948683
-1.960612
-0.379473
-0.600833
0.600833
0.885438
-0.379473
0.537587
-0.822192
-0.063246
1.928989
0.569210
1.106797
-1.328157
1.960612
0.822192
-0.600833
-0.031623
0.284605
0.094868
-0.189737
0.094868
1.359779
0.505964
-0.221359
-1.897367
-0.063246
-1.676007
-1.581139
-0.316228
0.505964
-0.758947
0.980306
-0.158114
0.031623
-0.221359
0.063246
0.853815
1.138420
1.359779
-0.442719
0.094868
0.980306
0.569210
0.379473
-1.865744
1.707630
-0.094868
-0.537587
-0.569210
-0.632456
-0.347851
2.846050
-1.201666
-1.011929
0.980306
-0.505964
0.790569
0.537587
0.537587
-1.770875
-0.474342
0.537587
-0.853815
1.328157
-0.822192
-1.770875
0.411096
0.158114
0.126491
-0.537587
-0.031623
1.834121
-0.632456
-0.727324
-0.537587
0.948683
1.960612
-0.031623
-0.474342
-1.201666
-1.865744
0.347851
0.316228
-1.739253
-0.031623
2.150349
-1.138420
-1.075174
0.347851
-0.284605
0.094868
-1.802498
0.664078
-1.707630
-0.917061
0.569210
0.442719
-1.296534
-0.316228
-0.158114
1.644384
0.505964
0.727324
-1.423025
0.221359
-0.031623
0.000000
0.063246
-0.221359
0.031623
-0.316228
0.411096
2.877673
-0.126491
-0.252982
1.011929
0.189737
-0.758947
-0.917061
-0.664078
0.347851
0.442719
-1.676007
-0.126491
-1.170043
-0.411096
0.189737
-0.948683
0.917061
1.517893
-0.695701
-0.221359
-0.790569
-0.537587
-0.158114
0.316228
0.790569
-2.276840
1.201666
1.359779
-1.612762
1.928989
-0.189737
1.454648
-0.505964
-1.043552
0.031623
0.000000
0.379473
1.517893
0.822192
-1.075174
-0.822192
0.316228
0.695701
-0.980306
-0.632456
-2.466577
-0.126491
0.094868
0.031623
0.063246
-1.264911
1.549516
-0.347851
-0.727324
0.885438
-1.992235
0.758947
-0.126491
1.359779
0.094868
0.221359
-0.189737
-0.569210
0.347851
-0.758947
-1.106797
-0.632456
1.264911
1.138420
-0.695701
0.474342
-0.442719
2.023858
0.000000
0.822192
0.664078
0.853815
0.474342
-0.347851
0.031623
0.126491
-0.980306
1.676007
-0.347851
-1.612762
-0.063246
-1.739253
-0.505964
-0.442719
0.189737
0.885438
1.138420
0.885438
-0.600833
0.474342
1.043552
-0.505964
-0.252982
-1.170043
1.802498
-0.727324
-0.758947
0.917061
0.252982
1.043552
0.189737
-0.474342
0.569210
-0.537587
0.316228
-1.264911
-1.865744
-1.581139
-0.316228
0.031623
0.442719
1.011929
-0.917061
0.158114
0.600833
-1.075174
-1.233288
-0.347851
-0.442719
1.865744
-1.676007
0.948683
0.727324
-1.233288
-0.474342
1.676007
1.011929
-0.569210
0.252982
0.000000
0.758947
1.138420
0.790569
-0.442719
0.885438
0.632456
0.189737
0.569210
-0.094868
-1.676007
1.770875
0.758947
-0.284605
0.853815
0.189737
-0.822192
0.379473
-0.063246
0.252982
-0.379473
-0.885438
-1.201666
-0.284605
-1.264911
0.885438
0.474342
-1.865744
1.106797
-1.517893
-0.790569
1.707630
0.980306
1.581139
-0.031623
-0.727324
1.138420
0.569210
-0.316228
-0.189737
-0.411096
-0.158114
1.264911
-1.486271
0.980306
0.379473
-2.308463
0.790569
-2.782804
1.676007
-0.569210
-1.138420
0.695701
-0.094868
0.063246
-0.252982
-0.822192
-1.296534
-0.885438
-0.600833
-0.158114
-1.201666
0.252982
1.328157
-0.600833
-0.379473
-0.917061
-2.118726
-1.581139
2.118726
-0.284605
-0.664078
-1.517893
-1.075174
-0.569210
0.917061
0.664078
-0.411096
0.600833
0.347851
-0.347851
0.031623
-2.340085
-0.094868
-2.340085
0.221359
0.822192
-0.094868
-0.948683
-1.865744
1.264911
0.063246
-0.252982
2.340085
-0.980306
0.442719
-0.917061
-0.822192
0.379473
0.853815
-2.593068
-0.063246
1.676007
1.391402
-0.158114
0.189737
-1.138420
1.707630
-2.087103
1.201666
0.252982
-0.031623
-2.181972
0.664078
-1.359779
0.569210
-0.600833
-0.379473
0.664078
-1.549516
0.284605
-0.221359
1.644384
0.316228
-0.252982
0.885438
-0.632456
0.600833
2.276840
-0.316228
0.189737
1.043552
-0.284605
0.189737
-0.252982
-0.474342
-0.126491
0.411096
-1.359779
0.411096
-0.347851
-1.454648
-0.221359
0.221359
-0.411096
-0.316228
0.379473
-1.423025
-0.094868
0.664078
0.347851
-1.170043
-0.758947
0.474342
0.126491
1.359779
-2.213594
0.094868
0.063246
0.252982
0.790569
-0.948683
0.917061
-0.632456
-0.758947
-0.442719
0.664078
0.980306
0.158114
0.442719
-0.917061
-0.379473
-1.517893
0.442719
2.782804
1.454648
0.379473
-0.189737
-0.948683
0.158114
0.632456
-0.537587
-0.126491
1.644384
-0.664078
1.233288
-1.011929
-0.885438
-0.790569
1.106797
-2.940918
-1.201666
1.865744
-0.505964
0.664078
-0.758947
0.758947
0.442719
-0.695701
0.695701
-0.252982
-0.284605
0.158114
0.379473
-1.359779
-0.094868
0.917061
-0.284605
2.118726
0.695701
0.537587
-1.486271
1.264911
-0.474342
-0.505964
1.834121
1.296534
1.770875
-1.264911
0.094868
0.632456
0.948683
-0.695701
0.158114
2.023858
0.347851
-1.106797
0.695701
-0.189737
-1.138420
-0.158114
0.948683
-2.403331
-0.917061
0.758947
-3.035787
-0.189737
-0.189737
-0.379473
-1.075174
0.126491
0.505964
1.359779
1.011929
-0.094868
0.158114
0.505964
-0.758947
-0.252982
-0.411096
0.316228
-1.011929
0.126491
0.284605
-0.822192
-1.802498
-0.664078
1.106797
-0.917061
3.099032
1.043552
-0.664078
0.537587
-0.758947
1.011929
-2.213594
-0.158114
3.415260
-1.612762
0.063246
-0.221359
-1.549516
-0.474342
-0.221359
-1.802498
-1.264911
-0.347851
0.790569
0.379473
-0.316228
-0.252982
1.264911
0.948683
-0.094868
0.158114
-0.505964
-0.379473
-0.252982
0.252982
-1.391402
0.727324
1.138420
0.980306
-2.118726
-1.264911
1.043552
-0.885438
0.189737
-1.834121
-1.075174
-0.252982
-1.264911
-0.727324
-0.094868
-1.454648
-1.865744
0.822192
0.758947
-0.126491
-2.719559
1.043552
-0.917061
-0.695701
1.170043
0.316228
-2.087103
