-1.095398
0.425710
0.298705
-0.556356
1.698995
-0.170630
-0.742786
1.738256
-2.908867
1.565174
-0.519211
0.807407
1.293839
-0.559987
0.207645
1.027426
2.561970
1.064938
0.165752
-0.264936
-0.934219
-0.310608
-0.459171
-1.315459
-1.160834
-0.463954
-0.531916
-1.608357
0.036287
-0.176021
0.357065
-0.747601
1.296888
1.417766
0.152316
-0.779440
0.845416
-0.303283
-1.381211
0.645773
0.630855
0.860350
0.262009
1.240715
-0.463094
-0.496282
-0.806459
0.003984
0.230553
0.679728
-1.060641
-0.997857
-0.320536
-0.741295
-0.133771
-0.091031
2.241856
0.033462
-1.581913
0.910393
1.306326
1.436865
0.352791
-0.482158
0.364728
-0.006254
-0.849551
-1.397670
-1.780234
-1.214860
-1.895464
0.285310
-0.238244
-0.028648
1.219376
-1.153601
0.048464
2.245663
-0.035869
1.030960
-0.933482
0.173048
-0.143366
0.646397
-1.145094
-0.090359
-0.546082
-0.153765
1.179029
0.519917
-1.276700
1.001903
-0.619023
-0.024907
-1.146756
-1.884354
-1.146866
-2.250573
1.215945
-1.205492
0.094884
1.575615
-0.582379
-0.008675
0.229410
0.388443
0.909541
2.028252
0.126656
-1.480688
-0.880361
-0.345280
-0.524800
-2.108921
1.629856
-0.163795
0.694966
-0.170522
0.339275
0.307134
0.565247
0.629253
0.436338
-0.827838
-0.765987
-0.396332
-0.377189
-0.139307
-0.012865
-0.025008
-0.484859
0.810317
-0.230103
-0.175315
-0.350248
-0.336938
-0.799305
-0.560953
1.329523
1.472970
-0.314237
-0.365375
-0.244568
-0.023161
-0.392973
0.591820
-1.208595
-1.642887
-1.261318
-0.858622
-1.002746
0.645619
1.354336
1.101356
0.399165
0.117169
0.249186
-0.666200
-0.188390
-0.669139
-0.448949
0.132953
-0.256479
0.608653
0.265522
0.419782
0.443188
0.034614
-2.071312
-0.816518
-0.226033
0.202947
-0.079472
0.861917
0.729245
-0.234856
-1.167263
-1.349946
0.937310
-0.155210
0.619409
-0.551875
0.237858
1.200377
0.285911
0.391778
0.098832
-1.549811
1.568132
1.565842
0.088157
-1.758966
0.974738
-1.565515
0.321847
0.018838
0.705999
-0.264473
-0.149447
-0.175096
-0.189144
0.623823
-1.383519
0.948956
-0.879948
-1.614908
0.605209
-0.566212
0.552317
0.689331
0.049856
-1.741165
2.054342
-0.409151
0.031497
1.054407
1.357425
1.043262
1.034698
0.343692
0.557858
-1.789694
-0.857618
-1.192746
1.907532
-0.231160
0.612000
-1.964803
-0.807814
-0.649906
0.242490
1.164799
-0.456373
0.707076
-1.444739
0.073562
1.971266
-0.654020
1.283330
-0.693503
-0.090192
-1.452490
0.112233
-1.756774
-0.703783
0.081002
0.733650
-0.299370
-0.489547
-0.306700
1.461102
0.070359
-0.273965
0.711989
0.417953
-0.553473
1.212467
1.388594
-0.616624
0.393297
-1.344054
0.659583
0.199113
-0.912203
-0.846576
-0.883133
1.157086
-0.544788
0.937108
0.164406
-0.622285
-0.127595
1.465825
-0.366806
1.122770
-0.218570
1.861580
1.663271
0.616833
-0.590962
1.013563
-0.312713
-1.392846
-0.473524
-0.409549
1.369840
-0.126855
-0.481547
-0.456426
-0.755237
-0.381567
-0.148643
0.639370
-0.065211
1.512587
1.532079
1.758529
-1.108675
-1.403537
1.476867
0.928360
-0.027640
1.956444
-0.315168
-1.151639
0.257390
-0.140999
-0.927077
-1.590166
0.029722
-1.613791
-0.154947
0.885458
0.101824
0.792349
0.006305
1.153401
0.452209
2.379165
-1.847073
0.731600
0.994143
-0.030782
-0.533837
1.404887
-0.965525
0.840159
1.058947
-0.672668
0.918333
-0.386734
-1.657118
0.547667
0.980313
-0.634547
-0.121023
-0.452929
0.659135
0.783522
-0.629676
0.237941
-0.998067
-1.353831
-0.178844
0.109259
0.106707
-0.302305
1.109935
0.869513
0.867585
0.185013
1.496201
-1.518013
0.446134
-0.325679
1.638850
-0.720703
-0.742931
0.990868
-1.053425
1.077078
0.314460
-0.772831
-0.192276
-0.864118
1.945067
-0.282527
0.509564
-0.105972
-0.749208
0.906067
1.316631
0.374540
1.348400
0.470342
-0.814300
0.527344
-0.183504
1.030826
1.046091
-0.030465
0.634292
-0.081489
0.254501
2.024249
0.539115
-0.066514
-0.026303
0.616704
-1.858718
0.628633
-0.958191
-0.121710
1.567758
0.618189
-0.366817
0.781739
1.066689
0.517438
0.658484
-0.198810
-0.637971
-0.337501
-0.376680
-1.280024
1.041856
1.164928
-0.094613
-0.128955
0.768391
1.119160
2.926724
0.344246
0.880164
-1.670284
1.414282
0.708015
-0.907762
-0.366896
-0.162990
1.141386
-2.226746
-0.304634
-0.455945
-0.296853
1.296107
0.946249
-1.592352
0.602824
0.553070
-0.648722
-0.239046
-0.113489
1.319097
-0.579281
0.319545
-0.957180
1.719076
-0.978305
0.295014
-1.088685
-0.587271
-0.949550
0.712076
-1.439388
-0.646436
-1.224728
-0.358413
-1.483120
-0.159576
-1.494446
-0.947217
-0.560138
-1.229577
0.020067
-0.674381
0.659509
-0.120462
-0.313635
0.633850
-2.461691
-0.080272
0.189124
0.937078
-0.478891
-0.163546
0.481806
0.901922
0.692023
-0.973527
-1.576835
-0.658867
-0.395029
0.728986
0.183350
-1.729361
0.240760
1.418277
-0.620223
0.328894
0.912017
-0.542214
1.807147
-0.527180
0.491766
0.960173
1.617657
-0.176784
-0.174101
-1.314066
-1.383769
-0.582337
0.183530
0.088360
-0.601509
0.845711
0.350958
0.412374
1.570552
-1.455137
0.657140
-0.225813
-0.044119
0.895494
-0.495827
-0.518836
-0.514296
-0.882802
-0.701523
-0.531067
-0.288504
0.575788
0.375632
-1.149925
-0.977254
-0.711378
0.475918
0.664654
-0.282340
-0.187655
-1.853460
-0.918034
1.471001
1.142060
0.952254
0.045839
0.418102
0.400071
-0.366403
-0.910139
-0.693783
-0.816623
0.513640
0.993764
0.268328
-1.014155
1.365965
0.298930
-0.223561
0.899223
1.868874
0.096101
0.842013
-1.044020
-1.463592
1.683436
0.583902
0.617248
0.234232
-1.086627
-0.356041
-1.869772
2.258765
0.098126
1.472154
-0.145873
-0.772481
0.357612
0.823829
-0.431765
-0.663446
1.131484
-0.729450
-0.659518
0.172261
-1.253629
-0.200105
-0.585455
-0.349000
-0.062126
-3.419711
0.005333
-0.929578
-0.180319
-0.853005
-1.255146
-0.187916
0.381482
0.205886
0.015056
-0.129407
-0.962614
-2.210299
-0.013152
0.081155
-1.598888
-0.775247
1.343431
0.432721
-0.470370
0.737584
0.307480
0.257457
-1.419311
0.913669
0.042183
-0.006140
-0.946355
-0.537149
-0.456628
-0.607873
0.505107
0.199812
-0.880180
-0.795641
-0.660217
1.472164
0.495879
0.635359
0.855411
-0.049819
-1.741441
1.086342
1.152044
0.492774
1.458676
-0.676214
1.597997
-0.268872
1.045756
-0.769654
0.334645
0.292043
-0.715438
-0.570719
-1.004463
-0.489371
1.258730
0.378173
-2.246622
-0.456818
-0.353576
-0.265297
-0.484471
-1.478830
-1.689191
-1.865489
-2.513054
0.936563
0.190813
0.896159
-1.814310
-0.581568
0.567167
0.156077
1.504043
0.231499
-1.218789
-0.232549
-0.051726
-1.745692
0.358146
0.939808
-0.479911
1.037640
-0.465000
-1.287452
-0.278320
0.961673
0.697267
1.316990
0.981883
0.271378
0.197663
1.194189
0.278413
-0.372348
0.033674
-0.406928
-1.088158
0.456815
1.521632
1.579257
0.417329
-0.882875
1.375161
0.166619
0.461073
-0.011638
-0.740250
-1.037879
0.168371
-1.114072
1.073234
0.124704
-1.207671
-0.401549
0.188874
-1.080550
2.198779
0.715830
2.258030
-0.539257
0.906353
-0.503739
-0.703624
1.131639
-0.444282
-0.357864
0.763306
0.444029
-0.573118
0.114241
-1.536340
-0.900853
1.531298
0.276637
-0.563136
0.123465
-1.411553
-1.226771
0.040643
1.189231
0.097120
0.823978
1.062942
-0.201832
1.014394
-0.213474
-1.308910
2.929151
1.022750
0.753569
-2.503657
1.544914
0.892658
-0.569833
-1.699546
0.994188
0.500060
-0.552781
0.412249
-0.761325
-2.054163
-1.754387
0.648721
0.498892
-0.660685
-0.336910
-0.074420
0.724294
0.113908
-0.890544
-0.181406
0.653016
-0.485434
0.210069
0.460321
-1.387778
-1.957068
2.138039
0.839603
0.099484
0.282529
-0.199723
-0.125682
0.578198
-0.833727
-1.245440
-0.544536
0.972865
-0.155606
0.733988
0.502963
0.136705
0.614291
0.215410
0.321029
-0.449356
-0.052434
-1.226771
-0.270736
-0.419490
3.165581
-0.397484
0.160018
1.381004
0.816408
-0.289777
0.343712
-1.065414
-0.474059
-0.571060
0.216348
1.298524
-0.604158
0.095930
-0.676220
-1.391154
0.075900
-0.357166
-0.093239
-0.458735
1.119235
0.073649
-1.547631
-0.774723
-1.470591
-2.109864
-0.788103
0.659173
-0.835647
-1.589396
-0.128400
-0.521646
-0.553291
0.466734
-0.825111
0.949296
-1.548637
1.330921
-0.318312
-0.153514
-1.250857
2.233390
0.731582
-0.106907
0.565885
-0.419793
-1.257233
-1.226987
1.496743
-0.060170
0.042091
1.445251
-1.807414
-0.176389
-0.438100
0.454137
1.191241
-0.399421
1.074569
-0.473287
0.713264
0.971774
-1.002012
-0.202124
-1.206096
-0.443643
0.514074
1.546141
1.587800
0.064660
-0.105967
0.176660
1.303091
0.067616
0.772766
-0.197931
-0.129460
-0.356472
0.546562
-0.032825
1.579701
-0.105586
0.940753
-1.286751
1.667967
-0.767506
-0.309165
-0.763239
0.267437
-0.138403
-0.731254
0.326257
0.871711
1.266318
-0.531638
0.973052
-0.645528
0.334477
-1.170140
0.971636
-0.597737
-0.853431
-0.194822
0.437000
-1.826233
-2.309975
-1.226389
-0.611750
0.620263
-0.573376
1.141408
-0.729219
-0.589198
1.540306
-2.560785
0.465421
0.343804
1.358186
-0.482492
-0.366075
-0.511118
0.025021
-2.230064
0.469636
-0.647687
-0.008188
-0.615190
-1.496960
1.151056
2.519893
-0.214759
0.681333
-0.064029
1.355868
-0.531702
-0.284500
0.727089
-0.069286
-0.775010
0.530796
-1.035829
0.077530
0.848830
-0.333338
-0.619771
-0.785345
-0.480200
-0.028877
-1.110602
-0.110588
-1.525444
0.584837
1.199027
-1.094504
0.804863
-0.448984
0.262080
-0.877040
1.891837
-0.679573
1.596031
0.399193
0.707482
0.436443
-0.689637
0.257937
1.491506
-0.418323
0.265411
0.443827
1.010557
0.781965
-0.520122
-1.247718
0.591757
-0.393458
0.124131
-0.371014
-0.842898
-0.297737
-1.523496
0.879532
1.358478
2.192171
-0.985114
-0.046192
1.235376
-0.080274
-0.295873
0.126765
1.578738
0.011304
-0.430480
-2.104153
0.750550
-1.301824
0.369024
-1.360865
-0.981051
-0.424709
0.539607
0.731381
-0.227813
-0.414319
-0.313515
0.428737
1.273155
0.693844
0.630217
0.256313
0.694623
0.614428
0.253175
-0.264458
0.823955
-0.321084
-0.552281
0.871547
-0.784483
-0.055779
-0.885627
0.171081
1.263886
-0.610796
0.515484
1.364241
0.522036
1.055847
1.791508
-0.342681
0.219917
0.849008
1.366147
0.182177
-0.581803
0.150224
-1.838953
-0.547870
0.091215
0.268515
-1.557628
-0.826578
-0.590134
1.887522
0.327820
1.351285
0.416399
-1.170677
1.972522
-1.372566
-0.664736
-0.563789
-1.314477
0.573692
0.538808
-0.522216
-0.698278
-0.482576
1.859412
0.808179
0.673081
2.350487
-1.327390
-0.257863
1.500104
-0.574044
-0.772115
1.620692
-0.308120
-0.668265
0.916213
-0.529067
-1.398140
0.269590
0.079527
-2.430953
0.802630
0.875825
1.129791
-0.771643
0.721825
1.054047
0.566352
0.310531
-0.243475
0.280940
-0.545001
-1.991053
0.482887
0.185345
-0.985808
0.553557
-1.193762
-0.931473
1.439468
-1.863772
-1.131730
0.908967
1.185773
0.947742
0.955687
0.138265
0.867491
0.358873
0.770122
-0.182298
-0.343037
0.017432
-0.843966
-0.797650
-0.261546
-0.068675
1.013115
0.877455
-0.881732
0.067418
0.337532
-0.142221
1.228461
1.402587
1.289134
-0.692319
1.417975
-0.911644
0.562043
0.318738
-0.226704
-0.013163
-0.413013
0.995474
0.247666
-0.723805
-1.853931
-0.030383
-0.123555
0.540983
-0.550867
-1.055713
-1.064360
1.427168
-0.115751
-0.073935
0.891764
0.103929
1.763697
0.427318
-0.076139
0.021296
-0.802332
0.232368
-1.155067
2.102398
0.405672
-0.425677
-0.525629
2.604574
-2.197164
-1.241072
-0.795145
-0.106998
-0.841449
-0.671517
0.970462
-0.118892
0.324791
-1.142108
0.621001
0.419202
1.223196
1.258807
0.892435
0.523127
-0.670948
-0.049159
-1.207222
1.184911
1.174508
1.163144
0.771394
0.515305
-2.356924
-0.050685
0.670703
0.212551
-1.036843
0.420233
1.450273
1.125279
0.215539
-0.394932
0.346296
0.098657
1.004237
-0.221682
0.435441
0.766358
-0.071185
0.203422
-2.293391
-1.674800
-0.495606
0.273129
0.411788
-0.510563
-0.485225
-1.123194
0.118634
1.300891
1.082129
-0.598880
0.271911
0.927565
-0.517661
-0.903590
-2.032333
0.239833
1.148945
1.680706
0.061446
-1.939850
0.669102
1.203718
0.956418
-1.797067
0.574018
-0.259720
0.000988
0.704695
1.221467
1.683642
0.347337
-0.665237
-0.030099
0.055238
-0.784866
0.287371
0.213305
-0.668559
0.010254
0.327271
-1.112232
0.663055
-0.768499
-0.433162
0.159089
0.930710
0.664579
-1.170137
-0.029243
0.447385
-0.029926
-0.877962
-0.527523
-0.630588
0.425001
-1.113972
0.583859
1.431949
0.900529
-0.554628
-0.069507
-1.214110
0.606214
0.969570
0.251871
-0.281337
1.651929
0.476133
-0.398915
1.519416
2.037082
0.248813
0.153383
1.498189
0.359087
1.003850
1.186993
-0.204918
0.126476
0.383063
0.141950
-0.206765
0.668413
1.026704
-1.362238
-1.214187
0.432293
-0.151531
-0.454958
0.636946
0.756291
-0.449994
0.178243
-0.674923
-0.716690
0.027870
1.414243
-1.304787
-1.289814
0.225498
1.613415
-0.297402
0.805169
-0.018951
-0.499468
-1.130179
0.687617
0.138132
-1.344809
2.325963
0.218076
0.290481
-0.893436
0.483068
0.242353
0.017559
-0.018497
0.116601
0.990023
1.834168
-0.476855
1.384043
2.097758
-0.291459
0.526914
1.527058
1.860383
0.396725
1.834927
0.482481
0.341347
-0.463775
0.817417
-1.482677
0.577791
2.089742
0.534399
-0.824781
-0.905396
2.195280
-0.270089
-0.031162
-1.488125
-0.542088
1.865610
0.249118
-1.270615
-0.913921
0.428376
1.711119
-1.384450
0.716881
1.026940
-1.482740
-2.901621
0.098234
-1.242660
-1.066586
0.982102
0.208500
0.534658
0.208279
-1.443263
-0.801756
-1.824449
2.350695
0.599492
0.435739
0.241231
0.584200
-1.871383
-0.538739
0.750412
0.446637
1.205089
-0.466116
0.076722
-0.658889
-0.094846
0.524101
0.207170
0.384123
0.397090
-0.595034
-1.901399
-0.959924
-0.002559
1.259316
0.119788
1.069413
-1.810091
2.083399
-0.671966
-1.162621
1.738084
0.306253
-2.368689
-0.527088
-1.151075
0.021647
1.365955
0.287548
1.481420
1.008124
0.415051
-0.587487
0.622081
-0.689359
-1.614169
0.424202
-0.752058
0.828497
0.306175
-0.232675
0.420765
0.297802
-1.295505
1.813983
-2.159275
0.548735
-0.071394
-1.245568
0.252265
-0.480193
-0.848844
1.052751
0.256389
0.285907
1.155090
0.833960
-1.042510
-0.026225
-0.010070
0.780109
-0.583392
2.009370
0.498814
-0.990026
1.690996
-0.807043
-0.247094
0.263661
-1.664253
-0.148590
1.401757
-0.213919
-1.992630
0.397164
2.558488
0.481965
-1.448676
0.282054
-1.029693
0.552605
0.703551
1.106578
-1.604397
-0.519589
1.253489
-0.155323
1.011204
1.948720
-1.199951
0.210590
-0.357004
0.500526
-1.357025
2.080154
-0.052084
-1.031020
1.198088
0.613265
0.266847
0.352361
-0.550015
0.703051
0.234039
0.053501
-1.080487
0.174114
-0.523398
1.584161
2.652324
-0.509974
0.131658
1.235674
1.547314
-1.220093
-1.332944
-0.867208
-0.112891
0.730164
0.544066
1.582345
0.374618
1.176397
1.300494
-0.989975
-0.671425
0.327970
-0.662045
0.444693
-1.718205
1.991312
0.550777
-2.143643
-0.646976
-0.728268
0.858903
0.819659
-0.453857
1.113221
-1.132851
0.763032
-1.608805
0.787588
-0.468783
-1.646455
-1.558677
0.547346
0.341879
-0.837952
-0.437241
0.325386
-1.250134
0.645461
0.290528
1.356514
1.212951
1.450735
-0.873427
-0.871227
-0.570526
1.152004
1.396079
1.259622
2.073787
-0.852229
-0.029745
-1.711081
0.036883
-2.686399
0.860019
0.529293
-0.699810
0.278370
0.475005
1.933109
0.514484
2.227964
-0.219729
1.241028
0.078111
0.253089
0.654521
-0.926567
-1.487428
0.831899
0.091561
-1.149236
-1.991682
0.643139
-1.579429
-0.729963
1.361018
-0.343639
0.480485
0.624328
1.170883
-2.057665
-0.317003
-0.078381
-1.213604
-0.740666
0.036563
1.797530
0.975114
-0.086526
0.891538
0.168565
0.251217
0.899459
1.495427
-0.247536
-0.938757
1.101316
0.278514
1.192825
0.491647
1.151383
1.489628
-0.584031
0.777415
0.972473
-1.818214
1.102823
-0.692745
0.264423
-0.910613
0.296226
0.011168
0.582967
0.779315
-0.374263
-0.967890
0.365257
-0.380817
-0.347806
-0.954802
-0.868844
1.264381
-1.208425
1.460205
1.948772
-0.639232
1.110626
1.557398
-0.292209
-0.703915
0.837012
-0.894821
-0.161465
0.098494
0.105495
-0.957324
-0.788950
1.840740
1.099919
1.161319
-0.555853
0.572841
0.519339
-1.921994
-1.165005
-0.447272
-0.839492
1.146402
1.641263
-0.445337
-0.993225
0.901648
1.603705
-1.023356
0.960114
-0.857527
0.065313
2.008081
-1.942685
-1.174195
-1.244608
0.667138
0.322267
-0.654608
2.175346
0.873532
0.606516
0.128366
0.434378
1.752061
0.446072
-1.162635
-1.774797
0.651232
-0.551773
0.210350
-0.489855
0.754863
-1.631159
0.727777
1.783038
-1.257480
-1.413192
-0.145992
-1.944340
-2.060332
-0.501658
-1.145374
0.847761
1.046708
0.973287
-0.360408
0.165717
-0.417008
1.771063
-0.323647
-2.247674
-0.794130
-0.716775
-0.487246
-1.695589
0.109525
1.038914
-1.131245
0.470244
-1.163810
-1.084491
1.311541
-1.371366
0.285661
1.503754
-1.312933
-0.660600
-1.427061
1.054511
0.201076
-2.478288
0.619029
-0.054994
0.483448
0.362233
1.982150
-1.336253
-0.411475
0.755764
2.102206
-1.368559
-0.259911
-0.052221
-1.005188
0.500497
0.756772
-0.160547
-0.171245
-0.319945
0.442869
-0.249125
-1.668109
-0.926829
0.868247
0.486428
0.495754
-0.329962
1.137537
-0.385299
-1.949985
1.455371
-0.495834
1.712676
-0.553135
0.959685
1.357414
0.491412
0.966092
0.757696
0.940494
-0.281411
1.214220
1.247552
1.151857
-0.082612
-1.680970
1.540410
-0.736055
-1.320463
-0.889336
0.741099
-0.231364
0.056622
-0.429406
0.150356
-0.470572
1.328781
-0.913314
0.158646
-1.385312
1.533179
1.537955
1.191768
-1.611942
-0.725197
0.733191
0.024630
-0.515812
-1.589334
-1.130463
0.138236
0.883207
1.523593
3.981805
-1.479597
-0.144071
1.483694
-1.335352
1.412282
0.074212
0.085425
0.024958
-2.522026
-1.726548
-1.705512
1.401799
-0.501695
0.450037
-0.862712
-1.507288
0.281073
-0.849147
1.291678
-1.209689
-1.775300
2.027876
0.097867
1.278988
0.339532
1.559264
0.329452
0.716131
0.054144
-1.829996
0.348241
-0.094128
1.385013
0.286312
-0.454630
-1.999296
-0.208564
0.195881
-1.543563
1.428896
-0.898737
1.410514
-1.385254
-0.258497
-0.749904
-1.906328
-1.236437
-0.419935
-0.491600
0.862000
-0.680795
-0.444608
-0.653709
1.205448
0.626292
-0.203757
-0.923042
1.060525
0.642226
-0.162588
1.082490
0.074358
0.365502
-0.550251
-0.011270
0.918737
0.055831
-2.141323
1.545542
-0.718973
-0.459997
0.807750
0.828143
-0.485572
0.023665
0.551818
1.223652
-0.714814
0.207977
-1.147374
-1.273234
0.545444
-0.795332
-0.148311
0.467696
-0.204965
0.081714
-0.485966
-2.762240
-0.085669
-0.286314
0.279941
1.649840
-0.670467
0.980214
-0.643034
-0.397115
1.743122
-1.568501
1.052020
0.738854
1.614326
-0.864161
-0.420769
-0.713314
1.834703
-0.151448
-0.762392
0.672913
-1.214094
1.278248
-1.005428
-0.985175
-1.229869
0.323312
0.441674
-1.158747
0.216327
0.783977
0.930888
0.314201
-2.312846
1.932699
0.116087
1.548855
-0.101205
-0.775057
1.215738
-0.053879
1.154133
-0.686835
-0.968560
-0.760764
0.150795
-1.310568
-1.237516
0.049239
-0.472586
-0.925740
1.026436
0.326337
-0.152717
0.536464
1.202468
-0.753952
1.023468
0.884971
-0.074297
-0.541848
0.788746
-1.148841
-0.193365
0.007490
0.417098
0.746285
1.557633
0.651407
0.200924
-0.204527
1.362299
0.185026
-1.142940
0.408994
1.467701
-0.721372
0.309104
-0.021199
0.289641
-1.526810
-1.304724
0.484835
-1.879530
-0.996903
1.581265
-1.477881
0.802611
0.893005
1.001320
0.010710
-0.480786
-0.559023
1.115557
-0.448232
-1.548696
-1.549077
0.906991
0.597428
-1.142821
-0.539698
2.165916
-0.524366
0.225036
0.212421
0.924465
0.399592
1.885504
-1.686641
-1.184501
0.186990
0.130086
-0.289003
-0.387875
-1.276264
-0.835062
-0.690809
1.348964
-0.724843
0.124800
-0.916972
0.345529
-0.366065
-2.887732
0.106853
1.721863
-0.183337
1.875882
1.042618
-0.434120
0.820910
-0.085786
1.379774
0.936048
0.447167
-2.423854
-1.644297
-0.087166
1.596068
-0.817364
0.168669
0.446196
-1.757861
0.649182
-0.859852
0.680988
-0.929837
0.919645
-1.108727
-0.392743
-0.581251
-1.656495
-0.778890
0.041831
-1.173036
-0.830585
1.581474
0.617445
0.589088
-1.511651
0.505282
0.320406
-0.868599
-0.655228
0.733233
1.882490
-0.154290
-1.621739
-0.734930
-1.359485
-0.072202
-1.020227
-1.896508
0.983548
0.204219
-0.512995
0.385611
-1.359343
-2.061885
0.247734
0.440593
0.598076
-1.865244
0.330426
-1.744302
0.543282
-0.740240
2.048452
0.567365
0.744362
0.192358
-0.830978
-0.321602
0.048423
-1.121966
-0.382786
-0.324640
-2.115783
0.029998
1.641341
0.189791
0.227652
-0.725934
0.138027
-0.817723
0.496233
-0.529871
-0.573544
0.573116
1.899330
1.963353
0.866908
1.665628
1.216186
0.560748
0.623213
1.758224
-0.486968
0.793760
0.900336
-0.563209
-0.359377
-0.570437
0.616947
-1.306515
0.414517
-0.103116
-0.097478
0.177637
1.768901
0.614262
0.745247
1.028303
1.566730
0.363879
-0.036229
1.016338
1.303023
-0.045448
-0.783430
0.116811
-0.696339
-0.507872
0.312576
1.031920
0.628573
-0.472000
1.161624
-0.735280
2.535839
-0.141001
0.046772
0.474633
0.848803
1.154908
1.418751
0.562517
0.144120
0.439390
1.338310
-0.880282
-1.073459
-2.238606
-1.077204
-0.799325
-0.335705
-0.725542
0.871199
-0.526020
0.080276
-0.329109
-1.592160
0.844246
0.190588
-2.007961
0.255837
-0.328754
-1.627524
-1.018168
-0.625531
-0.546788
0.606516
0.449970
0.227883
0.602024
0.885945
2.338232
-1.753118
-0.170257
-0.053936
-1.106647
-1.021082
-0.367788
1.507478
0.028800
0.488875
1.801675
-0.235338
0.033474
-0.860726
0.663411
0.429871
-0.290229
-0.857408
-0.621336
0.037341
0.039287
-0.265304
0.313029
0.292842
0.520347
0.681308
-1.437227
-1.057081
1.440046
0.465737
1.910599
0.264326
0.226647
-0.148614
1.889152
1.431088
-0.289308
-0.424425
2.190102
0.522592
-0.547006
-1.388117
-0.118023
-0.105569
-1.645335
-0.538867
-0.337106
0.492324
-1.362396
1.553609
0.641125
-1.345862
0.441617
-1.444845
-0.982976
0.923714
1.529357
2.622141
0.157877
0.089470
-2.387488
1.818846
0.483894
-1.163630
-0.839203
-0.780354
-0.790457
-0.137480
0.267820
0.971083
1.290609
0.017977
1.590012
-0.764924
0.821322
0.108036
0.213501
-0.615985
-1.207356
-0.322184
-0.993392
0.108749
-1.104837
-0.447686
-0.049776
-0.191582
1.594792
0.291982
0.350340
-0.561331
0.970226
-0.696604
-0.785300
1.088972
-0.770390
-0.300141
0.715767
0.187845
1.748147
0.787606
-1.058675
-0.484333
-1.374975
1.401590
-0.920311
-0.263669
-0.210340
1.254336
0.682547
-0.659676
1.535881
0.350739
1.833475
1.290478
1.955024
0.586013
0.195364
-1.935811
-0.005874
1.849313
-0.576364
-0.153461
0.547345
-1.076343
-0.257831
0.045233
-0.227422
2.514076
0.509576
1.457877
1.119345
-0.214495
0.474441
-0.469889
0.579595
2.280989
-0.016088
-0.632009
0.804562
1.223901
0.361823
-0.015166
0.995763
0.108563
0.949040
1.159664
-0.922427
0.698664
1.918430
0.579101
0.354353
0.479017
2.718543
-0.370409
-0.655746
-0.281663
-1.645492
0.068500
-0.105047
1.200183
0.262003
0.893921
1.315363
0.143170
1.694538
-1.309029
1.236685
0.309594
0.103437
0.422714
-2.832016
-0.192873
-0.353559
-2.074129
-2.111884
0.228214
0.904195
-1.025368
-0.180666
0.415454
0.701025
0.383088
-0.922997
-1.381720
-0.006563
-0.147064
-1.657071
-0.615558
-0.506819
1.488600
-1.126397
-0.254887
0.877880
-0.235202
-1.251580
1.401685
1.652661
-0.118774
-0.309129
0.924443
0.040796
-1.772868
-0.794754
-0.158012
-1.663018
2.357470
-0.420986
-0.517459
-0.939687
-0.135418
-0.059454
1.268919
0.340537
-1.439747
0.485821
0.825499
-2.651782
-0.072061
0.421975
0.500943
-0.089234
0.695140
0.191054
-1.982979
1.182421
-2.306280
0.346705
-0.240340
-0.560557
-1.918884
0.478337
1.043320
0.308150
-0.687018
0.428611
1.622929
-0.315801
-0.663310
0.560605
0.134940
-1.180438
0.219136
-0.787181
2.037776
0.743684
-0.619199
0.165042
-0.511675
-0.384324
-0.007468
-0.849958
-1.763638
1.251650
0.620292
0.019741
-0.104360
0.215554
-0.332122
-1.261384
0.196200
-0.414356
-0.319694
0.782267
-1.199292
0.416858
-1.801362
-0.584310
-0.303921
0.306436
-0.820647
1.398069
0.063267
-0.311343
1.402071
1.481378
-0.003289
0.687113
-0.280039
0.557853
0.224408
-0.064881
-0.798055
-0.776440
-0.688376
-0.221837
-1.997427
-0.826541
-0.166430
0.014577
-0.494124
0.583450
0.329619
-0.061696
1.285497
0.112013
-0.920739
2.253300
0.083503
0.267306
0.331470
-0.780463
0.787702
1.149067
1.789815
-1.164809
-1.163883
-0.304953
0.538336
-1.269505
-1.111193
-0.957347
-0.003920
-1.154329
0.727382
0.892501
1.140317
-0.558579
0.373195
0.443203
0.813888
-0.752565
-2.086173
0.785073
-1.029205
-1.358739
0.060544
0.885464
-2.137222
0.258083
-0.812516
1.299396
0.306079
0.068272
0.665731
2.130794
-0.381435
0.402919
0.736217
0.667304
0.189897
0.947718
0.261307
-0.017297
-0.254082
-0.586140
0.391585
0.946836
-0.281529
-1.309947
-2.276383
-2.781984
-1.751878
0.396827
-0.300624
-0.812076
-0.098469
1.282845
-1.867163
1.252773
0.092771
-0.655556
-0.793897
-0.344378
-0.294833
-0.614678
-0.143968
-0.947743
0.462892
1.440922
-1.113578
0.103716
1.940472
-0.201760
0.400814
0.952619
0.926502
0.078209
1.112131
2.189850
0.629425
-0.353795
-1.157534
1.767401
-0.168029
0.555052
-0.034745
0.466901
-0.671562
-0.062431
0.947627
0.424607
-0.368497
-0.217851
-1.960368
-0.456114
-1.107989
-0.079273
1.279724
-0.890403
0.557570
0.463450
0.323320
-0.510930
-0.593207
0.479041
1.537896
0.344798
-0.028298
-1.082745
-2.328722
0.975193
-0.766314
-0.515760
-1.007656
1.218517
-0.484922
0.188398
0.662955
-1.955584
-1.285905
0.214406
-0.584011
0.084206
1.230674
0.480894
-0.280905
-1.223989
1.271098
0.345908
0.386770
0.972003
1.065467
0.289947
0.521892
-0.328681
-1.460762
0.172578
0.906590
-0.145880
0.585588
-1.030676
-0.808034
0.976616
0.398546
-0.931779
0.637148
0.020339
2.246585
0.390406
-0.963098
0.915737
0.222834
1.651433
-1.202652
-0.614567
1.245809
0.176130
0.257764
0.620285
-0.993147
1.523590
0.318199
0.100337
1.086734
-1.327528
-0.962904
-1.801907
-0.416859
-0.692302
-0.576578
0.703927
0.135410
0.560466
-0.097572
-0.345819
-0.166607
0.311763
0.869475
0.474759
0.460945
-2.486141
-0.678252
0.032852
1.560500
-2.431320
1.609213
0.564272
0.955184
-1.331720
0.677518
-0.885833
0.684646
-0.061596
-1.974661
-0.274207
0.114811
-0.927980
-0.792564
1.722007
-0.907621
0.251430
-0.409365
1.369942
1.702135
0.523648
-0.367800
-0.504826
-0.593709
-0.135132
0.295509
-0.054491
1.525603
1.614472
0.564843
0.248866
1.263491
0.935092
-1.712973
-0.282287
-0.185065
0.237452
-1.200595
-1.159634
-0.936574
1.078087
0.277164
-0.250255
1.024115
-1.306159
0.121783
0.060192
1.085464
1.039214
-1.661390
-0.717574
-0.524473
-0.981183
0.074018
-1.713595
0.357809
-0.507879
-1.118121
-1.570783
-0.271534
-0.213441
0.529844
-0.140579
0.604407
1.104000
-1.636107
2.781296
-1.236345
-0.462955
0.900563
-0.956758
1.290422
1.379628
-0.498111
0.472995
1.515233
-1.016020
-0.207519
-0.228918
-0.522329
-0.729079
-1.981368
0.187693
0.983186
-0.110833
1.072503
-0.339557
0.768995
-0.220894
-1.254626
-0.487616
0.503165
0.215116
-0.059359
-0.277282
-0.388014
0.198785
-1.897384
-0.698770
-1.360754
-0.207487
-1.765066
-0.152911
-1.353128
-0.252045
-1.361649
-0.503796
0.741485
0.008645
-0.663881
-0.393404
1.509855
0.355005
-0.630921
-0.894941
-0.947826
1.573092
1.163639
0.391472
-2.389905
0.593649
-0.599806
-1.416738
0.492407
0.887713
0.187138
0.083633
1.203954
-0.359611
-0.799426
0.612145
0.667691
0.020295
-0.378641
0.746865
-1.437451
0.105374
1.163808
0.935008
0.397481
-0.853243
0.482654
0.448456
-1.088563
-0.068842
-1.425222
0.513511
0.032986
1.103105
0.217681
1.240237
-0.485673
-0.001224
0.917015
0.961890
0.157297
-0.381567
1.769441
-1.446085
1.180168
0.190324
-1.011968
0.166561
1.973919
1.307453
0.122938
0.542609
1.022003
1.123479
-1.174167
0.396938
-0.362410
0.745606
-0.071817
0.785392
0.774794
-0.743761
0.304165
1.431185
-0.213159
-0.779547
-1.338898
-1.396471
-1.483319
0.236167
0.156659
0.133704
1.365722
-0.484274
-2.437336
0.736327
-1.482582
0.028674
-0.352964
-2.044825
-0.476321
1.286709
0.825086
-0.385386
0.371823
0.423827
-0.305204
-0.356628
0.291856
0.470213
1.320429
2.052575
0.793473
-0.472993
0.498787
-0.468244
-0.585943
-0.853022
1.430645
1.315231
0.439270
-0.930036
2.306485
-2.029234
-0.167412
-0.545430
-0.997126
0.027366
1.985978
-0.319405
-0.402309
0.476977
-0.949698
-0.377529
-0.950185
0.971481
1.284336
-0.824027
-0.758404
0.571551
-0.141209
0.279264
0.046713
0.432347
1.573963
-0.933213
-0.475696
-0.349235
0.614154
0.333843
-2.453919
-0.872171
1.275705
1.619774
-1.699760
-1.155675
-0.858901
1.330491
0.047101
-0.615592
1.133609
0.250320
-0.797708
-0.960971
0.330890
0.047376
1.316428
-0.850550
-0.603662
-0.471544
0.481769
0.303481
1.229954
0.366074
-1.115903
-0.181298
-2.821214
0.732294
-0.420264
1.078239
0.016057
-0.824444
1.339020
2.096080
0.669575
0.119670
-1.016107
-0.959487
-1.320669
-0.888915
0.808876
-1.338249
-0.381670
1.016258
-0.715489
-0.621706
-0.395019
-0.315061
-2.179758
2.444952
-0.975241
-0.178260
-1.043147
-0.228153
-1.054616
-0.846502
-0.515056
0.409930
-0.665890
-1.339442
-0.583051
-2.004223
-0.040780
0.914849
-0.357907
1.602981
0.103835
-1.316234
0.518884
1.609619
0.536480
1.090991
-1.177361
0.610102
-0.356290
0.220622
0.606657
-1.607883
-2.151408
1.458036
-1.332991
-1.669645
0.241691
0.042233
-0.646886
-0.619642
0.456722
-0.520588
1.977601
1.254593
1.177980
-1.065747
0.550809
-1.766041
0.380243
1.242759
-1.055138
1.063545
-0.315311
-0.814180
1.187640
-1.087231
2.610073
-1.122274
1.149351
0.867146
-1.431851
0.787905
-0.364647
0.044424
-0.083834
0.686730
1.156126
1.433868
-0.643980
-0.510040
-0.226521
1.278819
0.155645
-0.143993
-1.233758
0.901289
0.989196
-1.020077
1.392658
0.504949
0.556303
2.306524
0.059192
1.947299
1.036546
-0.132940
-0.056198
0.685759
0.839052
-0.869165
-0.440533
-0.292672
0.028405
-0.186653
-0.410742
0.906112
3.646608
1.840094
3.107229
0.374582
-0.363571
-1.910775
-0.733706
-0.625999
0.845666
0.178226
-0.638207
1.739428
0.302611
0.755022
-0.273284
0.005136
-0.948308
0.760882
2.826690
-0.750119
-0.193813
0.355242
-0.446382
-0.459107
-2.057425
0.164198
0.520376
0.851357
-0.595242
-1.067191
0.490853
-0.628422
-1.808697
-1.022288
-1.207830
-0.024740
-1.687021
-0.089537
0.153296
0.486900
-1.441453
0.501195
0.132741
-0.932180
1.897569
1.262082
0.716993
-1.337255
1.074782
-1.411870
1.118614
-0.266281
-1.176942
0.158466
0.357380
0.460653
-0.759161
1.786453
-0.456948
-0.217733
0.526356
1.084574
-0.935299
1.716530
-1.187940
0.644403
0.609394
1.393646
-0.917214
-1.267103
-0.470756
1.063290
-0.154264
0.280104
0.141213
1.112657
0.256299
0.539342
0.082037
0.213269
-0.163253
0.175339
-0.905357
-0.916492
-0.726116
-1.086200
-0.628480
-0.129187
0.046410
-0.274737
0.884014
-0.515965
1.463467
-2.072179
0.853244
0.824851
-0.366170
1.415000
1.797419
0.213006
0.348099
-0.238506
-1.177594
-0.818054
-0.092278
-0.773114
0.264570
1.001463
-0.543542
-0.487232
-0.359376
-0.726387
-0.767107
-0.248325
-0.767033
-0.904201
0.202472
-1.431646
0.403857
-2.184767
1.457283
-1.122684
0.113386
0.953890
-0.131451
0.026094
0.633485
-0.269087
1.148662
-0.600223
-1.371138
-1.148516
-0.624786
-0.301597
1.065242
-0.922486
0.034779
0.268427
-2.813550
0.704831
0.505046
1.961319
1.351359
0.463136
-0.151526
-0.873073
-0.393805
1.542705
-1.920411
0.246886
-0.864526
1.602661
-0.437886
-0.030405
-0.052043
0.806022
2.077498
0.973726
0.611836
-0.046722
0.735264
-1.382846
-1.131409
0.349384
-0.649688
0.994677
-0.047179
-1.105094
0.162473
0.917808
0.438637
0.121310
0.174320
1.355974
0.443392
-2.054829
0.072493
-1.430773
-0.172763
-0.423129
-1.007232
-1.530597
-0.610044
-0.906254
0.641968
-0.575849
0.797721
-0.854677
0.444425
0.460740
1.427465
1.445351
0.015513
0.030247
0.007790
-0.945682
1.968291
-0.984454
1.990333
-0.960952
1.781307
0.502070
0.994930
1.787515
0.033516
0.119857
-0.654244
0.637002
0.871304
-1.386025
-0.056306
-0.503491
-1.613146
0.221097
0.089486
-0.037207
0.034235
-0.664790
-0.526790
-0.658795
1.651317
-1.017601
-0.265993
-1.578854
-0.061614
0.798398
-0.249175
-1.044343
0.508440
0.519329
1.516296
-0.026625
-0.607917
-0.701024
-1.016983
0.250096
-1.278945
1.510275
-0.242735
-0.327735
-0.859541
-0.487235
-1.238984
1.018340
-0.469858
0.368551
0.132193
0.376935
1.242701
0.433147
0.312735
0.501427
2.228725
1.555484
0.048351
-1.711170
0.253708
-0.066245
-0.756649
0.527235
1.122881
0.911601
0.202431
-1.138624
1.630847
-0.220964
-0.266440
-0.128235
-0.062856
0.268171
-0.061967
-0.944136
-0.463075
-1.751303
-0.466700
-1.211048
-0.407573
-0.840483
0.961158
-0.682138
-0.145320
-2.247435
-0.342123
1.816715
-2.133767
-0.452510
-1.456539
1.062438
0.199144
1.141518
-2.311054
-1.478155
-0.781234
-0.359147
-0.179179
-0.996520
1.954813
-0.636434
-0.033677
-0.014846
0.413282
-0.899710
-0.272566
-0.698225
0.062736
-1.049595
-1.372230
0.056420
-0.220082
-1.443581
0.366191
-0.709430
0.330376
-0.518333
0.140640
-0.687547
-1.170520
1.230276
1.114700
-1.136085
-0.686818
0.188745
1.422799
0.089294
-0.746662
-0.370245
2.058213
-0.729677
-0.850017
0.487733
0.648035
-0.047338
0.589252
-1.428882
-0.123480
-0.791778
-0.099146
1.164351
-0.628225
0.083256
-0.781101
-1.486595
0.302444
-0.809084
-1.338132
-0.119712
0.157665
2.174630
1.080978
1.730102
-0.752646
-0.188612
1.218561
-0.768419
-1.007285
0.759837
-1.827802
-0.301775
0.192722
0.742300
-1.222804
0.487369
1.859699
-1.335986
0.312658
0.642195
0.740472
-0.487133
-0.404701
-2.508927
2.257449
-0.644195
-0.782391
-1.061378
0.432275
0.470968
0.972473
0.365074
-1.147957
-0.530785
0.468326
0.582623
0.190769
-1.444399
0.456740
1.690518
-0.910839
0.042416
-0.337475
1.125529
-0.330233
-1.800803
-0.932778
0.340811
0.162043
-0.878796
0.535626
-1.139669
-0.660706
-2.632811
0.749329
0.974114
1.212655
0.303191
2.040230
-0.338183
0.248716
0.609791
1.063616
0.525880
-0.220535
0.652129
1.266500
-2.667653
0.805974
1.313794
-1.550816
-1.084891
-1.617408
0.698928
-0.370964
-0.198085
-0.140527
0.844750
-0.857625
0.562900
1.530871
0.370719
-1.542710
0.816111
1.891902
1.352490
0.930787
-0.220471
-0.181546
-1.353344
0.033602
0.007358
0.715302
0.141854
2.078103
-0.693405
0.644854
-0.087213
0.728653
-0.035178
1.161713
0.684043
0.157285
-0.440124
-0.128904
1.041748
1.622221
0.374029
-0.351873
0.521715
-0.458308
-0.334158
-1.168357
-0.715507
-0.140530
0.115098
-0.434290
-1.756217
1.249426
-0.103971
1.080657
-0.098153
0.020852
-0.122470
0.030821
0.188202
-0.706852
1.059745
1.885184
1.743944
0.399211
-0.554036
-0.080400
-1.184545
-0.116546
0.708749
-0.927991
0.094813
0.468026
0.666238
2.258336
0.019946
-0.276765
-0.852864
-0.343965
-0.296672
0.297329
-0.598892
0.696211
-0.084450
-0.312079
-0.441169
1.708736
-1.688693
0.871114
0.729513
1.205678
-0.165886
0.208461
1.723436
-0.522450
-1.074138
0.320956
-0.295597
-0.398916
-0.829994
-0.202998
0.030709
0.530131
0.165848
-0.359204
1.832572
0.283936
0.575575
0.146626
2.108900
0.670681
0.830063
0.341455
1.192340
0.350094
0.017525
0.607949
0.961476
1.211068
0.387175
0.730910
0.965732
0.034388
0.116982
0.810219
-0.214240
-0.798182
2.152556
-0.297870
0.997136
-0.190125
-0.234782
-0.069737
0.497878
-0.677943
-0.453120
1.872271
0.121604
0.563943
-0.153241
1.336503
-0.515891
-1.780451
0.146899
0.938971
0.844836
0.211977
2.123077
-0.963349
0.453279
-0.090601
-0.918035
-0.708651
-0.601514
0.527308
0.608202
0.185983
0.744685
-0.528950
0.946934
-0.202419
-0.761758
0.468359
-0.758209
-0.430463
-1.219218
0.034029
0.274662
1.048383
-0.781928
-1.366699
-1.501432
0.391971
-0.713652
1.146052
1.692497
-0.273668
-0.060962
2.227118
0.230391
-0.906193
1.030235
-1.209395
-0.329044
0.278111
-0.379484
-2.175568
-1.528765
-0.032656
-0.256765
1.205215
0.902232
0.336808
-0.692487
-0.104372
1.089222
-0.118799
1.059937
-0.523062
-1.045427
0.588094
-1.257029
0.301315
-0.272109
-0.732469
-0.964428
-0.367150
-0.584198
0.214353
-0.265807
0.281324
1.109652
0.825406
0.066800
0.366735
-0.330946
1.832932
1.215804
-0.912977
-0.159120
0.618744
-0.375633
-1.113516
0.818726
0.209607
0.605640
-0.952562
-0.691379
0.210589
0.983535
-0.795235
-0.750558
0.780388
-1.213035
-0.465119
0.362529
-0.129193
0.890123
1.064484
-0.340912
1.009732
-1.391747
-0.098802
1.183239
0.399245
-0.074462
-1.175525
-1.321381
1.899202
0.090280
1.806348
-0.077347
0.983045
1.292426
1.055355
-0.216036
-0.055520
-1.086949
0.099762
0.111414
0.082656
2.499388
-0.463533
-0.823285
-0.401314
1.157830
-0.812358
0.077551
2.190542
0.799136
0.255216
1.511960
1.118637
-1.115286
-0.020357
-0.998767
-0.630576
-0.174087
1.737197
-2.331746
-0.359856
1.086713
-0.916428
-0.703649
-0.242760
0.684759
-0.525516
-0.867784
-2.444615
0.588816
-1.156052
1.771223
-0.031208
-0.972503
0.529078
1.184436
0.250340
-0.245420
1.237273
1.224833
0.042956
-0.199345
0.602269
-0.016984
-0.758727
-0.854443
-1.493748
0.261798
0.483518
-0.056520
0.416688
-0.071688
0.584844
0.047993
0.444074
0.512989
-1.151742
1.372938
1.348341
0.112565
1.572304
1.491337
-0.723067
0.361031
-1.229714
0.538161
-1.493904
1.516767
-0.699267
-0.168703
-0.385619
0.781583
-1.509289
1.554946
1.025015
-0.641987
-0.265938
1.091827
1.389760
1.616646
-0.958054
0.615039
0.006264
-0.760299
-2.532692
1.224675
0.378499
-1.523485
0.866912
-0.796722
1.011016
-1.691320
-0.113963
0.035890
0.242681
-0.072267
0.850829
1.749711
-0.168397
-0.408694
-0.036401
0.848932
-0.844302
0.246100
0.001490
-0.482675
1.416472
-0.334864
-1.628450
1.826386
-0.492791
1.365182
-0.235045
-0.286334
-0.441071
1.295379
-0.728335
-0.983678
-1.598219
1.094423
-0.825831
-0.317848
1.303850
-0.167547
0.810855
0.624457
1.705517
0.952348
-1.186036
-1.333181
-1.116008
0.641254
-1.433329
-0.923177
-0.615069
1.006834
0.934446
2.028183
-0.458754
0.573103
-0.129621
0.549783
0.238615
-0.929605
0.870992
0.610284
-0.344916
-1.085186
1.023058
-0.920508
-0.682650
-1.730841
0.419294
0.838920
-1.175099
1.743361
-1.026753
-0.023309
0.213924
3.017833
-1.466620
-1.457816
-0.136659
-1.428172
-1.696474
0.393693
0.471597
1.686281
0.728674
-1.095104
-0.175556
0.148788
1.573183
-0.736996
-0.847490
0.300801
-1.084151
0.922179
-0.159839
0.940185
-0.079116
-0.115370
0.545692
-0.560399
-0.504968
0.261555
-1.634446
-0.141673
-1.021962
0.880813
0.199649
-0.980905
-0.091485
-0.853557
0.870267
1.301300
0.784677
-0.563800
0.284754
-0.413691
-0.620343
-0.322827
0.741392
-2.233218
-0.265329
-0.172544
-0.752195
-0.778902
-2.212016
-0.104787
-0.811747
-0.629560
0.059064
-1.626769
1.430656
-1.532174
0.469050
-0.475170
0.084246
-1.266702
-1.752380
-0.710941
-0.081846
-0.303138
-0.619601
0.339927
-0.093682
0.619196
0.579802
1.611645
1.274713
-0.570103
-0.381154
0.766509
0.094161
-1.868574
0.522425
0.695036
0.114720
-0.512461
-1.011356
-0.354276
1.926746
-1.143309
0.299733
-0.752016
1.077575
0.104930
-1.206181
-0.963235
-1.686107
-0.900799
-0.293062
-0.085184
-0.577993
-1.047579
-1.003906
1.821973
-0.197839
-0.499289
-0.505753
0.795595
0.933701
-0.778108
-0.284151
0.371840
0.224037
0.913245
1.256571
-0.519624
-0.417680
-0.390965
0.726739
-0.931563
2.083712
-0.546412
-0.725227
0.763970
1.596775
-1.269267
0.977244
-1.088517
-0.586458
0.853408
-0.805108
-1.570544
-1.467534
-0.684810
-0.202479
-0.541987
-1.146816
-0.409493
-1.449727
0.247877
-0.542412
0.817179
-2.116036
1.016293
0.567001
1.697574
0.162694
0.818779
1.045035
0.636408
0.417984
-1.749978
0.468540
0.287530
0.974724
0.509289
1.658545
-0.034428
1.008332
1.653844
0.924355
-0.079192
1.217643
-0.107960
0.783334
1.300572
0.568659
-0.288326
1.679839
-0.498440
2.745718
-1.061327
0.155918
-0.758430
-0.089410
0.402858
-0.724566
-0.533099
-1.087636
-1.832918
0.867030
0.841062
0.890277
0.128697
-2.119230
2.156962
0.098211
-0.038522
0.532077
0.150367
0.245201
-0.016696
2.099231
-0.015655
1.036334
-0.458729
-0.460142
-0.399306
0.754650
-0.999250
-0.274434
-0.175970
-1.832663
-1.018465
-0.021908
1.313123
-1.218932
0.097386
-0.175733
-2.603933
0.360845
-0.517841
1.853480
0.552907
-0.821218
-0.126113
0.313288
1.837321
0.407153
0.954503
0.486705
-0.459236
-0.824974
-0.532378
-0.023239
0.219704
-0.743779
1.062836
-0.065467
-0.004955
0.394811
-1.756700
0.479333
-0.401777
0.083968
-2.138166
-0.437252
0.916904
1.311810
-0.215585
-0.720295
-2.105985
0.076038
-0.498689
1.508908
-0.366331
1.838002
1.199225
-1.105418
-1.179279
-0.559638
0.062010
-0.886433
0.415516
0.945728
-0.553835
-0.316110
0.496849
-0.066134
-0.876897
-1.085871
-0.210217
-0.216418
-0.682621
-0.031027
-0.013729
-1.543767
0.779183
-0.814542
-0.059760
0.699839
-0.863877
1.024904
1.451990
1.773398
0.163432
0.464982
1.633429
-0.424554
1.540710
-0.198606
-0.978003
-1.228205
-0.155340
1.090952
3.115137
-0.206723
-1.042983
0.710511
-1.190388
0.186494
2.192644
-1.143406
0.412222
-0.859723
-0.348272
-0.412908
0.191173
-0.149242
-0.205371
-0.396718
-0.441446
0.740208
-0.985958
0.834098
2.079230
0.110415
1.527870
-1.188801
-1.351543
0.401947
-0.558691
1.674429
0.600014
1.080235
-1.128972
0.558361
0.079395
-1.758504
-1.077020
-1.062019
0.772163
0.142621
-0.380021
-0.432572
-1.818922
-0.861468
-1.114580
-0.111448
-0.741851
-0.749593
0.849072
1.839982
-0.843189
0.792651
0.254627
-1.872671
0.009106
0.267254
0.329027
0.107465
1.739357
-0.061650
1.830490
-0.602194
1.019936
0.200197
-1.273531
-0.706641
-1.626298
0.768971
0.099925
-0.618476
1.289478
0.442082
0.517706
1.484150
-2.644497
-0.159751
-0.618498
-0.343274
1.026066
0.161669
-1.735733
-0.091472
-0.875498
1.215342
1.073524
1.411971
1.214457
0.876698
-0.374243
-1.726136
1.105700
0.255590
-0.099523
1.659988
0.330392
-1.089173
0.753233
-1.437968
-0.569372
0.196779
0.592700
0.289963
-0.301424
-0.227027
2.206211
0.404922
-1.669063
-0.400525
1.275950
-0.693931
0.811257
1.187734
1.602408
-0.827941
0.504629
0.587820
-0.901623
-0.942558
2.414306
0.898347
-0.585733
-0.507797
-0.144249
0.167785
1.529218
-1.579720
0.069141
-0.236869
-1.376356
-0.349290
2.783607
0.370331
2.722648
1.587085
0.819761
-0.528661
-0.245967
1.428596
-0.593636
-1.023266
-0.253833
0.467340
-1.825744
-1.562553
-1.436202
1.455424
1.291881
0.944380
-0.728866
0.180172
-1.514622
-0.795030
-0.143606
-0.109330
1.966987
0.814463
-1.317759
0.067268
-0.215662
-0.545347
0.038588
-0.118760
-0.274000
1.703030
1.125591
0.987910
-0.580293
2.395299
0.888104
-1.084751
-1.517589
-0.777853
-1.677612
2.770017
-0.825759
-1.141504
-0.007453
-0.972784
-0.914182
-0.368513
2.638199
-0.334621
-0.070860
-1.351839
-0.114474
-0.956096
-0.214421
0.094578
1.916602
0.005230
-1.644846
-0.162956
1.558542
-0.239359
1.496947
-0.902430
0.127752
1.300553
0.539137
1.148106
0.085183
0.093889
2.108892
-0.157705
-0.774683
-1.097444
0.911856
-1.407528
-0.288971
0.011307
-0.966705
0.277001
-0.034881
-1.476519
1.521118
-1.019676
0.225452
1.057445
-0.452769
0.444981
-1.006247
1.196582
0.230421
0.256839
-0.068387
1.401096
-0.426980
-0.250459
-0.457461
0.759735
-0.935694
-1.113269
-0.989166
1.652437
-0.286261
-1.003453
-0.109488
1.352131
0.904924
0.016014
1.079592
-0.207636
-0.597697
0.188123
0.899038
0.166473
0.228646
-0.149134
0.057456
0.566138
0.721018
0.754348
0.590741
-1.235154
-0.272362
1.198454
-1.928906
2.052106
-0.729645
-0.548154
-0.430829
-0.197282
-0.025076
0.717969
0.448700
1.248003
2.598628
-0.992021
-1.620708
0.588045
0.720757
0.067879
0.492614
0.286675
-0.504128
-2.135928
-1.238111
-0.151392
-0.568191
0.144781
0.704922
-2.924580
1.100615
-0.155828
0.668185
-0.174209
0.889661
-0.061150
-0.739326
-0.652583
0.624846
-0.079818
0.558243
0.689399
0.306679
-1.897298
1.593659
-0.096758
-0.483356
0.767930
1.095227
0.365257
-0.720452
-0.901673
-0.666544
0.650974
0.252570
0.311646
-0.397208
0.394554
-1.569753
-1.728717
1.054243
-0.011233
2.316826
-1.688266
2.382344
0.422921
-2.135069
-1.254084
-0.233761
1.278138
-0.205756
-1.632819
1.352531
-0.559078
2.587542
1.751985
0.124040
-0.331102
-0.274840
-0.861522
-0.329170
0.158288
-0.923642
-0.562218
-0.585062
-1.639162
0.257188
-0.388614
-1.233533
1.173172
1.664272
1.096034
-0.556212
1.183849
-1.646486
-1.270643
-0.906146
-0.871140
-0.991863
-0.013990
1.474333
-0.027724
1.510566
-1.671648
-1.860984
0.534564
-1.018904
1.147382
-0.694401
0.624031
-0.448224
-0.294695
1.002787
-0.709188
0.661640
0.363820
-1.421419
-0.721487
-1.386781
0.078540
-1.195526
-0.532504
-0.823958
0.127163
0.212885
-1.404220
0.948676
-0.922506
-0.847854
-1.044977
-1.540491
-1.017421
-1.090713
0.080593
2.944653
-0.888218
0.674926
-0.099298
1.066153
0.880860
0.159770
-0.212829
0.374775
-0.363763
0.915077
-0.172481
-0.762996
0.119111
-0.157803
0.297162
0.000598
0.749058
-2.922464
-1.665298
-0.894617
0.746961
-0.539450
-0.944842
-0.287164
0.703076
0.226502
1.548438
0.970619
0.031022
0.544166
2.251539
0.386525
0.903953
-0.417701
-0.800387
0.614270
-0.810859
1.228878
-0.203221
-0.255822
-1.929828
1.599802
0.574567
-0.028567
-1.189863
0.162709
-1.251441
0.242777
-1.423558
0.388230
0.914028
1.920633
-0.545951
2.001387
-0.989715
-0.002722
-1.949109
0.817133
-1.499687
1.808662
0.278380
1.707404
0.729857
0.527905
-0.498062
2.617662
-0.474897
-1.147809
-0.203206
-0.709307
-0.036851
1.276401
-0.492668
0.185642
0.359586
0.248903
1.237756
-0.687216
0.023896
0.135604
0.203551
1.400248
-1.257245
-1.669507
0.064533
-0.780087
-1.404918
-0.910852
0.247303
-0.232545
-1.105128
-0.715332
1.061699
-0.051319
0.212959
-0.776634
1.105394
2.837552
-0.432738
0.382379
-0.660957
-0.612076
-0.063050
0.671440
0.115482
0.261561
0.018817
0.683621
-0.823024
-0.246497
-0.064764
1.481603
1.464313
0.310391
-0.485654
0.549995
0.642860
1.121343
-0.135637
-0.204803
0.184744
-0.847947
0.352409
0.280652
-0.612921
1.436053
-0.714363
1.391707
0.405273
0.675169
0.545766
-0.533865
0.044133
-0.876992
-1.021746
1.095354
1.250035
-0.845740
2.668995
-1.495963
0.168100
-0.031884
0.442934
0.122471
1.739662
0.201335
0.253486
0.377851
2.244774
0.160517
1.319207
-0.043845
-0.604102
-1.880657
1.522457
-0.208522
-0.602721
-0.198818
1.878263
0.213867
0.159530
1.529488
-0.799660
2.068597
-1.007798
0.156129
-0.006623
-1.027703
-0.616227
0.246360
1.809524
-0.178408
0.902076
-0.048391
-1.264828
-0.743043
0.798519
-1.340937
0.740773
-1.499520
1.418240
-1.494777
-0.785073
0.124045
0.590971
-0.510670
-0.324283
0.376590
0.984924
0.602440
-0.633217
0.964065
1.090307
-2.802885
0.573567
-1.533873
0.798769
0.060337
-1.439692
0.829803
1.026613
0.067999
-0.038450
-0.611912
0.399307
0.464834
0.526006
0.253570
-0.422713
1.531947
-1.350777
-1.306666
-1.113893
-0.672507
-0.142828
0.257761
0.460985
0.803844
0.098198
1.286664
-0.349185
-1.005112
0.181326
0.113273
-1.340724
-0.851595
1.367631
-0.597374
-0.167413
-0.234109
-0.717369
-1.962204
0.990517
-0.080462
-0.662043
0.548099
-1.882863
0.473465
0.607347
0.706487
0.481143
1.149529
-1.147714
-0.142142
-0.340030
-1.417290
0.401025
1.334784
-0.596980
0.436638
-0.345448
-0.911765
0.272251
0.745761
1.140590
0.041718
1.841863
0.654828
1.495903
-0.037038
0.040602
-0.994066
0.736730
0.106647
-0.132765
-1.018611
-0.676301
0.001939
-0.698190
1.216550
0.799433
-0.289200
1.640765
1.412034
-1.078374
0.753943
-0.674376
-0.263055
0.086404
-2.193468
-1.880687
-1.932599
-0.599445
0.305858
0.284114
-0.096805
1.483040
-1.816018
-1.380103
-2.359229
0.328129
0.318141
-1.078266
-0.605565
-0.204766
0.538404
1.518415
-1.154171
0.216024
1.239209
0.214767
-0.633657
0.741360
0.062492
-0.749660
1.027935
-0.711180
1.283885
1.204639
-0.659085
1.379528
-1.064438
-0.881340
-0.437311
-0.552962
0.326913
-0.025978
1.721354
-2.276602
-0.153570
0.260027
2.361145
-0.236501
0.491427
-0.294833
-0.034811
0.823219
1.247767
0.431419
-1.953087
-0.666165
1.262677
1.194584
0.346101
0.691827
-0.068604
1.989436
-0.652237
-0.263328
-0.888854
-0.505543
0.389273
-1.669464
0.125097
0.834460
0.542661
-1.601688
0.176819
0.986062
-0.064446
1.654948
0.511703
-1.109174
-2.136773
0.592652
0.179062
-1.102009
2.455993
0.954911
0.445235
1.561201
-1.386856
-0.206466
0.311333
0.698459
-0.470212
-1.019113
-0.822400
-0.715431
-0.460863
-2.154947
0.227832
0.078425
0.513170
0.194450
0.547130
-0.398859
-0.194752
0.726819
0.251048
1.645544
1.250126
0.018996
-1.356779
0.309774
-0.454114
-0.008272
-1.048906
-0.594637
-0.089120
0.558361
-1.035657
0.516951
0.445462
-1.164798
-1.070934
0.037524
1.358757
-0.199840
0.910951
-1.176627
1.935113
1.042755
0.494917
-0.872594
-0.894331
-0.758701
0.682719
0.294646
-1.141690
-1.541337
-1.685283
-1.623658
-0.133673
-0.292221
-0.846882
-1.309169
-0.182950
-0.295002
1.405177
0.979965
0.100807
1.268536
-0.507183
0.724185
-0.212338
-1.284429
1.451241
-1.420593
0.275994
-0.364579
-0.522327
1.169336
1.955042
0.182742
1.536748
-0.243005
0.713815
-0.619443
-1.342099
0.043725
0.433617
1.513605
-0.501972
-1.183000
-0.627872
0.750344
0.328868
-0.988980
-1.657159
-1.014875
-0.552460
0.459283
1.468262
-1.139761
0.970929
1.752135
0.504917
1.057431
1.517887
-0.878901
1.752207
-0.031679
-1.509477
-0.104437
0.114382
1.890902
0.768390
0.729892
-1.934229
-0.778865
0.809825
0.795899
2.021165
0.019226
1.715990
0.922242
-0.290521
-1.878723
-0.094777
0.040637
1.343139
0.086123
1.192929
0.063193
-0.639699
-0.373229
-1.417546
1.093138
-1.911755
1.199167
2.065819
1.860844
0.341002
0.750463
1.900050
-0.667404
0.222769
0.416942
0.131552
-1.268574
0.045835
0.704870
0.309993
1.147736
0.220706
1.290312
2.195914
-0.695728
-0.516582
-0.922995
2.542249
-0.165380
0.802264
1.212244
0.250088
1.628836
-0.583365
-0.460972
-0.527473
-0.122294
-2.111600
0.851599
0.140984
0.307521
-0.347990
0.936587
0.800677
-0.689526
0.111782
0.179791
0.598227
-0.592273
-0.845334
-0.018744
1.347796
-0.784311
-1.427245
1.015095
0.185597
-0.737314
-2.887465
-0.044445
0.511429
-1.077991
0.232033
-1.162116
0.260304
0.817558
-0.059722
-1.265530
0.830433
-0.410670
-0.408349
0.463103
1.867426
1.499080
-0.648666
-0.798012
-0.325366
-1.163453
-1.056644
2.272490
1.007944
1.741009
0.672994
-1.174063
2.955915
0.949870
0.853791
0.854485
-0.766316
-1.332265
0.462312
0.332696
-0.436919
-1.347404
1.241686
0.397677
1.321183
1.843991
0.831321
-0.159203
1.835422
0.381006
0.667600
-0.212623
0.941764
-0.716290
-0.944946
-0.468605
0.663685
0.698936
-0.086722
-0.247711
0.121235
0.519074
0.406339
-1.120613
-0.395641
-0.769923
0.438485
0.806795
1.760732
-1.504275
-1.032482
-0.471870
-0.465393
1.527859
2.475830
-1.011581
-0.268946
0.563090
-1.886545
1.387383
-0.571716
-0.900451
-0.498050
1.964749
-1.498096
-0.550872
0.657735
0.122868
1.622643
-0.777004
-0.235280
-0.275270
0.169491
1.153838
0.180509
0.714589
-0.415477
-0.813953
-0.517494
0.875561
-0.393635
2.365997
-1.123011
1.227599
0.553375
1.416607
-0.015236
1.297932
0.085440
-0.137610
1.980757
-0.504281
0.117868
0.266226
-0.404962
0.058466
-1.040762
0.434859
0.850607
0.290024
-1.101584
0.900493
-0.859847
-0.771966
1.719425
0.776847
-0.006356
1.148633
0.394913
-0.735441
0.191658
-0.244244
-0.118848
0.366790
-0.952592
-0.890760
0.022644
-0.988206
1.163720
0.153794
1.711189
2.163452
-1.300144
-0.830781
1.181555
-0.553329
-0.652021
-0.735066
0.833749
1.533717
-0.554545
-0.471663
-1.192952
-0.765057
0.178403
-1.244366
-1.076704
0.592733
1.110623
1.575480
0.298484
0.116150
-0.228316
0.472037
-1.015494
0.825416
1.812624
-0.156210
-0.560382
0.732569
0.059604
1.646697
1.192591
-0.972490
0.539799
0.347404
0.757791
0.125697
0.396002
-0.511665
-1.456786
-0.658473
0.682798
1.076219
0.351295
-1.640777
-2.022740
-0.497175
0.574492
0.308023
-0.992868
-0.882528
0.871692
0.297710
-0.301846
1.022175
1.391284
-0.033970
-0.349972
0.039970
-0.818251
1.254581
0.353045
0.080674
-0.876185
-0.290769
0.697934
-0.759773
0.023503
0.417123
0.028466
1.040053
-1.174816
0.501812
-0.102290
0.476867
-1.093783
2.562086
0.125896
-0.405924
-0.963963
0.320559
-0.113220
0.120286
0.486220
-1.509930
-0.197339
1.275281
0.233350
-0.032454
-1.308604
1.020239
-0.193941
0.575090
0.722852
-0.489796
0.257452
1.463483
0.602166
1.810256
0.560764
-0.210359
-0.392242
-0.816794
1.277305
-0.080946
0.343420
0.837171
-0.436579
-0.680162
1.609587
-0.626585
-0.298988
1.436837
-1.404405
0.880365
-0.200866
-0.520350
-0.463245
0.367323
0.851729
1.491895
0.695907
-0.593535
1.779788
0.912271
0.209849
-0.700313
0.551834
-2.274840
0.963406
0.368918
1.780610
0.230258
-0.154335
-1.216643
-1.060097
-1.192065
0.509751
-0.510825
-1.914663
-0.484014
0.891724
-0.112194
-1.505789
-0.514751
-0.736968
0.684017
1.374641
1.288305
-0.714143
-0.965541
-0.227743
-1.029493
0.920362
-0.275423
1.237348
0.956260
0.468543
-0.634388
0.081972
0.028582
-1.666019
-0.846218
-1.671872
0.608248
0.379648
-0.368569
0.792176
-1.493149
0.808356
0.767644
0.287724
-1.329708
-0.606936
-1.029560
0.642276
-1.665030
-0.469837
0.119434
0.028029
-2.219815
2.835572
1.440897
0.139568
0.240310
0.550824
0.025829
-0.016192
-1.407262
1.296168
0.138657
-0.167252
-2.128504
-2.702770
-0.775172
-0.989283
-0.788227
0.846254
0.443255
-0.445014
0.545694
-1.012229
0.107220
0.490042
0.629379
0.207270
-1.036605
1.407065
1.208964
-1.425231
-0.378039
-0.583726
0.463821
0.840391
-0.598562
-0.511445
1.384766
-1.983841
0.256092
0.069748
1.543597
-0.252450
-0.334595
-0.470969
-1.043326
0.858075
-0.172473
0.849096
-0.246892
1.432033
-0.401226
1.484035
-0.139405
-0.176067
-0.191705
-0.701137
-1.913048
1.160960
-1.914580
-0.316361
3.019065
-0.316182
-0.309714
0.332730
0.516589
0.965285
-0.748000
-0.666720
1.700092
0.230562
0.238355
0.965461
0.104987
1.200188
1.419887
1.543574
0.528650
-0.469329
-2.190925
1.988096
1.198338
0.849732
1.104185
0.145265
0.281155
1.404968
-0.729649
-1.446855
0.763340
-1.696750
0.787199
0.591833
1.937127
0.580405
-0.178872
0.169557
-0.906573
-0.655669
-0.077270
1.303024
0.238749
-1.590147
-0.609148
-0.280578
0.488070
-0.735457
-0.090165
-0.408344
0.430499
0.912193
-1.525770
0.189904
-0.700846
0.088667
-0.331508
0.096116
0.952618
-0.267444
-1.479169
0.188688
-0.953125
-0.063521
-0.505467
-1.014109
0.625848
-0.106683
0.446557
-0.527113
1.455586
1.032036
1.525417
-1.431730
0.701032
-1.486725
-0.433023
1.227871
-0.313162
1.930972
-0.401866
2.060635
-1.256352
0.078680
-0.161913
0.560066
-0.520719
1.317445
-0.968741
0.050620
-1.147988
-1.323954
-0.475155
-0.638716
-0.617093
0.305043
-0.335955
3.022896
1.275368
-0.911375
0.603442
1.015065
-0.034485
-1.010701
0.012716
-0.242204
0.337212
-1.739380
-0.432387
0.713362
-0.495308
0.825054
-0.208120
0.413888
0.989728
-0.989586
-0.255606
-0.523800
-0.619483
0.677006
-0.582195
3.005117
-0.260967
-1.096962
-0.507362
-0.225605
-0.807708
-1.430060
-0.170761
-0.669430
1.794276
0.852239
0.007031
0.044213
-0.301195
0.307102
-0.235759
-0.884218
1.167820
0.062779
0.663582
0.588017
-1.165256
-0.686739
0.519334
-0.067479
-1.977169
1.550575
1.119276
0.697159
0.324776
0.458870
-1.296002
1.632248
0.507085
-1.239014
-0.590618
-1.464045
0.900106
-0.799150
0.778182
0.749754
-1.233238
-0.620176
0.888320
-0.297230
-1.595386
0.297807
-0.116204
-0.428134
-0.273776
0.222610
1.531964
0.609416
-1.642879
0.512869
0.846473
-0.137397
-1.849568
0.239363
-0.627075
-2.009251
-1.197349
0.812984
1.393141
-0.137228
-0.376360
-0.821257
0.692507
0.569682
1.363136
1.007715
-1.654749
0.896504
0.861913
-1.439024
-0.823469
-1.026720
-1.481314
-1.785015
2.275006
1.544335
-1.160257
0.630776
1.676644
-0.602604
-0.722610
0.368507
-0.239178
-0.163824
0.480269
0.708485
0.745731
0.569005
-0.427588
-0.051180
-0.407848
-0.457178
-1.137892
1.683445
-0.831054
0.366398
0.830892
0.384496
1.058769
-1.080543
1.672645
0.797516
0.873680
0.341729
-2.569429
1.218641
-1.680650
0.642490
0.903697
0.399532
0.470567
0.624398
-0.150728
-0.483079
-1.077557
0.765949
-0.305866
-0.606652
-0.003537
-0.082617
0.344395
0.477949
-0.976771
-0.408419
1.013827
-0.425423
2.127158
0.363275
-1.734608
-0.342548
0.278619
-0.060956
-1.346310
0.476317
0.374327
-0.343575
-0.502963
0.408470
0.699117
1.594626
-0.000087
-1.932966
0.697085
-1.018465
0.031224
-0.650527
0.915610
-0.687115
-0.646941
1.704441
0.185869
1.313976
-0.206143
-1.582567
-0.352418
0.301202
-1.389557
0.194626
-0.072998
0.449400
0.050164
-0.702591
0.282066
0.349864
1.795042
0.673515
1.353071
-0.446986
-1.133767
0.225997
0.783882
-0.812278
0.084872
0.172135
0.172166
-0.538410
-0.961224
1.381621
0.644082
0.120716
1.462829
0.111950
0.147708
-0.828613
-0.420079
-0.802697
0.447262
0.866322
-1.540376
0.809604
-1.254372
1.388318
0.287126
0.304677
-0.282856
1.025578
-1.366960
-2.050293
1.470577
-0.078903
0.129456
-0.665663
-1.973332
-2.522617
0.982259
0.548790
-0.951290
1.510194
0.057672
0.715389
2.977323
-0.031940
-3.340188
0.865007
-0.110811
-1.319845
1.076022
0.656789
0.657775
-1.130743
-1.195857
-0.735456
-0.049563
-0.596818
0.252166
-1.228245
-0.644783
1.169716
1.004644
-0.963855
0.050636
-0.958466
0.826472
1.873135
0.495276
0.502518
1.348662
-0.018716
-0.805131
-0.558246
-0.978521
-1.073297
-1.018943
0.010927
-0.604761
0.228431
-0.105639
-1.824323
0.117554
-0.484618
0.267492
0.581939
-1.174452
-0.259385
1.122437
-0.766549
-0.901509
-1.026908
-0.208314
-0.825869
0.466373
-1.319035
2.062277
0.093238
-0.188528
-0.119433
1.685569
-0.670135
0.456328
-0.553464
0.780652
0.160661
-0.981234
1.031025
-0.338432
0.200794
-0.239295
-0.552603
-0.193985
-0.149721
-0.250804
0.022670
0.679494
-0.680330
0.109734
0.586400
0.057616
0.805363
1.305974
-1.509853
-0.148975
0.390320
0.265020
0.440847
0.409912
-1.503101
-0.457301
1.137901
-0.130414
-1.427020
0.499003
-0.507095
-0.388259
1.050941
1.519523
1.187289
-0.649325
-0.648428
-1.050783
-0.637747
-1.482453
0.711799
-0.851958
1.048254
0.947824
2.218731
-1.585796
1.116051
1.340760
1.694421
0.088647
0.734568
1.209241
0.792846
-0.015700
1.133551
-0.401046
-1.444264
3.090442
-0.788683
-0.004934
-0.608976
0.377881
-0.212581
-1.482656
-0.591951
-0.795318
0.881802
-0.093010
0.129752
1.195608
-0.191304
-0.641833
0.675764
-1.092035
1.173254
1.574253
-1.242391
-0.908444
0.758896
1.353428
0.796577
-0.635533
0.739725
2.492440
-0.846788
0.413106
0.860165
0.417988
-0.255125
0.372958
-0.827473
-0.688414
0.466304
-0.003154
-1.651262
-0.134861
-0.603921
0.309314
-0.412265
-0.300065
-0.253926
-0.747930
-1.805948
0.693847
1.835577
-1.645287
-0.808882
0.530302
0.044012
1.894089
-0.002085
-1.134782
0.333090
-0.410200
0.868935
1.971254
0.333417
0.481563
1.329745
-0.566985
0.810561
0.275707
-0.876276
0.932629
0.857578
1.117040
0.435895
0.503114
1.237296
0.855770
-1.386258
2.020686
0.408582
-0.370560
0.952748
0.104247
0.113283
0.815145
0.298868
-0.223567
1.187421
-0.404253
0.497498
-0.956564
-1.219538
0.346776
0.217469
0.416698
-0.184590
-0.697844
-0.121962
0.161862
-0.560534
0.351121
-1.445254
-0.384720
-1.138525
-0.794483
-0.251469
-0.814689
-2.842598
-1.027438
0.304897
0.690907
0.534022
-0.485848
0.436043
0.680864
0.734366
1.633792
-0.483508
0.850300
-0.582153
-0.422957
0.021852
-0.457393
-0.729876
1.784570
-1.051265
0.139030
-1.166623
-0.010095
0.954713
1.953108
0.968838
0.065101
1.263349
-0.368571
-0.322422
0.574666
1.189375
-0.127791
1.864224
1.810679
0.931119
1.190533
0.163052
1.763487
-0.698585
-0.622430
0.012455
0.348348
-0.156330
-1.054614
-0.190953
-1.479502
-1.292414
0.394066
1.811708
1.181701
-0.918909
-0.995738
0.069703
-0.925814
-0.280302
-1.959084
-0.288954
-0.512314
-1.636131
-0.905764
-1.087581
-1.901427
-0.320681
0.346168
1.077068
-0.406621
1.522245
-0.434256
0.630293
-0.468550
-0.321320
-1.699298
2.014689
-2.891068
1.636454
-0.779826
-0.210714
0.371647
1.900813
-0.196455
-0.548254
0.449806
0.300855
0.111959
-0.864602
-1.783888
1.218506
-0.289098
1.337423
0.914740
0.012878
1.486076
0.250950
0.981134
0.299373
-0.179489
-0.041114
0.376065
1.396948
-1.222567
1.698291
-1.855003
-1.495927
0.410834
-0.709789
0.921497
1.094085
-0.283352
-1.003181
-0.663525
-0.994032
-0.053983
0.140309
0.587270
-2.017781
0.755334
0.400239
-0.068129
-0.095034
0.681847
1.476789
1.454091
1.147493
1.239385
0.327288
-0.605382
-1.306467
0.703867
-0.591468
1.382106
-0.459711
0.493127
0.451492
0.528319
-0.846327
-2.863521
-0.028342
1.157725
0.602726
0.363958
-0.051912
1.724103
-1.401549
0.998083
-0.565201
1.177417
0.742039
-0.839139
0.869607
-0.354029
1.305571
-0.631145
-0.904741
0.577664
0.000998
0.605428
1.931106
0.660308
-0.807761
-0.006547
-1.067818
-0.019517
-0.096513
0.780133
0.951260
0.031415
0.586601
3.011852
-0.146143
-0.228325
-0.464861
0.249279
0.384293
-1.126297
-1.014970
-1.051671
0.017598
-0.538806
-0.802461
-1.413573
-0.368916
-0.906585
0.037210
-0.196186
-0.156201
-1.018660
0.080573
-0.779689
0.470991
-0.412447
1.468827
-0.585550
-1.345567
0.801816
-0.544826
0.832255
-1.256655
-0.062091
-2.191707
-0.245638
0.600478
0.122935
-0.632652
-0.184488
-0.901600
1.027436
2.053757
1.127355
1.277403
-1.643166
-1.403659
-1.076683
0.084241
0.795808
-0.276857
-0.049121
0.985265
-1.094789
0.010120
0.539629
-0.248924
-1.212386
0.150217
-0.023590
-0.818063
0.507485
-0.854527
2.181414
0.727040
-2.366709
-0.826487
-0.138552
-0.998726
0.194894
1.294888
-1.751549
-0.097177
-1.500627
0.076567
0.674486
0.796747
0.994341
-0.078225
-0.604396
0.318009
0.515554
1.218878
-0.591536
-0.089620
0.486395
-1.104749
1.333466
-1.157347
-0.393532
-0.066912
0.233639
-1.672291
0.195057
-1.284441
0.916833
-0.538913
-0.160850
-1.142900
0.398854
-1.503629
1.015050
-0.803827
1.705865
-0.953250
-0.082396
-1.425940
0.434049
-0.987624
1.715750
-0.013885
0.833770
-1.184550
0.349733
0.822723
-0.260679
-0.869920
-0.162498
1.093675
-0.970284
-0.371197
-0.586277
-0.190843
-0.176626
0.081438
-0.211671
0.915947
-0.915846
0.050775
1.949498
-0.232231
0.288265
0.862766
0.177123
0.469297
-0.630197
-0.480948
0.902518
-0.869855
-0.636400
0.986505
0.357555
0.571454
0.179520
0.171519
1.341671
-0.593042
-0.793957
1.113948
2.261341
-2.038184
1.422358
1.571270
0.673623
-0.585251
-0.906904
0.486621
0.337535
-1.313776
-0.071086
-0.831800
1.776203
-1.360095
-1.438929
0.945452
0.248492
-0.331492
-1.577436
0.880546
-1.535174
-1.864332
-0.081093
-0.931017
-0.856101
0.176383
0.646471
0.198070
1.167107
1.081733
-1.423067
-0.148058
0.796081
0.591478
-0.193372
-0.659004
-0.857387
0.486110
-1.454729
-0.910211
0.135023
-1.371705
-0.397841
-0.830025
0.599606
-0.803124
-0.353456
0.311849
-0.045847
-0.049751
1.057825
0.161920
0.434868
-0.360745
0.703375
0.878950
-0.008950
0.347924
-0.278202
-1.073512
0.303052
0.291481
-0.121360
-1.646144
-0.872021
-0.000411
1.998504
1.004625
-0.555025
0.838245
-0.649845
-0.286424
1.358075
-0.691463
1.364926
0.101401
-0.584916
-0.797608
-0.587735
-0.024284
-0.104608
0.756332
0.801122
0.709432
-1.561088
0.554162
-0.136600
0.566255
0.101463
1.658603
-0.364086
1.036250
0.964424
1.811706
-0.846653
-0.156692
0.586540
-0.696856
0.512928
0.850839
-0.422353
0.013283
0.695731
0.581830
0.886529
-0.278978
-1.873992
-0.261990
1.154646
0.222900
0.403697
-1.591799
-0.373398
0.367271
-1.403741
0.758834
1.023335
-1.733002
0.987138
-0.686531
0.962989
-1.086696
-0.266764
-0.775885
-0.847860
0.035600
1.076632
-1.286701
-1.557523
1.764080
-0.825577
0.094704
-0.047045
-0.025075
-0.541027
0.070712
-0.663136
0.700209
-0.535797
1.375053
0.682268
0.387274
-0.217701
0.256084
-0.015355
-0.116128
-0.439173
0.466279
-0.512824
0.474658
-0.255298
0.285859
0.611461
-0.326632
-1.112240
0.283689
0.201848
-1.233240
-0.154403
0.066329
1.535455
-0.432658
0.991291
-0.070885
-1.164280
0.303259
-2.107619
0.516882
0.002711
-0.933310
-0.827488
0.960807
-0.576287
-0.447147
0.544365
-1.154219
-0.002237
-1.198122
0.106399
-1.960993
1.670683
-0.999525
1.110780
-0.140023
-1.885500
-0.290418
-1.061415
0.878870
0.134120
-1.272381
-1.420890
-0.500545
0.012676
0.938965
0.224795
-0.161161
0.948951
0.396570
-0.487801
-0.345383
1.487785
0.347456
-0.055595
0.379100
-1.453631
-0.258514
0.097941
0.995626
-0.359729
-0.116692
-0.497208
-0.164851
-0.461043
-0.283071
0.158731
0.116374
0.709266
-0.044095
0.018834
0.057110
1.794834
0.155306
-2.261103
-0.278445
-0.264030
1.699586
1.176876
0.341094
-1.248552
-0.573460
2.104074
-0.008529
1.391993
-0.961517
-0.540503
-0.730852
1.583157
-0.743955
0.042864
0.681725
0.423288
0.430515
-0.033844
-0.819417
0.601565
-0.000946
-0.179942
-1.668438
0.721862
-0.807920
0.674732
-0.476344
-0.814276
-1.945368
-0.625426
-0.470585
1.296991
-0.731426
0.055638
-0.509644
-0.403733
2.254046
0.235199
1.696628
1.548955
0.802233
-0.064078
-0.387831
-2.127984
-1.236253
1.514303
-2.181475
-0.431339
-0.667029
-0.753915
1.049450
0.471951
-2.060262
-0.635491
-2.851015
-1.139991
-0.641499
1.319997
1.491380
0.503539
-1.689573
-0.019949
-2.734693
0.286809
-0.936320
0.379933
1.376925
-1.067571
-0.823684
0.403847
0.160888
-1.540894
-2.148101
0.659563
-0.985930
0.065533
-1.420252
0.295871
1.282622
0.313812
-1.924203
1.849829
0.089300
1.162684
-0.262544
-0.247019
0.167708
1.515053
0.519807
-0.067250
1.455405
-1.896921
-0.711379
-0.486251
-0.033939
0.745506
0.751540
-0.661778
-0.356131
-1.792104
0.620528
0.454480
2.337637
1.269589
0.027714
0.012651
-1.042852
1.066014
0.431559
-0.298216
0.046826
-0.429220
-0.231001
0.599165
1.253147
0.944129
1.209069
0.791949
-1.060008
-1.059046
-0.780254
-0.240625
-0.379581
1.162067
-0.888919
-1.340710
-0.078822
-0.514967
-0.583074
-0.212776
0.395273
0.030629
0.492095
1.546881
-1.232103
-0.390093
0.203229
0.931718
0.379537
1.057148
0.203672
0.960224
-0.104040
-0.523411
1.016096
0.470639
0.114674
-0.320356
-0.483306
-1.027252
-0.789836
-0.041096
0.812118
0.671018
0.346244
0.885918
-0.615245
-1.295221
-1.354448
1.862999
-0.271234
0.199784
-0.608030
-1.257148
1.794431
-0.357390
-0.099772
0.714710
-0.491456
-0.266454
-1.597048
0.529813
0.819028
-0.713341
1.006888
-0.410285
1.483802
-0.529196
1.344328
-0.616063
-0.289809
-0.417998
0.491169
0.133839
-1.277614
0.538940
-0.086055
0.760827
-1.674684
0.608511
0.924557
0.785021
1.021682
0.217256
-0.163050
1.633469
-0.090266
1.127582
1.183346
0.485452
0.262883
0.651100
-0.542357
1.262009
0.216807
0.754976
1.668610
-1.064538
2.120192
-0.213962
0.294751
0.609804
-0.461597
0.727883
-0.121299
0.803616
0.202817
1.399129
0.244907
-0.688982
-1.656132
-0.605711
-0.823030
1.251173
1.645050
-1.430409
0.367712
-2.168810
1.797359
0.025924
0.891999
0.390435
-0.775796
0.930245
-0.389373
0.737021
1.417635
0.811648
1.091071
-0.864081
0.496346
0.916458
1.555027
-0.789459
-1.247916
-2.272745
-1.433983
0.691459
-0.980848
0.076958
-0.025690
-0.721087
0.041748
-0.495978
-0.554955
-0.701715
-0.580715
0.231849
0.228514
0.599879
1.747822
0.696871
-0.973960
-1.176963
0.272716
-0.523311
1.336442
-1.650222
1.828394
0.034910
-1.179804
-0.174048
-0.715628
2.635349
0.484487
0.215205
0.010704
-0.425080
-0.979320
0.322572
-1.462556
2.110635
-0.922104
1.632925
-0.446533
-0.437739
1.293550
0.095860
-1.623829
0.707303
-0.520382
0.105318
-2.424215
0.110386
-0.564274
0.118485
1.187591
-1.158450
0.430846
-0.478855
-1.957825
2.019988
-0.299661
0.029722
-1.111493
-0.553667
2.125304
0.626557
0.574990
0.397289
-1.851994
1.285273
-1.274785
0.264063
-0.089178
0.129009
-1.416733
-0.274857
1.194922
0.361024
1.317543
0.656566
0.059189
1.658473
-0.288400
0.922455
-0.046522
1.273361
1.356209
0.057640
-0.491650
0.367762
0.162129
0.522250
-1.336718
-1.124329
1.059907
0.746911
0.324170
-0.862208
-0.607518
1.545547
1.704559
-1.981141
0.039903
-1.875494
0.727229
-0.977397
1.115497
1.156060
-0.662815
-1.131261
1.092932
0.832523
2.019196
-1.820409
0.680252
0.388212
0.530285
0.285240
2.096622
-1.326909
1.859556
1.107064
2.491904
1.345952
-0.233972
0.105474
-2.348520
0.220440
1.142020
2.177495
-0.645922
1.445616
-0.958926
0.209172
1.774682
-0.311116
0.792482
0.740453
0.026791
0.998997
-0.086078
-0.724094
-0.064675
-0.339229
1.528884
-0.965726
0.203274
1.912252
-1.446749
0.121581
-0.810161
0.685590
0.981549
1.363512
0.697131
0.181330
-0.513024
-0.312051
1.728423
1.196851
1.719724
0.573861
-0.173525
-2.004210
-0.779929
0.870990
-1.070648
0.846104
-0.091585
-0.228779
0.367408
0.532151
0.219379
0.350214
1.243072
-0.548326
-0.763753
-0.799736
-0.875491
-0.539947
-1.278119
2.243022
-2.297998
-0.504254
-1.788102
-0.200122
0.267453
0.686028
0.364977
0.224064
0.066998
-1.532120
0.257837
1.643827
1.289056
-0.733512
-1.589305
0.965408
-1.932551
0.751362
-1.493191
-2.153964
0.084335
-0.838072
-1.242683
-2.008258
-0.966321
-0.651268
1.947893
-0.011869
2.323037
-0.039265
0.909194
-0.845927
-1.554911
-0.581525
-0.267146
0.258357
-0.380486
0.688833
1.552063
-0.871647
-0.830064
0.820649
-0.823101
0.023453
1.897539
-0.591652
1.181649
-2.072576
0.082438
0.221917
-0.842663
-0.810177
0.441071
-0.810190
0.823240
1.561577
1.289984
1.313313
-1.144155
-0.333314
-1.209808
1.409342
0.875870
1.395102
0.752500
1.292855
0.674010
0.582909
1.827675
0.555608
1.222854
-1.833336
1.111496
-0.286750
0.829504
0.452567
1.233510
-0.425150
-0.399454
-0.135911
0.007289
-0.351047
1.464606
0.249861
0.659179
0.641875
0.869981
1.020930
1.303636
-1.758421
-1.827331
0.632008
0.588554
0.414039
0.129029
0.717243
0.617259
-0.764494
2.312397
-1.790310
0.498632
1.790755
0.388829
-0.492540
0.311512
0.224519
-0.431043
0.391682
0.113969
-0.366128
0.282995
-0.264878
-1.087835
-0.526241
-1.491100
-1.063096
-0.330744
0.592009
-0.742672
-0.938810
1.096939
-1.181149
0.451097
-1.307646
1.337460
-0.722754
-0.348335
1.327423
-2.740747
-1.762747
0.465026
0.806374
0.464820
0.143340
0.043191
-0.831092
-0.879139
1.146788
-0.667048
0.445922
0.290758
0.348946
0.910582
0.283147
1.307906
1.364610
0.393622
-1.493464
1.857416
-0.377663
-1.747964
-0.730534
0.214694
-0.276878
1.021257
1.241241
0.278549
-0.429857
0.520446
0.192845
-0.676445
-0.395780
-1.147193
-0.776501
-0.897421
0.757929
0.775149
-0.633543
0.754760
-0.356335
-0.919097
0.534878
0.453247
0.180113
1.163435
0.250873
1.292390
-0.411677
-0.015821
-0.644948
-0.860617
-0.490505
0.367740
0.501729
-0.335748
-0.782719
0.317190
-0.893220
-0.685005
-0.790152
-0.297823
-0.514363
-0.775793
1.191488
-0.012616
0.594639
1.333608
-0.779453
1.414895
-0.296332
0.382105
-0.565527
0.708516
-0.088264
-0.626830
0.458051
0.656985
0.614576
-0.446861
0.379030
0.073265
-0.789220
-0.136646
-1.507703
-0.795294
0.149212
1.364891
1.200892
-0.975741
0.732337
0.154194
-0.607732
-0.191602
-1.527467
0.811020
-0.531957
-0.750722
-0.965388
0.524854
0.584230
1.468540
0.392880
-0.675170
-0.532085
-0.425551
0.380403
-1.870129
1.090439
-1.003075
0.707934
0.890000
-0.488729
1.442759
-1.289859
0.912851
-0.603413
-0.245408
0.194032
-0.254893
0.473299
0.030253
0.393185
-1.156060
-0.155439
-0.921279
-0.593229
-1.286406
-0.098770
0.338452
-0.060525
-1.158401
0.594364
-0.796015
0.540082
-1.899258
-0.730201
-1.454968
-0.632810
2.205439
-0.289215
-0.317512
-1.309293
1.019193
1.036113
1.196733
0.916916
0.022768
0.944804
0.164524
-1.065990
-2.601749
-1.126259
0.470015
0.083919
1.369351
-1.178651
0.318564
-1.325242
-0.016437
0.745130
1.864288
-1.763978
-1.432162
-1.868109
0.239460
0.828868
-0.755925
0.022253
0.188346
1.938996
-0.676696
-1.539838
-0.186254
0.129115
0.714372
-1.885498
0.504997
-0.818264
-0.875613
-1.193577
1.038201
-0.515973
1.287136
-0.260077
0.446032
-1.002530
-0.307039
0.642957
-1.688458
-0.789007
1.421516
0.303702
0.001711
0.657236
0.849069
0.289850
-0.734774
-0.327670
-1.007755
1.396347
-0.010035
0.376970
-0.509450
-0.157716
1.452911
0.091118
-0.809784
-1.745954
-0.127394
0.794305
0.020778
1.132716
-0.165350
-0.451960
-2.059149
-1.479885
0.620535
0.842544
1.874603
-0.994384
0.630973
-0.448024
0.187875
0.472742
-0.024216
-0.424751
0.630426
-1.097642
0.041884
-0.054187
-1.374870
-0.980264
0.814426
0.393929
-1.175033
0.763354
-0.908410
-2.132884
-0.234519
-0.789329
0.285814
1.430529
-1.014544
-0.127797
0.634753
-0.026545
-0.016582
0.476864
-0.489979
0.122294
-0.302985
-0.649982
-0.918821
-0.742277
0.194798
-0.339816
-0.650570
-0.134149
0.998063
-1.458600
-1.499327
-0.478959
0.855659
1.034385
1.015910
-0.111663
-1.557177
-2.694394
-0.440225
-1.429949
0.847808
1.002560
0.838787
0.356787
-1.454553
-0.382817
1.215189
0.650663
-0.081836
1.739615
1.277999
1.810237
-1.857265
-0.350997
-0.456827
0.434124
-0.208455
0.413312
0.689848
-0.948231
0.352603
-0.550725
-0.775013
0.145537
-1.055790
0.513136
-0.571394
1.230813
-0.088705
1.044206
0.825268
1.418112
-0.312652
-1.115826
-1.199172
0.189102
0.742422
-0.075647
-2.042681
0.144923
1.556037
-0.552253
-0.650631
-0.192952
-0.609118
-1.507817
0.786907
0.296494
0.853857
-1.646912
1.182764
-0.798137
-1.090287
-0.609198
-0.460165
0.436331
0.442259
0.236489
0.543512
-0.793271
1.139364
-0.160947
2.387692
-1.930563
0.532939
-0.903803
-1.165589
-0.317703
0.528139
0.520633
-1.328497
-0.716973
-1.825557
0.537689
2.612895
-2.261780
-0.992110
-1.671801
-0.724891
0.877986
0.160501
-0.314030
0.316165
0.307055
-0.121038
-0.718001
0.020362
0.291420
-0.118566
1.046518
0.298101
-0.291896
0.431694
0.553856
0.424747
-2.568113
0.279576
0.525592
0.988946
-0.523153
-0.282529
1.124912
0.991910
-0.052006
-0.945627
-1.399444
-2.251361
0.541211
0.376203
0.104015
-1.798906
-0.202137
-1.091009
-1.389785
1.098788
1.605561
0.642371
0.136723
1.180603
-0.981692
-1.697730
-0.829748
-1.088120
-0.845932
-0.541484
0.246498
1.786926
-0.478857
-0.058848
-1.549287
-0.448096
1.146099
0.872397
-0.376889
-1.141415
0.589611
0.312070
-2.013297
0.375664
-0.702597
0.881008
-0.276630
-1.249545
-2.421529
0.563698
-1.466391
0.791363
0.028698
0.358881
-0.852636
0.092750
1.523556
-0.949578
-1.477497
0.691716
-0.921185
-0.511183
1.450448
2.526225
-2.303026
-0.037622
0.187889
-0.100328
-1.659035
-0.102847
-1.993992
-2.305410
0.121536
-0.623978
0.385551
0.467772
-1.005947
0.045288
-0.338523
1.154732
-0.305828
-1.546975
0.006941
0.109902
0.270553
-0.431705
-0.514650
0.631387
-0.660098
-0.540157
0.636409
0.102632
0.391145
-1.767638
-0.537604
1.084389
-0.966838
2.046757
-0.907070
0.542058
0.331780
-0.559398
1.465267
-0.500719
-0.067563
1.383348
0.158432
-0.427530
-0.759911
-0.478036
0.594347
1.013847
-0.715128
0.748847
0.566117
-0.364108
0.939365
-0.433158
-2.243319
1.463791
-1.616663
-1.039681
0.603134
-1.018625
-1.222161
-0.537532
-0.894412
0.336166
0.205843
-1.197761
-1.184027
-0.629340
0.538491
0.107006
0.598587
-0.338204
-1.246957
-0.713436
-0.663815
-0.706311
0.365452
-0.754756
1.267164
-0.445557
0.537556
-0.624609
0.576953
0.681376
1.368027
-0.338988
0.379290
-0.736990
-0.998677
1.441285
-0.460054
0.129120
0.837831
-1.238775
0.316290
-1.329203
-0.774088
-1.120622
0.519348
0.495780
-0.545618
-1.576348
1.355652
0.700645
-1.047391
0.602815
0.474730
0.332237
-0.564114
-0.802874
-2.368224
-0.374895
-1.129617
-2.726333
0.495631
1.012421
-0.178204
-1.527840
0.755275
0.718940
-0.354301
-1.683980
-1.091070
-0.715501
1.299162
1.551919
-0.251064
-1.236372
-0.734490
-0.122633
1.075200
-1.525805
-2.383547
0.390904
0.200579
-1.563253
-0.484227
0.092822
0.112639
-0.075382
0.309180
2.013046
-0.397858
0.410319
0.727486
-0.626954
-1.019559
-0.256741
1.416778
-0.820408
-0.399163
-0.767957
1.079489
0.497045
-1.334912
0.736833
0.342409
0.658591
-0.122257
-0.531562
-0.203929
0.515863
0.114185
-1.524114
1.673834
-0.404306
-1.479241
0.324257
-0.814463
0.077955
1.207392
-0.897137
0.236245
-0.223615
0.263381
0.633580
0.083430
0.429267
0.043787
0.165601
1.327185
-0.731383
-0.847776
0.585917
-0.068487
1.272539
-1.529854
2.395923
0.241450
0.539394
-0.355755
-0.557830
0.113936
-1.743162
-0.447936
-0.306336
0.195861
0.473964
-0.758601
-0.255189
1.345587
-1.575617
0.575924
0.727467
-0.701089
-0.222627
0.317457
1.123989
0.111347
-0.618080
-1.250493
-0.747594
0.690287
1.429335
-0.140067
-0.935942
-0.383581
0.828334
-0.060542
0.058733
-0.223824
0.355337
-1.250424
-1.608555
0.390812
-0.247304
-2.105543
-0.070784
-0.365976
0.052719
0.684469
-1.099831
-0.419600
-0.481812
0.018428
1.353280
-0.475427
1.584049
-0.102564
0.857955
1.387065
-0.362337
0.714595
0.907324
0.731454
-0.984457
-0.863315
0.712251
1.677099
-0.201940
-0.052209
0.339437
0.953586
-0.845770
-0.088408
-0.530194
-0.090177
1.548716
0.206856
1.523691
-0.406784
3.157388
0.191702
2.004790
1.131718
-1.967227
0.556462
-0.090038
0.826971
0.443301
1.404286
-1.294158
1.567427
0.496146
0.136141
-0.665905
-0.023531
-0.055003
-0.937335
0.826666
1.132870
-1.481160
-0.009322
0.436722
-0.719270
-1.531309
0.783493
1.251162
0.145725
-1.219787
-0.059165
0.706101
-1.561518
1.067545
0.151514
-1.447106
0.312961
0.455394
1.187448
0.073109
0.264175
-1.061529
1.123657
-0.674935
0.035697
-0.806382
-0.125248
-0.662000
-0.596752
0.754542
-1.876190
-1.853677
0.350289
-1.285014
0.834073
-0.237076
0.608780
-1.474596
0.963560
0.856068
-1.426237
0.555107
-0.204042
-0.480460
-0.620103
-1.274210
1.421365
-1.777281
0.466135
-0.669180
-0.396103
-1.047034
-2.293410
-0.923625
1.447437
1.152059
0.046354
1.154668
0.063338
-0.539104
-0.016119
0.114759
-1.618403
0.793019
0.232777
-0.710582
-1.189302
-0.714596
0.847423
-0.865190
-0.351186
0.984497
-1.168649
-0.742422
0.019572
0.069663
-1.493691
0.789627
-1.660471
2.521969
1.612081
-0.761508
-0.491774
1.319257
1.352714
-0.414344
-0.042252
-1.192605
0.682917
-0.035107
0.620195
1.024155
-0.720764
-0.956863
-0.322880
-0.809786
-1.862768
-0.613304
-0.372204
1.295712
-0.568337
-0.659778
1.468902
-1.012972
-0.317269
-1.980516
1.392040
0.790186
0.090535
-1.295736
-1.309162
-1.710369
-0.189097
-0.053612
0.222313
-0.579634
-0.171534
1.097302
-0.214291
0.907312
-0.358967
-0.654690
0.778175
1.102411
0.634044
-0.883415
0.305298
-0.316327
-1.563901
0.045360
-0.348739
-0.750852
-1.045411
-0.626927
0.124681
-0.053882
0.749205
0.344585
0.638784
-1.817786
1.201224
0.367686
0.489515
0.702270
0.679807
-0.079453
-1.343153
-1.168649
0.323586
-0.786283
-0.087933
-0.675571
1.201828
0.202980
-0.031149
0.314738
2.036862
-0.203363
0.112376
-2.301759
-0.169386
0.626739
1.907597
0.925210
1.938598
0.444243
-0.119782
1.005457
2.643781
0.138675
-0.622742
-0.105976
-1.396861
2.061067
1.264770
0.712805
0.836441
0.062083
-1.219573
-0.827973
0.023230
1.793222
0.088649
0.736340
0.168154
1.397317
-1.636918
0.035030
0.830954
-0.713798
0.842282
-0.116561
-0.606809
0.943430
0.995115
-0.929719
0.686964
0.583984
0.457605
-0.670121
-2.607077
0.128334
1.369298
-0.685016
1.964880
-0.342717
-0.317618
0.068893
0.302133
0.030401
0.879398
0.307038
0.343019
0.350407
1.695820
-0.937306
-0.635834
-0.005304
-0.176495
0.035269
2.338841
-1.374296
0.536108
-1.134264
-1.488300
0.069467
0.279425
0.221306
-0.739754
0.463567
0.455580
-0.957243
0.606373
-1.655957
-0.387640
-1.622808
-1.074378
-1.781599
-2.357796
0.857452
-0.150370
2.107908
-0.575603
-1.083381
-0.595451
0.436036
-0.180315
1.723239
-0.526326
-0.619599
0.398626
0.576300
0.986526
-0.106479
-0.367170
-0.356803
-0.169585
0.767100
-0.470391
2.477140
-0.195674
1.272890
-0.809950
-0.341421
1.027810
-1.130012
-0.761609
0.014756
0.795858
-0.538823
-0.322167
-0.961659
-0.514798
-0.015985
1.219565
1.534671
0.224776
-0.143347
-1.183563
0.040253
0.133537
-1.106105
0.491896
-1.355029
-0.960919
-0.438057
0.209256
0.972919
-1.164667
-0.324966
-0.365664
0.109938
1.116855
0.734610
-1.943004
-0.821869
-0.749521
-2.807846
0.487517
-0.241840
-0.268453
-1.589679
-0.863190
0.606607
1.034294
-0.712368
0.220611
-0.432584
1.170897
0.049134
0.412306
-1.679077
0.380477
1.335690
1.351742
2.821539
0.336179
0.220370
1.177686
0.274992
-0.058164
0.552076
1.819413
-0.039516
0.440339
1.960065
-0.563598
-1.017211
-0.381965
0.074439
1.120713
-0.037373
-0.558216
-1.059361
0.311645
-1.511760
2.044131
-0.147418
0.363005
-1.224807
0.562691
1.978736
-0.403315
-0.712691
0.046975
0.272020
-0.190741
0.201251
-1.792241
0.746010
-0.296119
0.062570
1.236460
-0.760530
-1.211774
-0.723850
1.250964
0.789426
