-0.511609
-0.833328
0.754226
-0.201579
0.823006
-1.791323
-0.133983
0.634023
-0.160047
1.474512
0.316859
1.185522
0.383690
0.905330
0.787075
-0.265560
0.035749
-0.711831
0.863875
-1.648686
0.069857
-1.655918
-1.009764
-0.321913
1.418010
-1.896416
0.959927
0.310067
1.021916
0.915911
0.923095
-1.012672
-0.131591
0.418567
0.808599
0.595893
0.313788
-1.597267
0.158662
0.570402
-0.648523
0.098252
0.424841
0.121535
-0.036145
0.047636
1.904598
-0.842884
-0.181341
-0.541395
-0.162942
-1.887406
-1.260549
-0.077671
1.948443
0.302258
0.444907
-1.017748
1.240357
-0.501417
1.728457
-0.001989
-0.824418
1.089145
-0.204561
-0.169412
-1.309829
-0.732379
-1.451930
-0.482961
0.349634
-0.927700
1.371817
-0.796481
-0.150534
0.394415
-0.035392
-1.293421
-0.537901
1.502331
0.475071
1.228491
0.494349
-0.424875
-2.124517
-0.424767
0.119905
1.278756
-0.837788
-0.728354
0.588716
1.105452
-1.445985
-0.747762
1.680624
-1.041872
-1.320303
1.086780
-0.144621
0.992049
0.147986
0.761014
-1.382111
-0.734408
1.001234
-0.988761
-2.022897
-0.844410
-0.339251
1.305220
0.515253
0.116635
0.864832
-0.548526
1.027739
-0.255966
1.022224
-2.425398
-2.822215
-1.505103
1.278545
1.187488
0.318324
0.386005
-0.608645
0.208502
1.300148
2.347128
-0.813151
1.203505
1.134471
1.117892
0.358102
-0.850574
-0.337423
0.108640
0.211844
-0.616258
-1.060961
-0.558308
0.008844
0.654197
0.765303
0.033051
-0.386528
-1.106939
0.265833
-0.572022
2.235606
0.679962
0.841938
-0.013618
-2.754623
-2.378216
-0.661606
0.307629
0.296035
-0.299440
-0.097838
0.804563
-0.289282
0.483587
-0.216984
-0.971595
1.798779
0.984152
-0.034111
-0.450986
-1.233730
0.055987
-1.080720
1.043260
-0.201017
0.941098
0.499678
-0.621659
-0.792705
0.326119
0.212093
-1.106980
-0.463331
2.308251
-0.051904
-1.012047
-0.684173
-0.801170
0.405748
0.448145
0.759577
-0.379684
0.471318
-1.369870
0.412610
-0.270708
0.269905
1.003233
1.838781
1.218269
-0.894718
-0.794508
-1.351014
1.315490
-0.043134
0.737982
0.188700
-0.765823
-0.717277
2.259718
0.370210
-0.788406
1.003123
1.565696
1.025956
-1.458500
0.791710
0.778376
1.685435
-0.464046
0.464491
1.012945
0.187567
-0.812725
0.371301
-0.821778
-0.442560
-1.601073
0.396910
0.384624
0.841561
0.578235
1.996536
-0.325109
-0.391067
-0.609747
-0.491602
-0.448607
0.877698
-0.379950
-0.735854
-0.868272
0.026729
0.926411
1.222966
-0.925937
-0.172813
-0.324781
0.244129
-0.091359
1.416803
-0.730247
2.330379
-0.631442
-1.120267
0.178554
-0.001731
0.217909
0.563157
0.250990
-1.799973
0.635916
0.730202
0.606598
-1.651320
-1.426352
-0.424802
-0.068559
1.824234
1.398501
1.440665
0.881122
0.171307
-0.496617
-0.800340
-2.032591
-1.378051
0.654876
-0.099766
-1.537239
0.405852
0.098376
-0.318460
0.092920
-2.195057
-0.698045
-0.240661
0.354801
-1.406804
1.844846
0.057691
-0.291341
-0.227370
0.071237
-0.009200
1.089593
0.594733
-0.503846
0.017286
-0.969318
-1.263185
-1.181965
0.711616
0.749928
-0.212061
-0.397953
1.163920
1.438788
-0.540470
-0.122271
1.890699
-0.274499
-1.049763
-0.774426
1.192886
-1.807970
0.863076
-0.407034
-1.419232
1.284499
-0.146044
0.240871
-0.258972
-0.433615
-0.074167
-0.556238
0.520584
-1.249564
0.649169
-0.367188
0.753417
1.195577
-0.383442
1.409942
0.529713
0.018542
2.095064
-1.240358
0.795168
-0.592546
-0.571315
-0.429629
1.748557
-0.224888
0.614350
0.370991
-0.424568
-1.279484
1.008600
1.074197
-0.851178
0.914775
0.229725
-0.154133
-0.809582
-1.366002
0.687644
-0.222153
-0.399436
0.954960
1.290082
-1.266051
0.642906
-0.386137
0.784127
0.687833
2.235016
-1.790022
1.894150
-0.751344
1.218612
-1.878256
1.181075
0.645645
-0.303920
-1.225204
-1.364442
-0.941866
-0.800895
-1.343185
-0.731811
0.069686
-0.249544
-0.211467
3.021807
0.922148
0.948952
0.752110
0.472460
-1.646687
-0.660236
-1.376529
0.244265
0.914223
-0.843017
-0.586737
0.310386
0.416006
1.435540
-0.613797
-1.713577
-0.758646
0.843882
0.314929
-0.315587
-0.161699
0.171781
-0.597288
-0.780017
0.083999
0.970189
-0.959805
-0.195364
1.292269
0.339097
0.115526
1.029759
1.245514
-1.176643
1.505510
-0.374843
-0.269088
0.086399
0.262357
-1.344353
-0.440281
-2.264217
-0.619668
0.926200
-1.654357
0.137112
-0.462277
-0.479385
2.174918
1.426651
-0.620911
2.098108
0.558664
0.687209
-0.587168
-1.119411
-0.474779
0.719133
0.710061
-0.039230
0.564779
0.169770
-1.666247
1.330177
-2.110996
0.085882
-0.237228
2.119590
0.312417
-0.171891
1.686120
0.711185
-1.280519
1.177370
-0.934345
-0.952749
0.280593
-0.385617
1.458234
0.127941
0.196547
0.568458
0.633835
0.587295
1.111558
0.558170
-0.329959
1.524913
2.098160
-1.599032
-0.059956
0.435198
0.412507
0.294821
-0.471108
0.304240
-0.447946
-0.534484
-0.647246
-0.697868
-0.282355
-0.410527
0.358919
-0.469525
-1.053719
-0.820638
0.217303
-1.372803
-0.146132
-1.084255
-0.023780
1.061810
0.858214
-1.220281
-0.477822
0.429069
-1.543127
0.635509
1.620905
-0.937327
0.917234
-0.738840
-0.245749
-1.011862
-0.387618
0.078801
-0.037021
0.087725
-0.598023
-0.526064
0.173453
0.759392
0.418972
0.265401
-2.384766
-1.279065
0.439534
0.963641
-0.890990
-0.482395
0.459800
-0.104649
-0.202018
0.278444
0.262807
0.480390
0.020584
-0.013445
0.267296
-0.323959
-1.835056
1.284152
-0.345851
-0.258390
-1.481104
1.651962
-1.219360
0.710589
0.600790
0.758785
0.296316
-0.286863
-1.911193
-0.351078
-0.258162
1.980655
-1.132489
0.294951
-0.564359
-1.358171
-0.559849
0.178800
1.679420
0.004847
0.989582
0.443796
-0.429504
0.756909
0.403265
-1.484054
1.658632
-1.728118
-1.461064
0.936924
1.828471
1.377369
1.600363
0.817855
1.199445
0.043421
-0.512581
1.127613
0.374444
-1.123200
0.280099
-0.606346
-0.156363
-0.633149
-0.584536
1.429945
0.204390
-0.408503
1.735988
0.721511
0.127278
1.100895
-0.256973
1.146937
-0.838672
-0.732312
-0.384954
-2.326171
0.567745
0.088738
0.332935
-1.072941
-0.394125
0.413874
-0.200894
0.038985
-0.596380
-0.079497
1.000779
0.439518
0.685415
0.596837
-0.820721
-1.869191
0.767729
0.620504
-0.411017
-0.714502
-0.471988
0.197519
-0.433585
-1.479875
-1.123024
0.803273
0.342118
1.894944
-0.048207
0.776166
-0.679906
0.018629
0.029832
-1.456586
1.080796
1.548233
-0.028258
1.482605
-0.165248
0.003077
-1.508051
-0.744825
-0.211274
-0.042173
-0.404956
-1.636350
0.219925
1.750636
-0.140776
-1.320187
0.120804
-0.166156
0.153602
0.356019
0.298266
1.236264
-0.168252
0.309223
1.303312
-0.864857
1.620545
-0.369869
0.764225
1.089978
0.605513
-1.159219
-1.857000
1.096933
-1.745749
-0.514312
0.601085
-1.021671
-0.221974
0.035489
-0.653961
0.179411
1.112855
2.383277
-0.882361
0.415125
-0.595947
1.257784
-1.430794
0.427588
-0.324070
-1.077379
-0.079085
-0.918572
0.858747
0.681732
-1.406763
-1.014591
-1.445953
-2.011064
-1.614782
0.561047
-1.234279
1.294481
-2.088915
1.201617
-2.119389
0.303250
0.303740
0.743715
-0.511694
-0.535883
-1.301956
0.155716
0.262722
0.021002
-0.732654
-0.493084
-1.176343
0.008381
1.965163
-0.147875
-0.140974
-0.943282
-1.452059
-0.573449
1.190060
-0.332362
0.525088
-1.389129
1.352055
0.043705
0.026476
0.911221
-0.029328
0.881493
-0.684709
2.356081
0.487624
1.362136
-0.588576
2.027240
0.746610
-1.772763
1.550949
-0.636419
-0.136102
0.054557
0.477769
0.094692
0.060474
0.710197
0.272747
1.152396
0.849529
-0.869488
-1.960147
-1.918903
-0.074577
1.894040
0.962361
0.146164
1.410410
1.254581
0.116703
0.373518
-1.063074
-2.018168
0.705817
0.629847
-1.155268
-0.719382
0.914111
-0.673507
0.314255
-0.121337
-0.971074
-1.686644
-2.289210
-0.006002
-0.054231
1.943631
-0.229176
0.577442
-2.169518
0.009313
0.589656
-2.796118
-0.156798
-1.629672
1.681826
1.376807
-1.099319
-1.258488
0.241738
-0.562972
0.329354
0.383570
0.319864
-2.264571
-0.678578
-0.461082
-1.543368
0.741043
-0.336378
-1.054851
-1.308047
0.792557
-1.518760
1.186474
1.477035
0.441013
-0.228742
-0.705762
-1.548104
0.882316
-0.668280
1.167877
-1.865713
-0.593643
-1.148240
0.186968
-0.238363
-0.307828
0.518605
1.832440
-0.058072
1.168875
0.338149
-0.653858
-0.973348
-0.777385
1.046406
1.376484
0.820970
0.145350
-0.583517
0.859802
1.378572
0.998199
1.094806
-0.738297
0.985295
1.050170
0.994986
-0.836949
-0.383186
0.071224
-1.447828
0.664783
-0.010249
1.147519
-0.970417
0.095673
-0.522525
-0.558294
0.214797
0.619868
0.337646
0.959422
0.420627
-1.272027
0.267642
-0.306165
0.864374
-0.672618
0.127006
0.096076
1.456111
0.289549
-0.333890
2.127406
-0.415795
-0.950665
-0.667226
-1.821435
-0.490559
-0.232801
1.097593
-1.312627
-0.719640
-1.390079
-0.438173
-2.449519
0.506285
0.758374
1.206531
0.581926
0.103232
-0.295685
-1.899884
0.937201
0.075300
0.723691
-1.293564
1.043621
0.305724
1.243004
-0.204441
0.480974
-0.413602
0.244440
0.565101
-1.296367
0.181225
0.467933
0.601918
0.383975
1.415415
0.404441
1.713372
0.445264
-1.231713
-1.914327
-0.194289
1.551755
1.473598
1.853276
0.099118
0.267909
2.145352
0.706802
-0.283641
-1.234845
-1.124762
0.017994
-0.073965
-0.375314
0.940466
-0.373593
0.279863
-1.228757
-0.136817
-0.718496
-0.780942
1.421287
0.328793
0.059731
1.529479
-1.208008
-1.081763
1.392552
1.280320
0.006822
-0.659703
0.136240
-0.721006
-0.434308
0.138953
0.348256
-0.534209
0.296650
-0.129638
1.588655
0.097375
2.881095
-0.226850
-1.101385
-0.120322
2.173864
-0.918542
-1.359922
0.764768
0.026978
-0.683098
-0.478448
0.657757
1.661951
1.221217
0.335648
-0.561873
0.726755
0.287313
-1.814392
1.357371
0.882985
0.449524
-1.429722
-1.625203
1.232815
-1.519846
-0.629187
0.058247
1.373959
0.940425
1.308213
1.646178
0.100625
-0.412196
-0.131915
0.552461
-0.990088
-0.049597
-0.691348
0.720785
0.687778
-0.655790
-0.358227
-1.886160
-0.397379
-1.840227
-0.684557
0.840232
-0.515158
0.763398
-1.593026
0.149031
-0.426902
-0.717169
1.032246
0.191559
-1.074826
1.996360
0.725246
-0.257167
0.679464
-0.708007
-0.769093
-0.280146
-1.531633
0.730965
0.896188
0.229146
1.726872
0.814787
1.397146
0.341056
1.747896
1.661659
-0.113773
0.001430
-0.513283
-0.454780
-1.704619
-0.679774
0.906632
0.585764
-1.294282
1.106212
2.774398
-1.348949
0.162563
1.899514
0.997660
-1.690149
0.148152
-0.030704
-0.304633
-0.076493
0.297110
0.528229
0.042864
0.479599
-1.019040
-1.661176
-0.728889
0.937822
0.640626
-1.136360
0.195803
0.314014
1.799110
-1.336420
1.011702
0.847346
1.778773
0.640498
-1.233381
-3.094018
-1.074519
0.108497
0.968952
1.145490
-1.280173
-0.096419
0.449979
-0.776853
0.058639
0.310584
0.731228
1.723610
1.024548
1.299463
-2.685858
-0.189623
-0.621670
-1.007496
1.526298
1.396695
-1.242739
-1.797850
0.335473
0.733359
-1.948906
-0.065887
-0.176403
1.201016
1.419290
0.900530
1.088380
-0.559241
-0.065063
-1.096810
0.565988
-0.848116
0.831015
0.233007
-1.216949
0.133711
0.782367
-0.606183
-0.382976
1.074640
-0.554866
0.529452
-0.499827
0.442817
2.064966
1.505225
-0.283862
0.905332
-0.633884
-1.346290
-1.745483
-0.557062
1.367384
-1.687628
1.287814
-2.275637
-0.646530
-0.663513
0.890809
-0.830239
-0.230761
0.052105
-1.915616
-0.857823
-0.175999
-1.462522
1.009546
1.039113
-1.247452
0.735376
2.255651
-1.439329
0.336612
1.360233
-0.283211
-1.277730
-2.228472
0.266964
2.298290
0.504943
-2.034199
-0.120071
-0.653259
0.035447
0.347215
0.169930
-0.546283
-0.605067
0.739076
0.350718
-0.373848
1.036807
1.671473
-0.028078
-0.661014
-0.855572
-1.411554
-1.203214
-0.422921
2.019345
-0.784580
-0.101005
0.705108
1.151977
-1.539565
-0.679043
-0.536271
0.566222
0.605650
-0.063360
1.320311
-1.641120
0.352849
-0.116111
-0.918092
1.267075
0.433922
-1.113346
-0.635108
-0.669576
-0.324537
0.667426
-0.655451
2.203046
0.381082
0.535550
-0.137695
-0.852875
-0.433910
-0.587396
-0.435482
-0.523315
0.859156
0.063979
-1.395180
-0.664533
-1.678974
1.394507
1.416472
0.075614
-0.570551
0.141179
0.142787
-1.695317
-0.805269
-0.853234
0.858380
0.942797
0.865770
-0.393419
1.850319
-1.699497
-0.885865
1.253669
0.424985
1.882268
-0.288520
0.192546
-0.060564
-0.406369
1.859405
-0.431323
-0.570914
-1.958673
-1.668262
0.356120
-1.244555
-0.643672
0.354994
-1.784914
-0.178033
-1.975392
-0.201395
-0.616837
0.385936
-0.657760
0.384028
0.662385
1.031116
1.036660
0.318215
-1.438665
0.470898
0.672316
-0.257727
-2.373813
0.487331
0.182487
1.013908
0.628305
0.962784
-1.726505
0.145313
1.644749
-0.391344
-1.462699
0.443799
0.209611
-0.288267
-0.939114
-0.606391
-1.977914
-0.921082
-0.228977
-0.818651
0.469738
0.404194
-0.200987
0.212795
1.222493
-0.305919
2.047075
-0.883107
-0.919076
-0.773585
0.393618
0.635473
-0.791653
-0.688631
-0.788643
-0.968251
2.447146
1.027537
-0.547647
0.366509
1.406660
-0.765156
-1.988412
0.639320
-0.614434
-1.568757
1.188481
2.188027
1.628074
-0.023461
0.900500
-2.140208
-0.284906
0.687577
1.459795
0.916545
0.708706
-0.555462
-0.026152
0.116892
0.883240
-1.456138
0.208380
1.016429
0.631680
0.727374
-1.058815
-0.651024
-1.202747
-1.911398
2.908292
0.471805
0.962751
-1.747675
1.054722
-1.842612
0.067095
0.361804
1.089347
-0.174709
1.023488
-1.631536
1.825991
-2.931682
-1.662721
0.053910
0.822967
-0.127933
-0.400166
-1.619782
-0.781362
-0.944789
-0.798644
0.236853
1.403726
0.444065
1.744372
1.181817
-0.292956
-0.169100
-0.926630
-0.861657
-0.860025
-1.042837
-1.201978
0.644883
2.017039
0.409804
2.207525
1.053667
0.610631
0.283012
0.020439
-0.329537
0.071400
0.527569
0.128075
1.581418
-0.131887
0.042447
-2.207117
1.703972
0.085844
1.259116
1.094005
0.802163
-0.107570
-1.022441
1.735969
1.538568
1.115837
-0.108461
1.931065
0.417585
-0.514932
-0.572041
0.341829
-1.285831
-0.123260
-0.856440
0.838089
-0.711181
1.130209
-0.909240
-1.357413
1.665305
-1.513994
0.021030
0.060393
-1.423906
-0.436428
0.663248
0.213431
-0.112368
-1.364678
1.410752
0.868663
0.751727
0.676689
1.006359
0.078728
1.362377
-1.220121
2.173108
-0.217306
-0.251432
2.797128
-0.261324
0.565964
-0.281133
0.069890
0.935663
-0.095622
-0.679862
-1.230461
0.169279
0.234730
-2.162321
0.305767
-1.739873
1.330109
1.833171
0.799600
0.741675
-0.114186
-0.893136
0.643582
-0.681041
-0.174421
-0.523466
0.496480
1.834067
1.125142
0.684092
-1.994910
-0.119132
-0.735484
-0.595579
0.345971
-0.542983
0.667755
1.862877
-1.281748
0.207327
-0.892795
0.297253
0.042558
0.295631
-0.629788
0.507397
-0.053582
1.707408
-0.856671
-0.405395
1.269858
0.527573
-0.185114
2.116883
-0.804968
-1.163614
-0.986868
0.866580
-0.507330
1.111301
-0.903175
-0.996948
1.429290
0.296468
-0.327380
0.921501
1.714969
0.285928
-1.341678
-1.231945
-0.054914
-1.110223
1.431268
0.012161
0.567260
1.223040
-0.296591
-1.571567
-1.016302
0.891306
-0.419226
1.009161
0.946571
-0.522840
0.549275
1.279752
-0.197294
0.971730
-1.807391
-0.185132
-0.969816
-0.507652
-0.270397
1.615890
1.439305
1.894521
0.463965
-1.044360
0.523276
0.563218
0.618089
2.316467
0.508012
0.556206
0.110574
0.201615
-0.050572
-0.266148
0.145166
1.195678
-2.071366
0.332163
-0.170565
-1.505088
0.059997
1.768739
-0.128130
0.705456
-1.861278
-1.006703
0.248807
-0.509497
-0.449724
1.351673
0.841461
1.360525
-0.376281
-1.451055
1.420142
-1.185685
-0.137318
-0.735047
-0.928292
-1.384210
-2.753148
-2.342207
0.340456
1.163308
0.454306
1.014562
0.577179
0.029693
-1.296908
-0.673919
-1.894147
0.580263
-0.202443
0.829439
1.544364
-2.372935
1.528421
-0.777600
0.228595
-0.525613
0.569611
0.628181
0.547440
0.997147
-1.408086
-0.176023
0.371235
2.526927
-1.420006
0.901587
-1.768644
1.877333
-0.049841
0.318956
-0.932803
-0.790968
-0.244717
-0.226567
0.393602
-0.625776
-0.791287
1.842003
1.073145
-0.575992
0.478174
-0.987276
0.838630
-0.441988
1.070158
-0.906007
1.245543
-1.358486
0.410940
0.465080
-0.770421
0.697849
-0.882994
2.702537
-1.241477
-0.316241
-2.313384
0.724177
-0.198415
0.287540
-0.553626
-1.417339
-0.622951
-0.129473
-0.734596
0.868153
0.057887
0.668716
-1.557135
-1.398936
-0.536392
-0.168999
1.497302
-0.205712
0.356093
1.196145
-0.740570
-0.442699
0.077843
-1.535652
0.818064
-0.676026
0.000616
0.698018
-0.195268
0.427675
0.216516
0.107357
1.908389
-1.079209
0.528608
-0.543970
0.216385
0.013949
0.426863
1.860205
0.607749
-0.792176
-1.118089
1.925492
-0.295274
-0.129710
0.135150
0.142677
1.189597
0.550589
0.640205
-0.345575
0.973357
-0.927297
-1.335469
1.631089
0.121819
-0.643979
-1.981884
0.054165
-0.990802
0.377914
0.455848
-0.094665
-0.958113
0.663928
-0.352291
-0.381026
0.117494
-1.399553
-0.335026
1.316611
-0.998864
0.190002
1.035139
-0.486783
0.756474
-1.340560
-0.207638
0.031540
-1.195198
-0.380972
-0.100178
-0.281141
0.252360
0.219338
-0.003862
-1.916402
-0.951824
2.139939
1.876720
1.093971
-0.441363
1.866122
1.133004
0.068888
0.990185
0.606635
-1.977429
1.831020
1.430406
-1.157542
-0.370178
0.869789
-1.559312
1.025421
-0.367011
-0.064862
1.870658
0.641610
1.145138
-0.175319
0.211002
-1.015513
0.100277
0.915980
-0.342867
-1.231845
-0.238312
-0.024197
-0.333081
-0.123111
0.910018
1.349185
-0.083935
1.316786
0.718048
-0.253566
-0.294803
-0.274575
0.162160
-0.009457
0.459976
1.169111
-1.924156
-0.364229
0.829215
0.048658
0.120464
-0.613124
0.348230
0.603360
-0.168159
1.726870
0.354461
-0.799288
0.846582
1.023919
-0.171593
-0.851475
0.394057
0.631508
-1.372307
1.608716
1.392896
0.134049
1.249811
-1.076789
-1.224604
-1.207752
-1.811214
1.160141
1.358133
-0.314430
0.736655
-0.375050
0.607431
0.832794
0.274831
-0.470559
0.182795
-0.071743
-2.203454
-1.356397
-1.862323
-0.851926
0.581226
-1.104230
0.793323
-1.007892
1.756581
1.658954
0.784615
0.029275
1.563758
0.045736
1.807792
1.123541
-0.632982
1.161842
-0.594115
0.736763
1.528045
-1.156292
-0.163609
1.391398
1.115249
-2.569794
1.321694
0.541254
1.884004
-0.362628
0.630359
1.039836
0.463947
-1.658039
1.553262
-0.750942
-0.988942
0.797766
0.971716
0.627015
-0.036483
1.071923
-0.290619
-0.364333
0.247800
0.136309
-1.330460
-0.474937
0.527427
0.293052
-0.199767
-0.590360
0.615793
1.382456
2.132273
0.564424
-1.905919
-1.356713
0.143676
-1.312364
-0.114010
0.839355
0.251227
0.557590
0.992453
-0.422663
-0.123787
0.550668
-1.535885
1.509810
0.186188
0.241716
-2.051934
-0.370621
-0.219819
-1.809725
0.374036
-0.875010
-0.065700
0.002000
-0.456459
-0.968099
-0.194837
1.205124
1.524822
-0.295382
0.073427
0.037625
0.431797
0.626699
1.360862
0.645202
1.196296
0.713037
-0.208328
-0.535722
0.848957
0.304236
1.127100
0.163357
0.232347
0.308662
-0.698637
1.658255
-0.005223
0.503464
-0.347621
0.112586
1.008466
-1.411982
0.128075
0.310072
-0.412896
0.693751
-1.381567
-1.175327
0.305478
0.162837
0.026079
-0.190503
1.973316
-1.114817
-0.399259
-1.069547
-0.520074
-0.872743
-0.000504
0.731901
0.854264
-1.183163
1.204785
0.152316
0.094545
-0.385093
-0.352752
-0.128497
0.713046
-1.282417
-2.398118
1.276553
0.297089
-0.890726
-0.781486
-0.510270
-0.808940
-1.618128
1.349305
-0.366264
1.123163
-0.021005
0.784373
0.804475
0.050847
0.548543
-0.669804
0.563601
-1.783944
0.877763
0.395229
0.498877
-0.607411
1.387450
1.232290
-0.749069
-1.493409
-0.011314
1.255809
1.200094
-0.622943
0.889293
1.389538
-0.075701
0.179834
-1.795700
-1.133745
-0.509218
-1.747144
-1.410672
-0.382265
-1.372455
2.004332
0.917284
0.383988
0.815392
2.080419
0.000726
-0.595125
1.263261
-1.339757
-0.893281
1.611404
1.220692
1.577978
0.891641
-0.304681
0.320944
-0.132567
-0.824414
0.430655
-0.292824
-0.758325
-1.450433
-0.244057
-0.795406
0.492023
-0.274151
-0.585374
0.261472
-0.474643
0.005805
-0.269618
-0.929583
-1.851483
-0.128394
-0.932984
-0.327226
-1.708366
0.334129
1.397667
0.037386
0.767239
0.869956
0.402051
-0.092750
0.002118
-0.317815
-0.341399
-0.242938
0.106682
0.606975
-0.876899
0.968498
0.358296
0.680080
0.408873
-1.913384
-2.290006
0.379845
0.245446
1.056314
-0.462468
-1.145562
-0.922078
1.022537
1.097414
-0.161614
0.565811
0.438641
-0.162396
-0.765778
-1.159728
0.996844
0.664585
-0.776758
0.765270
0.531022
0.762491
-1.447878
-0.199056
0.500477
0.575268
1.266383
0.203324
1.289503
-1.879455
-0.586241
-1.891374
0.186174
0.073576
0.176558
-0.073527
1.080207
-0.530087
0.700466
-0.599163
-0.884480
-0.485119
0.136484
-1.301073
-1.765485
-0.337098
0.547308
0.012558
-1.415312
-0.721484
-1.663380
0.299063
-2.451094
-1.100919
-0.606684
0.928430
-1.039575
-1.811330
-0.436344
-1.183795
0.350264
-1.011817
-1.178990
-0.163916
0.819853
-0.597096
-1.273585
0.755425
0.255264
0.777028
0.694683
0.969946
-0.511928
-0.088295
0.491895
-0.460886
0.095504
1.229871
0.482839
-0.991162
-0.171480
1.183133
-0.524151
-2.176926
-0.666142
2.126790
1.328387
-0.476761
-1.407502
1.799147
0.546935
-1.481110
-0.228150
-0.130617
-1.954073
1.624731
0.857168
-0.260720
1.655432
1.186566
1.908185
-0.145248
0.143394
-0.878768
0.117368
0.600914
-0.675918
1.142572
-1.183601
0.406619
0.287070
-0.907799
-2.079703
-1.792061
2.517163
0.237030
0.866217
0.300649
-1.001602
-0.086673
0.252868
1.066425
0.985880
-0.720884
0.081748
1.624743
0.778858
1.507339
-0.448879
1.465754
-2.084175
0.503746
-0.719022
0.471529
-0.596744
1.776408
-1.048964
1.585347
1.122787
1.631630
0.462572
0.064700
-0.445315
-0.171354
-1.640740
0.101057
2.326457
-1.519995
-0.027323
-1.137487
1.227150
1.104183
-0.395845
-1.187278
0.522434
0.287796
-0.999204
0.296711
-0.190690
0.930773
0.183975
-0.210858
-1.239785
-0.306590
0.808115
0.797260
-0.025987
1.597372
-0.130645
0.588348
-0.574033
-0.800271
-0.229664
0.233703
0.646961
0.801604
0.758233
1.374948
-0.004132
-0.505199
1.319853
0.011559
-0.033983
-1.376913
0.495934
-0.202851
-0.378360
1.351535
0.380972
0.448361
0.790824
1.492564
0.545306
0.463269
-0.277907
-0.645603
-0.025095
-0.653258
-0.546659
0.192262
-0.953342
1.098463
0.951050
-1.218035
-0.610260
1.213624
-1.812760
-0.482909
-0.313592
1.210955
2.483532
-1.190792
-1.609287
-0.508910
-0.847533
-0.143432
0.397729
-0.460118
1.023013
-0.561045
0.847809
-0.891014
-1.812027
-0.063310
0.558951
0.073429
1.549178
1.141555
0.666509
0.955288
-0.172496
-0.172876
-0.318002
-0.289703
-0.933516
-0.223541
0.110345
-0.944948
-0.852932
-1.283777
-0.250891
0.125192
-0.346351
-1.124548
-0.910534
-0.871913
1.485569
-0.528237
0.283255
-0.525037
-0.095968
0.117995
0.828561
1.216419
-0.059513
-0.108592
0.997566
0.540815
-0.400329
1.054121
-0.791233
-1.394064
0.585744
-0.405354
1.052697
-0.349884
0.074341
0.864327
-1.214693
-0.193919
-0.532091
1.578455
-0.544130
0.545993
0.221796
-1.692583
0.404333
-1.531110
1.249694
0.556451
-1.244388
-0.223985
-0.558664
0.920355
1.319297
-0.049645
-0.845922
-0.485672
0.145039
1.864971
-1.249236
1.923284
0.489159
0.626218
-0.995649
-0.035139
-1.933563
-0.012814
-0.475678
-0.946442
-1.061061
-0.032658
0.034877
1.448843
0.499566
0.192839
-0.091397
-1.104445
1.508984
1.559894
0.381696
0.093348
0.727660
2.151995
1.395643
0.170852
0.223289
-0.616609
-2.064761
-0.321336
-0.130624
1.449676
-0.494483
-0.068904
1.643338
-1.186137
-1.108120
0.173532
-0.682837
-0.745868
-0.007590
0.865555
0.330978
0.032742
0.375987
-1.248857
-0.070543
0.721633
-1.094089
0.254297
0.572232
1.137762
0.055452
0.098245
1.352149
1.646592
0.778380
-0.357702
3.004769
-1.442984
0.523339
1.206868
0.276379
-0.011723
-0.772105
0.526672
-0.767984
-1.299582
2.384625
-0.230450
1.890910
-0.042772
0.772617
-0.482572
0.090300
1.438600
-1.621596
0.261965
0.135304
0.522723
0.932683
0.286969
1.084632
-0.116055
-0.631758
-0.268946
-0.279316
-0.412192
-0.707274
0.712085
-0.958504
-2.344139
0.104193
-0.494290
-0.469392
-1.405665
1.385820
0.265691
-0.894116
0.186399
-1.172616
-0.925895
1.640396
0.408346
-0.155897
-0.918232
0.316453
-1.281333
0.224152
-0.308594
2.171855
-0.364891
-0.017699
-0.593289
0.281324
-0.860486
0.670684
0.641847
-0.632394
-0.413089
0.559873
-0.383117
1.654817
0.925291
-1.088954
-1.615744
-1.858512
0.296251
0.216055
-1.210483
-1.127822
1.028208
-0.474512
1.488173
0.384505
0.056479
-0.565332
-0.713605
-1.522059
-1.749959
-0.303027
-0.981538
0.329850
0.067990
0.545642
1.038117
0.842758
1.905509
-1.479088
-0.949279
0.228163
-2.188859
-0.333217
0.177343
-0.859986
0.807622
0.217573
1.032530
1.204875
1.480390
-0.341022
1.285762
0.783394
1.724452
0.947630
0.880746
0.036754
-0.602310
-0.227480
-0.337629
0.239726
0.836048
-0.247603
-0.668666
0.617645
-0.417903
-0.938324
-1.090889
0.514634
1.167904
0.315782
-0.379872
-0.216416
1.926664
-2.265702
0.126534
-1.236383
-1.026975
-0.787651
-0.847941
0.110395
0.485448
0.290827
-0.606601
-0.044392
0.427828
1.355456
0.846883
1.957931
0.717377
-0.478993
-0.350420
2.765739
0.780286
-1.780062
-0.970149
0.124623
-0.683302
0.987162
0.220927
0.392190
0.019924
0.822491
-0.097674
-0.648583
-0.266711
-0.696344
0.780083
1.438545
0.009682
-0.537068
-0.162988
-0.642491
1.597731
-0.110912
-1.072622
1.277808
-0.273675
-0.577600
-0.029196
-0.352142
-0.517445
-0.737640
0.384847
0.842597
-0.204688
0.868411
0.078659
0.755367
-1.009407
-0.144533
0.699326
1.145518
0.037878
0.402474
0.909733
-0.220522
0.323191
0.731574
-0.273572
-2.160332
0.245487
0.418303
1.219444
1.888104
-0.474934
-0.969895
-0.807585
1.878614
1.698936
1.311255
-0.042851
-0.762206
1.228698
0.564904
0.802204
-0.461398
1.693986
-0.808841
0.811161
-0.044104
-0.117742
0.997371
-1.097490
1.731444
0.071954
-0.366178
-1.378482
-1.335181
0.009406
-0.369549
0.837253
1.110782
-1.692569
-0.084870
-1.078714
0.148993
-1.011647
0.713734
-0.068843
1.708233
-0.391872
1.690760
0.247224
-1.218086
0.045505
-0.087093
1.229887
-1.191058
-1.792930
-2.416992
0.223245
0.812748
-0.106868
-0.181344
0.489295
-0.756352
0.978655
-0.012883
2.371167
-0.026029
1.769617
-0.197791
0.205056
-0.852406
0.754496
0.986836
1.102071
-0.113750
0.920769
-0.350004
-0.315992
1.443932
-1.296796
-0.250554
-1.399176
-0.174126
0.641025
-1.079841
0.690809
-0.280173
0.714251
-1.376361
-0.824923
-0.028683
0.567990
-2.472455
1.812121
0.975596
0.372751
-0.318243
1.506467
0.277483
1.091669
0.951477
-1.275016
1.739015
-1.506331
-0.949921
1.300026
1.000782
-0.515171
-0.388266
-0.419281
-1.250707
-0.595595
2.582275
0.610113
-0.190877
0.091149
1.033110
2.623882
0.169247
-0.136416
1.101215
1.301177
1.635038
-1.495634
0.533241
1.391141
-0.251608
0.367421
-0.935011
0.394343
0.215725
-2.393451
-0.407914
0.184522
1.212193
1.116407
0.462976
-0.057896
-0.591861
0.301192
0.716610
-1.905678
-0.904030
0.494875
0.667319
-0.462774
1.279413
-0.388929
-0.135237
1.039925
0.458369
0.181442
-0.487146
0.582608
-0.416550
-1.503465
0.697984
0.145308
-0.444696
-1.339503
-0.433474
-1.636724
1.857190
-0.717095
1.070615
0.104930
0.603548
-1.509625
0.787753
-0.078623
0.149223
1.957982
-0.058229
-0.073734
-0.451061
0.129136
0.829913
0.949398
-0.468254
-1.467300
-0.054562
0.000070
0.711456
-0.049046
1.690142
1.390168
-1.150330
0.151886
-1.305424
-0.014500
-0.333527
0.831670
-0.702613
0.271491
-0.277791
-0.153305
0.947260
0.359388
-2.109105
-1.280991
-0.015883
-0.959419
0.783190
-0.170490
0.124457
-0.456861
-0.496211
0.356531
-1.374717
0.851345
-0.638185
-1.789176
0.772501
0.865729
0.061385
0.574924
-1.501361
-0.118681
-2.485208
0.083861
0.088487
0.928646
-1.068880
1.011157
0.483222
-1.540521
-1.133174
-2.444080
1.293588
-1.468585
-1.446395
0.347589
-0.228806
-0.327298
0.368052
0.400944
-0.744607
2.527536
-0.613298
0.136411
-0.158741
-1.087331
0.308568
1.312239
0.625153
-0.314597
0.385216
0.158115
1.271259
-0.792802
-0.659624
-0.240347
2.185642
0.102273
0.663307
0.165804
0.909117
-0.559337
-0.532478
-1.977874
-1.385038
-0.276251
-1.082621
1.143747
1.228042
-0.612121
-1.281530
0.523643
0.714274
0.767197
1.640947
0.080709
0.978196
-0.974616
-0.133634
0.820694
-2.287021
0.584218
0.971797
0.764364
0.822454
0.940109
0.313336
-0.621657
0.953050
-0.464091
1.458124
1.175123
-0.088633
1.158488
0.197688
-1.174771
-0.213664
0.703612
1.985581
-0.196586
-1.582693
-1.092693
1.124981
-0.302063
-0.067778
0.351845
2.228787
0.251166
1.128670
-0.615561
-0.827556
-0.538125
0.827392
0.825417
1.421862
0.583207
-1.775902
-0.982340
0.289725
0.570795
-1.131355
1.100251
-0.781056
-0.294048
-1.787975
0.396267
2.374894
1.937475
-0.394663
-2.256875
0.322187
-1.720013
-2.397850
-0.758541
1.519125
0.119063
-1.196694
1.227413
-0.332576
0.915255
0.371899
-0.325934
-0.553324
1.217327
-0.173302
0.640707
-0.110515
0.109543
1.840584
-0.693713
-0.288512
-0.928272
0.086275
-0.525709
-0.322028
-0.296102
-0.731210
-0.589279
-0.457590
0.872401
-0.011385
1.417332
0.136554
0.192282
-0.651630
1.430528
-1.192494
1.875909
-0.545425
1.908590
-0.214548
-1.388936
-0.778817
-0.520423
-0.179444
-0.527387
2.046650
1.049639
1.715338
-0.856814
0.263691
0.777637
0.023222
-1.324476
0.122532
1.624172
1.332409
-0.981269
0.830170
-0.268794
-0.396141
-0.626689
1.662883
-0.635879
-0.701349
-1.333279
-1.755020
0.203412
0.280368
-0.458865
-0.683123
0.375806
1.045634
-0.394076
-0.312708
-1.601550
-0.314347
0.171807
1.020964
-0.311006
-1.485164
-1.624516
-0.063072
-1.701583
-0.235276
-0.389776
0.519626
-0.944763
-1.147598
0.190938
0.817566
-0.427790
0.128640
1.567396
-0.668519
-0.165737
-0.580281
0.337279
2.124247
0.089001
0.596616
0.506171
0.175563
0.188445
0.863246
-0.557097
1.316300
-0.394414
1.299919
2.696709
-1.208016
0.379376
-0.494918
0.622884
1.019813
-0.459250
-0.821408
-0.568789
1.455157
1.013190
1.339281
-0.101149
-1.613272
0.537191
0.379915
0.432318
0.445072
0.196939
-1.269893
1.066859
0.288970
-0.657883
0.307343
-0.634545
-0.465124
0.006289
-0.838296
-0.479359
-1.238776
0.373417
0.602111
-0.953777
0.003984
0.215558
0.220174
0.443847
1.644154
-0.248752
1.132866
-1.863336
0.842409
-0.111033
0.291648
-1.070263
-0.311539
-2.555616
-0.577429
0.553916
-0.867404
1.676995
0.384407
-0.496879
0.949388
1.666000
-1.291430
1.506915
0.277928
-0.749415
-0.535596
-1.441837
1.732362
1.143504
0.509899
0.782577
-0.693155
-0.998386
1.159597
0.287795
-0.629470
-0.848734
1.203003
-0.198431
0.643761
-0.512975
0.167663
0.315391
-0.916312
-0.243157
1.071320
-0.201787
0.556309
-0.374750
-1.413016
0.455232
0.660829
0.965523
0.443309
0.362306
1.045345
-0.584946
0.143555
0.001126
1.224412
0.288236
-0.453459
-2.279314
1.275079
-0.672489
-0.207619
-0.663328
0.237886
0.088475
-0.668929
0.278289
0.272511
1.602791
2.229660
-1.138473
1.307322
-0.263851
0.507674
-0.060949
0.645801
-0.736298
0.112740
0.088291
0.111948
1.126979
-0.116955
-0.425495
0.886067
-0.565353
1.343191
0.079171
-0.781304
0.015409
-0.328933
1.310648
0.251116
-0.245901
1.906061
1.310866
-0.185425
1.591442
0.234471
-1.237593
-1.774576
-1.403191
0.292174
-0.686810
-1.557157
-0.986838
0.263159
-0.595566
0.099785
0.604053
0.194415
1.024023
-0.113598
-0.055892
-0.933534
0.945136
0.177966
-1.980743
-0.265872
1.095980
-1.048593
-1.385104
0.333204
1.687847
0.004025
0.621976
-1.128786
-0.868577
-0.088882
1.064413
1.184297
0.634399
-2.117076
-0.716493
2.470890
0.594041
0.618830
-0.630691
-0.596141
0.886385
-0.341700
1.400344
1.423664
0.254599
-0.887931
-0.532295
-0.303863
0.944761
0.046270
-0.679811
0.089735
0.444042
-1.329267
-1.663263
0.508987
-0.639059
0.981206
0.060653
0.347697
1.457529
0.568776
-0.879282
-1.133206
-0.214834
-0.238440
1.023812
-1.505513
0.326529
-0.344647
1.469462
-0.547390
-0.002632
1.553741
-0.451224
0.016623
-0.315336
-0.937515
1.310892
-0.330040
0.284677
0.081411
0.046396
2.630337
1.707017
-1.372244
1.756027
-0.345089
0.538755
0.852256
-0.366203
1.009904
0.626645
1.340793
-0.262025
1.962575
-1.298570
-0.236025
0.501544
-0.417583
0.881602
0.727645
-0.798961
1.313350
1.117211
0.393950
-0.928977
-0.576847
0.872898
1.101872
-0.594856
-1.340005
0.894651
1.268140
-1.417017
0.956493
-0.689523
-0.714470
-0.688219
0.755151
1.259738
-1.555926
-1.757571
-0.372016
0.235067
-0.209581
0.896568
0.067535
-0.653056
-0.229841
-0.211587
-0.445785
-0.433723
-0.740923
1.944095
1.980729
-1.503219
0.356626
0.089585
-0.128204
0.413658
2.066665
0.360652
-0.340200
-0.765280
-0.021407
-1.534285
0.131672
-0.679560
0.632227
-0.515470
0.233187
-0.605371
-0.644027
-1.318550
1.571930
1.119910
0.658912
0.087568
-2.139184
-0.926191
0.353332
-0.841453
1.613333
-0.396778
0.960252
0.617491
-0.501552
-0.730246
0.217435
0.866258
-0.500907
0.800758
-0.384850
0.115576
-0.023067
-0.571369
0.147109
-2.264484
1.329607
0.598469
1.592747
1.234865
0.928698
0.273678
-0.988952
0.271287
-0.401296
2.364685
-0.252770
0.157150
-0.107966
1.374253
0.344349
-0.219827
1.764905
-0.715210
0.552831
-0.305521
-0.770027
0.382728
-1.323359
-1.037764
0.756019
-1.504454
-1.651998
0.173297
-0.071074
0.128065
0.517311
-1.090262
1.167885
-0.319773
-1.003139
-0.502859
-0.642782
0.116468
-0.134145
0.150559
0.299310
-1.320829
-1.199378
1.599763
-0.906907
-0.252427
-1.556008
0.747178
-0.879040
-0.337149
1.969109
-0.446689
-0.045535
-1.852457
-0.823683
-0.916301
0.720769
3.163887
-0.322148
-0.708140
1.051765
-0.919113
-0.638174
-0.294776
0.521220
-0.253341
-1.186883
1.699436
-0.491741
0.108206
-0.898313
-0.594749
0.125309
0.545450
0.330268
1.704948
-0.026086
0.675710
1.100207
0.414114
0.484595
-1.377966
2.347216
-1.325054
2.776533
0.495373
0.593504
0.132496
-1.555774
-0.630710
-1.705685
-0.808365
-0.122037
0.144957
0.661653
0.656603
1.211459
-0.510948
-1.196551
-0.488401
-1.509058
1.053066
0.948032
-0.861123
-0.570168
0.698916
0.809929
0.001172
-1.450326
-1.015983
-1.901916
-0.375511
-0.612329
-0.257209
-1.756097
-1.104556
-1.663152
0.292131
-1.027209
0.298421
0.298988
1.282029
2.094746
-0.819483
0.184894
-0.021558
0.132853
0.686626
-0.170031
-1.194851
-1.965197
1.235133
0.403183
1.347526
0.186059
-0.715087
-0.113145
1.614372
0.400917
-0.686919
0.486114
1.419552
-0.009812
0.110612
0.912176
-0.265816
-1.284376
-1.461900
-0.892604
-0.873802
0.027803
1.458630
-0.669991
-0.439203
0.187552
-1.487999
-0.323893
0.780397
-0.490802
-0.108745
0.439202
0.862144
-0.048660
1.643754
1.668514
0.026227
0.765443
0.792410
-0.626541
-0.362424
-0.059868
-0.787033
-0.173738
0.114964
2.464991
-0.346860
0.938209
0.165469
1.368688
-1.555730
-0.185402
0.003250
1.334223
-0.307372
1.767794
-2.550445
-1.138922
-0.144905
-0.731500
0.683217
-0.049641
1.729845
-1.398242
-0.317197
0.164959
-2.212614
0.579051
0.381230
-0.403514
1.053598
1.125616
-0.347228
-0.238883
0.078044
-0.964415
0.345636
-1.107799
-0.877095
-0.627397
0.432566
1.983962
-0.131242
-0.301608
1.352983
1.588583
0.119132
0.527660
-0.269358
1.350899
0.051972
0.051357
0.775008
0.078539
0.278887
-0.850240
-1.546307
-0.676240
-0.866208
-1.527668
-1.324585
-0.669509
1.493554
0.225390
0.161496
-0.395104
-0.756772
-0.541292
-0.247031
-0.012231
-0.199800
-1.191799
-1.101361
-1.855707
1.268214
-1.194148
-0.905455
1.252051
-0.116134
0.704188
-0.514345
-2.283239
-0.129864
0.051579
1.054204
0.579168
-0.416383
-1.141232
0.462475
-0.272237
0.895325
-0.295115
-0.454399
0.322275
-0.587425
0.384711
-0.596847
0.052660
-1.782672
-0.104810
0.614384
-0.133411
-0.338019
-0.483958
0.466627
0.886462
0.857333
-0.319129
-0.700131
-1.162481
-0.021118
-1.138293
1.229174
-0.379503
0.475015
-0.170106
0.030421
0.444471
-1.216790
-0.725528
0.513886
1.215411
-0.989116
0.776828
-0.097426
1.310193
-0.524026
0.040743
-0.343127
-0.309330
1.830076
-0.066154
-1.593734
0.966847
0.732584
-0.035954
1.238958
-0.921205
0.251731
-1.793729
-0.065762
0.023073
0.612613
0.872125
-0.658999
-0.761795
0.811875
-1.064457
0.370903
-1.957755
0.036662
0.171090
0.174091
0.138260
-0.453741
-1.202796
-0.666898
0.556753
-1.083982
0.001235
0.480275
-0.923455
-0.250979
0.280589
0.557072
-0.392373
-0.135682
-0.520449
0.809851
0.868186
-0.603873
1.879285
-1.271036
0.375780
0.326739
-0.615070
1.322584
-0.448765
-0.490502
-0.712396
-1.822193
-0.886069
0.684827
-2.495921
-0.568179
-0.875185
2.389365
-0.622778
0.514820
1.607312
-0.753355
-0.850350
-1.769489
1.040993
0.662955
-0.263620
-2.777648
0.168375
-1.194125
1.643953
-0.382441
-0.338443
0.272987
-0.304482
0.071858
1.166062
-0.515046
-0.754737
-1.436217
1.236597
-0.420064
-0.871338
-0.066249
0.165565
-1.017719
-0.965058
-0.453933
-2.482721
0.578792
-2.287905
0.661241
-0.818493
-1.817161
0.824095
-0.241038
-0.276383
-2.056386
-0.747736
0.302346
0.024442
0.532973
0.361632
-0.011063
-0.088419
0.806618
-0.264216
-1.083631
1.409346
-0.900678
-0.209672
2.379752
0.487296
-0.669746
0.474895
-0.116726
-0.562912
0.764489
0.286220
1.071404
-0.170588
1.596192
-1.073878
-1.215089
-0.684088
-1.401146
2.244854
-2.246832
-1.356229
1.193653
0.779276
-0.709144
1.321343
-1.570358
2.150735
-0.219212
0.622986
2.640292
0.716488
1.062011
-0.545420
1.027702
1.809176
0.508986
0.545391
0.518682
-0.089189
1.269077
0.379696
-0.518579
-0.998185
-1.729546
0.168583
-0.054687
1.726033
-2.040894
0.081625
-0.165514
-0.324261
-0.405376
0.335108
0.466303
0.435002
-0.098376
-1.225770
-0.551288
1.005764
1.269030
-1.284480
1.560485
-0.332803
0.851931
-0.367660
1.009391
-0.676829
2.817039
-0.836611
-0.986596
1.124773
-1.527612
1.221614
-0.080750
2.697640
1.435232
0.934861
-0.073728
0.866012
-1.055701
0.292618
0.594175
-0.814750
0.205501
0.398494
1.665656
-0.912461
0.731191
-1.082765
-0.090476
-0.003692
-0.981776
1.019375
0.060805
-0.557938
1.522484
-0.564316
-1.806668
-1.925241
0.262189
0.202203
0.071627
1.105688
-0.844571
-0.691754
-0.701848
0.390584
-0.452641
-0.155656
1.232343
0.276425
2.298487
-0.910876
1.262513
-0.447505
0.921273
0.429378
-0.038641
-0.432008
-2.198015
-0.228633
0.819096
0.968172
-0.457789
-0.334610
-0.069269
0.287444
-1.918308
-0.296009
-0.502452
1.023496
0.902632
0.659285
0.303542
0.837805
-1.058586
0.729412
1.024418
-1.189409
0.229459
0.456946
-0.945989
0.568824
1.776221
0.808491
0.646840
-0.399842
-0.153201
-0.828473
0.914971
-0.500415
0.651786
0.111225
-0.390529
1.038820
-2.413370
0.279602
0.815499
1.012773
-0.223151
1.044424
1.377545
-0.938209
0.590742
-0.931599
-1.266347
2.211978
-0.691246
1.036809
2.138864
-0.092552
1.053635
-0.398203
0.071198
0.468035
-1.097043
0.129017
0.314363
0.025435
-0.077546
1.767882
2.538815
1.340953
-1.415779
1.135876
-0.813432
1.388997
2.155105
0.758553
-0.961116
0.437219
1.045310
-1.743435
0.738252
-0.007294
0.128982
-0.305397
1.692103
-0.689862
0.999111
1.166663
-0.508759
-0.861296
0.200922
1.369919
0.292681
0.308138
-0.254128
-1.571505
-1.214686
0.883845
0.806700
-2.496540
0.095800
-0.827819
-0.581918
-1.228949
0.892984
0.538762
0.139042
-1.171640
-1.637573
0.343321
-0.986103
0.689278
-0.153980
-0.622947
0.253881
-0.061840
1.995579
0.346301
1.036154
0.736698
0.533873
-0.257467
-1.144568
-0.508290
0.350372
-0.277070
-0.209981
0.329950
0.806931
1.598526
1.133213
0.615089
-1.174235
-0.993730
0.275919
-0.029851
1.389019
1.235492
1.429380
0.207508
1.414687
0.582640
-0.501786
-0.328216
-0.853297
-2.079563
0.732025
0.435049
-0.392446
-0.559144
-1.484851
0.783163
1.050118
-0.064519
-1.782877
0.260830
-0.344556
1.976626
2.479833
1.181646
0.416802
0.341325
-0.618996
-0.782243
1.058584
-1.943901
0.496408
-0.512876
-1.596599
0.364677
-1.125997
-1.575118
0.141387
-1.017731
-0.733711
0.417813
-1.821767
0.460488
-0.043156
0.807365
0.499577
1.022893
-1.253646
-0.078388
-0.366375
-0.063033
-1.209907
-0.429269
1.926873
-0.324505
1.613856
-0.085245
-1.065262
-1.019444
0.537542
-0.508702
0.578158
1.069789
-0.720263
0.053953
-0.232651
-0.012813
0.088851
0.496175
0.004064
2.536333
0.095438
0.962258
1.050370
-0.235015
1.781314
-0.489923
-1.346659
-1.682953
-0.527758
-0.403321
1.242946
0.547010
-0.799079
0.442626
0.469232
-1.239641
1.645719
1.045396
0.244744
0.628835
0.272601
1.064267
1.373350
0.191640
-1.353827
1.725581
1.385289
1.987573
0.351174
-0.388858
-0.441058
-1.050306
-0.680435
-0.512888
-0.141366
-1.834797
0.619225
0.603612
-0.456818
0.137192
0.711073
-0.084508
1.215399
-1.587678
-0.947929
0.952433
0.064391
0.639104
-1.733550
1.242576
0.153076
-1.679617
-0.282432
-1.852690
-1.265793
-0.873239
-0.114393
0.581526
-0.624421
1.494334
1.250161
1.244327
0.414639
0.686866
0.357921
-0.518404
1.034628
-0.491326
-0.562878
0.923947
-1.271886
0.179969
1.287043
0.484714
0.469550
-1.390236
-1.805778
1.722267
1.039062
0.383425
-0.755872
-0.694433
0.502773
0.166132
0.304326
-0.071184
-0.086497
0.891271
-0.163414
-0.217264
0.379286
-1.336659
1.567328
-0.523018
-1.293277
0.239365
0.995779
1.458428
2.600198
-0.038586
-0.345609
-1.419092
0.859576
0.784097
0.932085
-0.023710
-0.388726
0.005370
0.749656
-0.076570
-0.143330
0.532955
-0.066694
0.160105
0.084842
0.752754
-1.065858
0.359750
-0.530715
0.643051
0.561095
-1.323878
-0.282580
0.976287
-0.917265
-0.067402
-1.933942
-1.319277
-0.934218
0.297616
0.243464
0.119903
-0.567513
0.253739
-1.899388
-0.160605
1.773973
-0.979576
1.083718
0.510999
0.855242
-1.835742
1.148506
-0.620703
1.833722
-0.759994
0.955865
-0.685174
0.584416
-0.143011
1.182861
0.784503
-0.489459
-1.689317
-0.018667
-0.794795
0.145056
0.049537
1.010645
0.027646
1.399875
1.042323
-0.889696
-1.105326
1.442139
-1.279846
-2.227455
-0.316256
0.246761
1.840866
-1.089538
0.211016
0.882405
0.587057
0.267923
-0.123784
0.326711
-0.918627
1.338922
0.277165
-1.436690
0.454444
0.424521
0.549839
-1.129261
0.202044
-1.805649
0.426653
1.115124
-0.294136
0.053529
0.989856
-2.123916
1.194789
-0.505720
-0.529132
-0.013537
0.079357
0.863612
-0.300759
-0.797074
0.001300
-2.105906
-0.298024
0.123088
-0.670123
-0.741185
1.415805
0.107755
-1.805955
0.611164
-0.957378
0.853169
0.390555
0.016898
-0.512720
0.597415
0.641705
0.927726
-1.564631
1.114201
-0.609342
-0.249186
-0.941847
0.873415
-0.216796
-0.360465
0.329233
2.683062
1.408814
1.065357
-0.663279
-0.459875
2.136451
0.202269
0.382435
-0.247944
0.402482
0.665200
-0.297070
-0.470388
1.625096
-0.592556
0.054465
0.443655
-0.025615
0.302134
-0.430605
-1.694588
-0.273686
0.275956
-0.207146
0.860961
-0.735491
0.436361
0.042216
-0.125448
1.613262
-0.573424
0.012594
0.025381
0.912510
0.516743
-1.169121
0.418992
0.740477
-0.233179
1.239434
0.549309
0.653671
-0.239065
1.171257
0.560601
-0.785183
-1.103611
0.315843
0.491523
0.974756
1.783061
-0.133417
-1.310264
-1.763327
1.140578
-0.096900
0.870840
-1.063671
1.065220
0.498139
0.400131
0.075964
1.513105
0.642501
1.609328
0.293006
1.388099
0.085384
-0.669588
2.115334
0.047686
-0.513070
0.728041
-1.111210
-1.312762
-1.732877
1.354660
-1.526921
-1.907422
0.927857
0.245795
-1.119478
1.027032
0.173495
0.027376
0.474729
-0.796121
2.434671
0.761280
-1.022227
1.748350
0.134542
1.196813
-0.379856
0.721457
0.475615
-0.993536
0.935608
0.124429
-0.487443
-0.928624
-1.559233
0.456671
0.592525
-0.161461
-1.854065
0.257636
-0.591174
1.683755
-1.243056
2.221387
1.253498
-1.495747
-0.268956
-0.535895
-1.427223
0.957858
-0.007311
0.713437
1.304815
1.320121
-1.074392
-0.914681
-0.148737
-0.786128
0.327390
0.654202
-1.065349
-0.369831
0.074252
-0.920395
-0.160137
-0.104991
-1.375464
1.099584
-0.996003
-1.273936
-1.642835
-0.270503
-1.144705
0.053794
-0.187182
-1.490803
-0.363861
0.836229
-0.463986
-1.518972
-0.022132
0.389320
0.502210
0.162586
-1.108191
-0.099153
-1.229102
1.258526
0.859713
0.617013
-2.230043
-0.160769
-0.815908
0.514074
-0.663094
0.603846
1.217520
0.807951
0.010958
-0.319161
-1.283349
-0.696077
1.122187
-1.191553
-2.212980
-0.463520
-0.511407
-0.193415
-0.384768
-0.640797
-0.313236
-0.891338
0.765947
-0.991429
-1.287424
0.437147
-1.297409
0.057565
-0.065216
0.556165
-0.047696
-0.866846
0.344547
-0.949741
-1.075216
0.354827
0.238810
0.176222
0.767670
-0.411340
-1.822951
-0.363244
-1.223502
1.138526
-0.512370
-1.004112
0.791555
0.089525
-1.753874
-0.099737
-0.103473
1.142328
1.456335
0.053379
0.686973
0.075338
1.008739
-0.944482
-1.197900
-0.853568
-0.026550
0.969273
-0.030891
0.373105
-0.666584
-0.453008
0.363064
0.172091
-0.202484
0.535094
-0.203361
0.181979
2.947244
1.159317
-1.587798
-0.304974
-2.204826
-1.356561
-1.191449
0.433341
0.737331
0.768499
-0.367945
-1.791027
-0.062692
1.027838
0.750167
-0.284605
-1.070910
1.134122
-1.936496
2.113636
-1.124302
0.353267
-1.365292
0.059094
1.315877
0.654540
-0.972483
0.387966
1.057033
0.038000
0.242020
0.175507
-1.052663
0.410423
0.569767
1.019621
0.892230
-0.651554
-0.225265
0.892791
0.007055
-1.850622
-0.923911
2.339208
0.230679
0.790602
0.637434
-1.748174
-1.471915
0.790651
1.801785
0.850014
-0.731379
1.727320
-0.350167
0.669789
1.966506
-1.194618
0.223031
1.165842
0.141468
0.557234
0.831421
0.679652
0.889569
-0.462107
0.488094
0.614314
-1.183225
2.067016
-1.891645
1.637842
-1.299808
1.547407
1.246387
1.575704
-0.318997
-1.329086
0.292622
1.723850
-0.307713
1.796588
-0.460907
-0.294822
-0.690006
1.548039
-1.565925
-2.368881
0.374495
1.303390
0.494995
-0.939948
1.874278
1.890566
0.785112
-0.530814
0.335203
1.597459
-0.067220
-0.099433
-0.156733
1.640593
1.821979
-0.259535
0.090346
-0.202041
0.701093
-0.170569
-1.773965
0.990052
-0.240975
-0.328383
-0.253378
-0.110747
-0.191442
-1.761757
0.582646
1.878517
0.698287
-0.823392
0.624268
-0.621684
0.461366
-0.201915
-1.105511
-0.819387
-0.762122
-0.124870
-1.571794
2.307081
-0.030598
-0.827582
-0.906902
-0.215244
1.000387
0.469857
1.442206
-1.202488
0.483640
1.067800
-0.657184
-0.450523
0.090373
-0.919636
-0.197924
-0.069284
0.464257
-0.632861
0.090152
-0.477558
0.930988
-1.402844
-0.398478
0.262042
0.070426
-0.785658
0.334417
-0.826267
-0.653737
0.600327
0.388354
0.910538
-0.554280
0.754971
0.516819
0.905804
1.472843
-1.153903
1.164830
0.039335
-1.005895
-0.433822
-2.083944
-0.014761
0.278961
-0.737250
-0.747497
-0.685561
-1.529205
-0.644522
1.536578
-0.865509
-0.028994
-0.908413
-0.199732
-0.689824
-0.101954
1.783863
-0.742462
-0.559688
1.913467
-0.687258
-0.823498
-0.683913
-0.622013
1.205937
-2.207070
-0.152311
1.826083
0.992391
0.094671
0.617789
0.822131
0.412856
-1.038663
-0.680703
0.312742
-0.535364
-0.018280
0.952498
0.463400
-0.620601
0.256512
-0.969874
-0.587687
-0.229145
0.138715
-0.671979
-0.143221
0.189634
0.437984
-0.243455
0.763388
-1.618647
-0.162196
-0.088602
-0.064099
-0.005346
0.332691
0.569657
-1.562046
0.231051
-0.506755
-0.419838
1.373054
0.310302
-0.326122
-0.309195
0.387562
1.510058
-1.188676
-1.173805
0.163325
0.064975
0.451393
0.003651
-0.029775
-1.375809
-1.108264
0.341631
0.472884
1.080542
-1.447092
0.831522
-0.973128
-0.431847
0.894008
0.872605
-0.769755
0.681122
0.239502
-0.346629
1.097903
2.013894
-0.235677
1.570780
0.266576
1.620949
-0.322838
-1.696205
0.879991
1.043350
-1.439109
-0.265977
1.451165
1.125291
1.047728
-0.332630
0.158113
0.224727
2.444888
0.806331
0.683099
-1.605562
-1.217605
1.418496
-0.639720
-0.348347
-0.371658
-0.089553
0.338635
-0.270753
1.221751
-0.125766
0.472338
-1.320442
-2.357520
0.297617
-0.551762
-1.047596
-0.050406
0.927107
-0.468944
0.803694
-0.169757
-0.387582
1.502727
-0.680954
0.328727
0.239282
0.795910
0.048624
-0.326513
0.041223
0.423973
0.283726
-1.634025
-0.134395
0.499334
-0.814070
0.897134
-0.063579
0.962053
0.586612
0.024960
0.599416
1.191598
-2.092976
-0.372723
0.087364
-0.156215
-0.612263
0.448858
-1.541779
0.168137
0.639574
-0.557659
0.295417
-0.068709
0.062624
0.467424
0.546543
-0.087767
-1.095814
-0.813441
0.717892
-0.048225
0.314297
1.198190
-1.408006
-0.308914
-0.083290
0.498984
-0.058754
0.443170
0.293563
-0.655496
-1.286402
0.444218
-0.213739
0.480375
0.344430
0.991479
-1.182334
-0.691311
0.354260
-0.894944
-1.375747
-0.154882
0.876107
2.482363
0.492607
0.119816
1.267517
-0.380217
-0.751358
0.091087
-0.653080
0.040635
-0.923181
2.279204
-0.632034
0.141197
0.145497
-0.072843
0.567612
-0.304277
-0.923634
0.842661
-1.377194
0.133107
-1.297232
0.537247
0.220754
0.291787
1.376204
1.621152
0.537006
-0.412323
-0.852578
0.153879
0.519694
-1.534592
-0.412643
-0.351085
-0.419315
-2.378384
-1.500832
-1.905303
-0.494575
1.995263
-1.534688
-0.449317
-2.121556
-0.539568
1.343021
2.129279
0.224905
-1.034476
-0.743271
1.672881
1.395066
0.117193
-1.625041
-0.306508
-2.074088
0.399375
-0.453639
0.957996
1.243823
1.449700
-1.272255
0.210648
-0.255405
0.076190
0.728921
-0.261636
-1.124653
1.194851
-0.245889
-0.635133
0.223663
-1.696579
-1.691070
1.395305
-1.068328
0.184502
-0.702832
-1.434341
0.602337
-1.233709
1.058233
0.323396
-0.977172
0.250108
-2.787357
-0.013211
1.602210
-0.586199
-0.538901
0.767911
-0.645256
0.749063
0.754643
0.547381
0.562004
0.795346
-0.603579
1.103725
0.484306
1.727037
-0.357636
-1.278400
-1.890178
0.485611
0.194443
-0.133081
-0.420923
0.176812
0.449087
-0.295850
-0.250022
-0.211246
-1.355779
-0.169354
-1.324498
-0.587593
0.063451
1.583819
-0.565428
-0.999291
1.072227
1.079257
0.097908
-1.437317
1.854967
1.185243
0.958198
-0.637068
-0.125784
0.865055
-0.048962
-0.661557
0.536443
0.827174
0.421435
0.918859
0.078288
-0.933628
-1.798534
-0.256795
-0.122660
1.783070
0.342909
-1.274523
-0.753689
0.956348
0.093289
-0.152371
1.337900
-1.083909
-0.789263
1.226191
-1.740831
0.925642
-0.075221
0.126804
-0.058936
-0.173305
-0.861193
0.173084
0.254549
0.494085
0.279216
-0.904735
0.743271
0.562161
-1.875143
-0.791093
-0.838486
0.895090
2.133841
0.971838
1.076667
-1.993821
0.928919
-0.031303
1.469720
-0.372208
-0.066150
-1.504713
-0.937546
0.910891
0.183157
0.756715
-0.735988
-0.289303
0.415843
0.059561
-3.104073
1.717773
-1.495608
0.420000
-0.704985
-0.002706
0.817943
0.086830
-0.497252
0.983714
-1.793520
0.991976
0.590364
0.280326
0.124606
-0.421285
-0.439454
-2.943001
0.617854
1.295550
-0.364424
-0.867746
0.938645
-0.033153
1.905017
-0.212993
1.320993
0.414648
-0.575056
1.385636
-0.167622
-0.712621
1.266355
-0.169504
1.190120
0.038290
0.042234
-1.574509
-1.348672
-2.471211
0.634812
-0.168743
-0.703417
0.932920
1.524473
0.139290
-0.176339
-0.742881
-1.001466
1.606335
0.805769
0.959610
0.095620
-0.697651
0.662836
1.526745
-0.258730
-1.230205
1.370193
0.393109
1.316878
1.462696
-0.509963
1.391566
-1.643701
-1.029017
2.266471
-0.718059
0.952808
-0.049477
0.662507
-1.029252
0.943316
0.585841
-0.417946
1.029793
-0.473773
-0.174348
-0.283315
1.438495
0.090348
-0.186873
-1.229623
-0.447241
1.758723
-0.370917
-2.940647
-1.224849
1.187848
0.327503
0.409254
0.406625
2.329416
-0.594442
-0.522787
1.240810
-1.716966
-0.421362
0.575803
2.207268
0.735839
0.114141
0.354132
-0.171303
-0.087838
-1.762186
1.104502
-0.594820
1.209041
-0.405277
-1.704069
-0.416476
2.768935
0.292198
0.945607
0.021431
-2.144558
0.173948
-0.681717
-1.163774
1.030070
-0.319293
-0.052770
-0.578202
0.038302
2.314585
-0.534600
-0.988964
0.604391
-0.041241
-1.212205
1.583053
-0.677115
-1.143804
-1.118435
1.791240
0.170579
-1.849085
0.216244
-0.825333
1.644685
1.495704
0.285285
1.846240
1.173922
0.226216
-1.154872
-0.998398
-1.345271
-1.292450
0.487484
0.384572
1.012094
2.811401
0.144586
-0.456302
-1.905849
-0.757641
-0.223710
0.030808
-0.012408
2.320323
0.477588
1.107337
1.021992
-2.167738
1.428492
-0.862028
-1.044533
-1.309445
0.458799
0.147020
0.448512
0.074185
0.598258
-1.290625
0.667723
1.377726
-0.085670
0.606466
0.447096
1.433771
-0.164853
0.234889
1.094559
0.131627
0.982184
0.371358
0.688052
2.130256
0.099735
0.656609
-1.216536
-0.415558
-0.547213
1.499939
-0.217471
-0.481097
1.311343
-0.595278
0.824269
-1.790702
0.437597
0.172315
-0.382243
-0.804086
0.677087
0.029694
1.106910
0.021908
0.442191
-0.628915
-1.363745
-0.931055
0.902069
-1.233383
-0.491765
-0.529760
-1.346513
-0.454190
1.010895
0.299199
-0.086205
0.292572
0.269102
1.084740
0.672610
-0.614512
-0.424212
1.899854
-0.634355
0.981550
-0.661048
-0.982356
0.447048
1.079527
-0.171601
0.968217
0.239949
0.083370
1.084328
1.591111
1.365395
-0.135260
1.262852
0.093903
0.994195
0.512110
-0.237120
-0.450473
-0.401875
2.332049
-0.437279
0.725704
-0.143011
1.730998
-1.616640
-0.436244
2.068908
-0.207886
0.218154
1.531303
0.907027
0.790082
-1.793952
0.170315
0.424116
-0.968167
-0.270998
0.244774
0.215922
0.558085
-0.467757
0.926496
-0.356147
0.128117
0.449932
0.090047
0.376311
0.447040
1.085968
-1.866995
-0.183522
-0.256977
1.249432
0.638564
0.524532
-0.770940
1.243640
0.361878
0.416550
0.644424
-0.390851
1.174904
0.614856
-0.682577
-0.661485
1.412513
0.346684
-1.037117
0.097908
-0.447487
0.300101
-0.455486
-0.520269
-0.041933
0.580799
-0.133662
-0.330081
1.419754
-1.541763
0.753814
2.543691
-0.652391
0.729686
0.292947
-1.253405
-1.410384
2.328307
1.124353
-0.124387
-0.685254
0.616975
-1.343494
1.561999
0.865956
-0.491648
-0.347800
-0.330367
-0.226011
0.238931
0.638926
0.152284
-0.028706
0.905668
1.385126
2.134881
-0.085996
-0.111391
-0.346163
-1.530089
0.548527
-0.208488
0.701638
0.549160
-0.369078
0.646381
1.787253
0.348594
-0.054358
-0.018143
0.451226
-0.577835
-0.046384
-1.079125
0.091688
-0.724672
-1.293545
-1.106448
-0.381215
-1.376577
-1.456245
-0.345021
-1.075973
0.814527
-0.175420
1.056320
0.218925
1.264964
-2.264841
-1.630202
-0.396823
2.281906
0.450940
-1.391607
2.589314
-0.325306
-0.801658
1.126960
0.468359
-0.012746
0.318905
-0.924449
0.112490
-0.586259
-0.787776
-0.096807
0.318466
-1.670055
-2.110425
0.948966
1.031357
-0.681847
-1.180889
-1.271474
-1.058201
-2.001384
0.190049
-0.638614
-0.450740
0.102809
0.681331
1.295715
-0.608649
-0.273722
0.500922
-0.388451
0.179266
-0.350116
0.544486
-0.503955
0.483874
-0.843481
0.530634
-0.410226
-0.749631
0.006552
1.076308
-2.111175
-1.029349
1.229202
0.476332
-0.521428
0.039274
-2.738931
-1.564342
0.593798
0.543778
1.510188
0.331555
0.450557
0.529679
-0.159489
0.604871
-1.340654
-0.431296
-1.226720
-0.259493
-0.010897
1.074642
-0.832970
1.809342
-0.864107
1.609964
0.838718
-0.335174
-0.436559
-0.780702
-0.423220
-0.367232
-1.414188
-0.691262
-0.247658
-0.720205
0.428861
0.090914
2.787056
0.969845
-0.311335
-0.236480
-0.688302
1.587907
-0.196521
0.631043
-0.103174
0.747850
0.158900
0.121418
-0.792554
0.436644
-0.345885
-1.301411
-1.234034
-0.472732
0.048912
1.805493
-1.036053
1.316781
0.710005
-1.025470
-0.625925
-0.490935
1.333660
0.015845
0.234745
0.583936
0.737152
0.653114
-0.337113
-1.604271
0.111255
-0.395955
-1.236663
0.541460
-0.137011
-2.277971
0.557591
-0.309991
0.918055
-1.145258
1.552010
1.184257
2.258454
-0.673039
0.005713
-0.648050
1.785078
-0.225973
1.101582
0.368883
1.117511
1.460307
0.038352
0.040995
0.766713
-0.281801
0.161165
0.263986
1.692049
-1.325721
-0.582151
1.182199
0.038413
0.585108
-0.622466
-0.157650
1.155358
0.169830
0.855259
0.205762
-0.463494
-0.798795
0.413156
0.865726
-1.113061
0.729687
0.309829
-0.195133
-0.503551
-1.389371
2.147090
0.565805
0.600114
-1.801342
-1.695841
1.375381
0.015441
-0.360121
-0.596862
-1.470874
1.463602
-0.452535
-0.613462
-0.545656
0.282343
0.033324
-2.632675
0.423101
1.260716
-1.285847
0.284279
0.325580
-0.165482
-0.856099
2.176527
0.477225
1.671052
-0.448990
0.897271
0.555429
-0.415997
-0.618578
-0.466196
-1.073968
0.475467
0.761077
0.300315
1.311036
0.573266
-0.780224
-0.256230
-0.236356
0.104613
0.340501
0.291752
0.255451
-0.392700
-0.812307
1.257495
-0.956999
0.738118
-0.138163
-0.776908
-0.798482
0.036701
-0.785716
-0.143570
-1.399105
-0.091043
-0.661821
0.249092
0.302164
-1.494994
0.921544
0.509272
-0.154647
1.322111
0.024566
-0.052137
-0.006237
-0.699924
1.084873
-0.177535
0.279632
-1.560986
-0.302143
-1.119122
-0.236282
-0.128525
0.636569
-0.525536
-0.062194
-1.388268
0.382915
-0.963707
-0.185859
-0.463663
-0.412052
-0.642630
-1.354033
0.812431
-0.380663
0.883072
0.208272
-0.974822
0.446556
1.935488
-1.586624
-2.163929
0.286388
-0.905247
0.211516
-2.133804
1.291448
0.190538
1.294311
-0.781701
-0.366068
1.167144
0.042070
0.444308
-0.171254
1.365791
-0.066410
-0.483902
-0.022229
-1.596090
1.580555
-0.939728
-0.378575
0.881277
-0.668165
0.833523
-0.587978
1.295145
0.000751
0.756316
0.308577
-0.394808
-2.061577
-1.691271
-0.432100
0.704062
-0.906369
0.370519
2.225099
-1.079723
-2.348082
0.396122
-0.803055
0.939661
0.297904
1.225462
-0.124057
0.105682
-0.307760
-0.631504
0.894106
1.261616
0.290131
1.873328
-1.009293
0.051617
1.079320
2.202733
0.951899
-1.197947
0.341763
-0.683866
1.358717
0.173631
0.779914
1.624398
-1.898969
0.273193
0.909606
-1.150296
0.414913
-1.477765
-1.447087
0.317345
-1.122566
0.763812
1.744273
0.002059
0.186983
1.454361
-0.205030
-0.906771
0.018237
-0.196385
-1.393310
0.917825
-0.061669
-0.292521
0.826608
-0.504730
-1.320494
-0.104140
0.014383
0.118808
-0.183220
0.903466
-0.565934
0.258310
0.497581
0.300189
1.434807
0.021947
-0.984286
1.496207
0.641111
0.091865
-0.441908
-0.770831
0.966081
-2.199568
-0.604068
-0.316268
-1.329712
-0.675124
0.514097
0.319420
-1.783006
-0.177919
0.711718
1.396401
-0.844116
0.206353
-2.210179
-0.941540
0.958213
-1.638062
0.657081
0.240731
-0.783980
-0.787022
0.850163
-1.230247
-0.899436
-1.699520
-0.300648
-0.192865
0.457018
1.292192
0.488190
1.165878
0.060077
0.077946
0.030338
-1.187073
0.978711
-1.381485
1.453312
-1.121462
0.873947
-0.539546
1.182977
0.468594
-0.237443
0.405731
-0.147851
0.622130
1.478127
-2.231731
0.286370
-1.104902
1.011586
-0.426204
0.081628
-0.158211
0.456024
-0.747841
-1.425101
-0.919547
-0.415181
1.029806
-1.956791
0.744366
2.189907
-0.850854
1.688304
0.833766
-0.132822
-0.284046
0.016738
-0.174952
-0.803986
0.475682
-0.920443
0.642460
-0.272025
0.116461
1.115267
1.628548
0.940239
-0.193441
0.595035
1.071252
-0.036183
-0.107378
-1.297455
-0.462447
0.883327
-1.117143
0.181535
-0.396469
-2.082433
0.768806
-1.184875
0.202351
-1.592134
2.036857
0.329674
2.477602
-0.600593
0.111797
-0.645381
-1.954045
0.809814
1.037022
-0.003357
-0.251403
1.478735
-0.742037
-1.197525
-0.693775
-0.254165
1.540850
0.343590
-0.141596
-1.129043
0.665504
1.180615
-0.827340
-1.728916
0.755206
0.931794
1.180702
-0.826114
-0.268970
-1.305350
0.460681
-0.046114
-0.964064
-0.166236
1.258236
-1.268030
-1.847738
0.147598
-0.468512
0.663388
-0.384017
-0.563616
-0.477069
0.865806
0.239964
-0.074577
-1.611388
-0.892430
1.064094
0.404160
-1.003699
1.032536
1.456038
0.338483
0.217006
1.153856
-0.100861
0.132093
-0.061478
0.130197
-0.758608
0.343195
-0.082109
1.149302
0.581803
1.802567
1.009259
-0.163202
-0.324945
-0.903129
-0.419989
0.165313
-1.374577
0.101722
0.215883
-1.929907
-2.069084
-0.773318
2.602413
-0.968995
-0.057689
-1.739133
-1.226246
-1.083194
-0.445493
0.477703
0.373384
0.134133
-1.057404
-0.122261
0.065289
-0.171908
-0.871865
-0.703964
-0.630087
-0.610635
-1.374745
0.465031
-0.189205
0.459649
0.486891
-1.144245
-0.384118
-0.098744
-0.720381
-0.669809
1.464712
-0.733594
0.739272
1.259580
-0.288468
0.450534
0.614718
1.368164
-0.335403
0.711444
-1.106427
1.220932
0.080317
0.136026
0.542664
0.912421
0.455574
-0.121505
-0.001136
0.318851
-0.361155
0.820088
0.406633
-0.936429
0.351578
-1.002005
-0.983151
-1.448224
-1.811748
0.804193
1.329173
-0.632322
0.668156
-0.628580
-1.708827
2.327148
1.089716
0.501104
0.793202
0.376476
0.090421
-1.042049
-0.187298
0.270569
-0.349123
0.485013
-0.900173
-1.124660
0.065816
0.355800
-2.240428
-0.472732
-1.864949
-0.388500
0.918010
1.015003
1.517097
-0.498106
-0.679200
0.601100
-1.829317
1.007800
1.546470
0.628713
1.287419
-1.611924
1.135800
-0.865960
-0.940115
-0.550556
0.049065
-0.716860
2.540322
1.035416
-0.222103
-0.211269
0.140556
-0.172712
-0.102179
-0.288430
-0.920396
-1.296404
-0.205876
-1.732754
-2.624013
0.486329
-0.394691
-0.108279
0.049813
1.319959
1.615101
-0.469524
0.349388
-0.448474
-0.417605
1.119054
-1.167403
0.545691
-1.205048
0.510920
0.948996
-1.784174
-0.563558
0.994054
1.782177
-0.544723
-2.086676
-1.083323
-0.136352
0.752315
-1.098524
-0.357210
0.289255
0.420882
-0.698254
-1.391516
-0.306161
0.573405
-0.256542
0.101149
0.338091
0.228683
0.095891
-0.767255
-0.011104
-0.699076
-0.889393
0.421576
-0.257524
-0.526140
1.643429
0.791365
-0.069703
0.705168
-0.973734
1.652782
1.022135
-0.672262
-0.404488
-0.385190
0.709170
-0.096917
-0.618954
1.599991
0.385439
-0.036352
0.134721
0.111431
0.742091
-0.860777
0.017640
-0.499749
-0.901288
1.530528
-2.527709
0.388796
-1.931590
0.809927
-0.062306
0.964970
1.298499
-0.516274
-0.042913
0.284664
-0.789014
0.354753
-0.837144
-0.536037
1.680650
-0.772806
-1.120993
-0.110837
0.745949
1.304134
-0.113592
0.490809
0.126426
0.634258
1.774169
0.684245
0.705769
-0.278094
1.007834
-0.374851
-1.332796
0.545080
0.238585
-0.725285
-0.013586
1.465629
0.312882
0.669105
0.793240
1.768666
1.764328
0.858819
-0.536654
0.085757
-0.267375
-0.654191
1.685813
0.013615
-2.046847
1.770156
-1.180904
1.424682
0.377640
1.099735
-0.387195
0.580945
-0.104191
0.793030
-0.577544
-1.577638
0.449948
1.721888
-0.029126
-2.075527
-0.341035
-1.683480
-0.998340
1.855679
0.396563
1.002786
-0.282023
-0.888034
0.237362
1.774436
0.671790
-1.186981
0.006017
1.344045
2.246877
-1.443571
-0.231091
1.004827
-1.764088
-1.060506
-1.126294
0.217470
-0.325952
1.214025
0.836026
0.001120
0.472919
1.766876
1.150600
-1.221039
-0.156089
-0.314928
0.276273
1.423539
1.537227
0.050448
-0.391296
-0.653430
-0.640438
-0.826114
1.699599
1.462954
-0.733670
0.463886
-0.605190
-1.601540
0.645380
-0.848896
-0.996606
-0.423148
-0.585238
0.316271
1.169457
-0.593374
-1.109994
-0.722017
0.259677
1.354225
-1.466706
-2.013526
-1.291229
0.719161
-0.776110
0.605545
0.487532
1.202017
-0.758199
0.377006
0.739694
0.832689
0.171601
-0.702486
-0.526899
-1.440949
-0.457994
0.064555
-0.639724
0.422182
-0.017350
0.275723
-1.303302
-0.773234
0.997841
1.018376
-0.928886
0.533190
-1.929049
-1.652565
2.013351
-0.327322
-0.922906
-1.010606
-0.073576
-0.161670
-0.586020
0.339687
-1.470160
-0.391430
0.439094
0.236698
2.326963
1.778173
0.600338
-1.021647
0.847851
1.196638
-0.156404
-1.196633
1.248160
1.645372
1.833183
-0.720764
-0.693865
-1.173371
0.438357
-1.478642
-1.363399
1.294364
0.634044
0.111719
-0.790386
0.075230
0.738435
0.326499
1.153511
-0.589242
1.351496
1.463633
0.483328
0.375495
-0.283281
0.005880
-0.277570
-1.552743
1.861471
-0.639067
0.739702
-2.869913
0.645805
0.652051
0.260503
-0.497539
-0.397820
0.027121
-0.317466
0.157310
0.293256
-0.084745
0.134755
0.150458
0.658390
-0.737797
-0.490390
-1.923686
-0.449953
0.194196
-1.197996
-0.234662
-0.559182
-0.533849
-0.831629
0.901265
-0.930435
-0.128031
-0.253236
-0.408711
1.406224
0.395437
1.321673
1.031975
1.391037
-0.813549
0.514709
1.815601
0.262219
-1.337995
0.124404
-0.585443
0.348959
1.316132
0.944153
0.781990
-1.862770
-1.017083
0.076911
1.436105
0.711654
0.380586
0.538500
-1.683267
-1.066254
-0.754481
0.039233
-0.966238
0.866873
0.426248
-0.889554
0.100842
-1.662265
-0.958653
0.980684
0.166785
0.931168
-1.249669
-0.159019
-0.294375
-0.583696
-0.812558
0.118471
1.320610
-0.121933
0.114228
-1.231163
-0.183082
-0.403519
0.573083
-0.708970
-0.913117
-0.578472
-1.180238
1.050412
-1.019189
0.401826
-0.621593
0.183537
-0.316938
0.899273
-0.230085
-0.875681
-0.363424
0.236152
1.050855
-0.632842
0.710879
-0.826627
-0.130905
-0.674044
1.180980
-0.830828
0.072367
-0.511792
-1.406599
0.090931
0.362299
-1.101923
0.103431
1.134039
2.497292
0.904402
-0.045207
-1.471198
2.030046
0.626427
-0.090395
-1.016542
0.031728
1.621236
1.069797
-0.302726
0.149661
-1.938699
1.490715
-1.719265
-0.419453
-1.064760
-0.636784
-0.329453
-0.232176
0.334684
-0.407251
1.726578
0.736302
-0.582370
-1.935025
-0.593701
-0.777518
1.485202
-0.566375
0.891133
1.119408
0.943111
0.606618
1.098344
0.623794
0.741196
-0.546501
0.060515
-0.936347
-1.245722
-1.038991
2.017875
-0.276447
-0.323665
0.188596
-0.456921
-0.312228
0.596948
-2.164183
0.688608
0.669714
1.042043
-2.057651
-1.143108
0.449192
-0.837814
-0.030810
-0.817506
0.238493
0.829677
0.013813
-0.085843
-0.752832
0.818537
-0.110792
-0.988218
-0.701988
-0.109338
-0.708295
-0.038734
0.496713
-2.575905
-0.056481
0.605270
0.788328
-1.711781
0.683357
-0.450147
-1.190936
-0.479593
-0.475180
-0.570432
0.832445
0.739562
-0.315345
-0.474675
-1.252280
1.519022
1.820051
-2.671448
-1.752896
0.178314
-0.775436
-1.046394
-0.175499
0.454271
0.099067
0.705810
0.999980
0.143073
0.475196
-0.145546
0.823594
-0.411726
-0.301780
0.270764
0.312087
1.918724
-0.667362
1.388072
-0.225346
0.569518
0.800679
-0.081792
-0.467250
-1.228062
-1.258914
-0.529395
-0.850951
0.071437
0.745998
0.788856
-1.193926
-0.355947
1.012155
0.837397
-1.621644
0.076791
1.008215
0.296998
0.201070
-0.926825
-0.827150
1.224014
0.942167
0.621515
1.639855
1.322025
-0.664933
0.107415
-1.776327
2.795531
-0.940715
-0.059969
-1.293469
-0.670874
1.998196
-0.005815
-0.580094
-0.334730
-1.590632
-0.754144
-1.697089
-0.069941
-2.599912
-1.090539
0.214438
0.965738
1.729752
0.074128
0.414296
0.577268
0.170542
0.322816
-0.944503
-0.851806
-0.607990
-0.276134
1.092260
0.793197
0.279290
0.910269
1.589745
-0.700578
-0.790688
-0.037649
-0.117957
0.744960
1.247022
-1.317672
0.906692
-1.114421
-2.084616
-0.441103
0.283722
-1.873495
0.202212
0.283989
-0.285404
-1.097296
-0.612864
-0.177471
0.266735
-1.939526
1.156035
-0.273357
0.767097
0.063967
-0.238295
2.236248
-0.190157
1.563503
-2.751302
1.914863
-1.106705
1.225924
0.857037
-1.417027
1.392685
-1.058517
0.259833
1.876259
-1.070605
-0.626078
1.151717
1.773706
0.518693
2.077973
-0.276789
0.939986
-1.654899
-0.899373
-0.207517
-2.161543
-0.159543
0.544290
0.101594
1.054533
2.636104
0.466130
1.701806
0.465217
-0.381152
0.068348
-0.814576
0.159151
-0.339089
-1.373582
1.919839
1.293363
-0.278701
2.000630
-0.489077
0.096032
-2.421548
-0.554055
2.256433
-1.180786
0.505069
-0.806692
0.500246
1.056665
0.351691
-0.863926
0.708032
-0.097118
0.751392
0.073117
2.733986
-1.164008
-0.934505
-1.130224
-0.152031
-0.480662
0.374168
-1.361107
0.324929
-1.150891
-1.394919
1.030754
-1.410442
1.488866
0.384424
-2.116698
1.039699
-0.845561
0.084353
0.172007
1.405217
-0.616518
-0.692451
-0.940379
-0.009919
-1.787739
-1.131224
-0.227950
-1.281066
0.315134
2.538236
-0.111832
0.827236
0.866869
-0.633685
0.213893
-0.039307
-0.480089
-0.059844
0.986209
-0.270213
-0.283536
-0.518106
1.607377
1.825811
1.155569
0.701136
-1.460088
-0.193591
1.378130
1.354828
0.846982
0.903288
1.777737
-1.094966
-1.041133
-0.057478
-0.144535
1.589984
-0.152741
-0.120902
1.027358
-1.627365
0.313024
-1.200010
-0.351517
-1.182258
0.372444
-1.038950
-0.323514
0.923894
0.307310
0.852266
2.375227
0.564518
-1.820556
0.050010
-0.081501
-0.899573
-1.742747
-0.881443
-0.810567
1.020812
-0.524557
1.651488
2.009527
2.101429
-0.063097
0.219927
-1.247408
-0.418163
0.390763
-1.049206
1.502630
0.290714
1.150666
-1.402217
0.781749
0.706976
0.218069
-0.938899
1.324419
-0.405352
0.074198
-0.140537
0.401739
0.766578
0.308661
-0.791852
0.438854
-1.123904
-0.974382
0.388685
-0.716430
-2.635723
1.312614
0.031317
-1.574333
-0.370730
0.063451
-1.024699
1.740505
0.382675
-0.141280
1.098436
1.886449
0.897102
0.090749
0.548215
-0.582598
-0.220122
-0.755773
-0.521542
-1.141605
-0.876270
0.451467
-0.075865
1.512507
0.144916
0.621181
1.450042
1.033828
-1.709483
0.161730
-0.630537
0.453025
-0.768382
-1.635905
0.414197
0.565806
0.414210
0.186838
0.402395
0.516307
0.168904
-0.188360
1.530650
1.190422
0.566556
-0.838718
2.292607
-0.394206
0.828140
-0.534095
-0.644706
0.856829
0.674303
0.332721
-0.899329
0.982253
-1.574451
-0.510633
-0.192914
0.145315
-0.319615
0.326502
0.786875
1.323660
-1.643509
0.746698
0.127459
-0.638285
1.217190
-1.927289
0.157483
0.118726
0.493379
-0.252476
-1.431329
0.324508
-0.899375
-1.094983
-0.659580
2.420784
0.719816
-1.455285
-1.032384
-1.259260
0.368106
-1.169401
-1.708564
-0.403569
0.642689
-1.401359
1.409936
-0.485579
0.607846
-0.837123
-1.007374
-0.414881
0.106315
-0.765124
3.013811
-1.274682
0.407246
-0.930046
-0.267291
-0.055343
0.357337
-0.161065
-0.474316
1.540754
0.671075
-0.542537
0.283851
-0.673662
-0.524463
-1.204111
1.585319
1.566012
0.741139
1.180747
0.553925
-0.909240
0.348191
-0.907730
-0.596666
0.864212
-0.322026
0.266246
-2.212948
-0.391094
1.505910
-0.757496
0.359343
-2.745531
0.949947
2.159550
-1.677399
-1.770586
0.744192
-1.031937
-0.065456
-0.987195
1.320965
-0.622009
-0.069835
0.255404
-0.891012
-1.758735
-1.090182
-0.015044
-1.147048
0.164022
-0.330145
-0.458564
-0.108597
-0.681445
0.096384
0.144401
0.551728
1.642651
-0.554999
0.064747
0.028223
-0.199446
0.157998
1.528117
0.380069
-0.752547
0.102775
0.377485
0.572104
0.362825
0.405951
1.865565
0.285661
-1.530895
1.598346
0.317294
-1.839401
0.190748
-0.268036
0.457676
-1.579534
0.702050
0.080889
0.408299
-0.735037
-2.846454
-1.151637
1.777430
-0.051234
-0.903923
0.291554
-0.239975
-0.244812
0.193259
0.054689
-0.757492
-0.056915
0.497782
-0.286322
-0.149511
0.754780
0.266645
-0.595223
0.479596
0.827830
-1.216244
1.472758
0.194623
-0.366249
-0.475329
0.564001
-1.723161
-0.114496
-0.670154
0.816400
2.044901
-0.921610
0.708430
0.245551
-0.908269
1.436283
-1.728531
-0.489049
-0.678873
0.458957
1.398481
-1.105181
-1.131671
0.937217
-1.132654
1.101614
-1.060334
-0.141467
-1.345931
-1.152821
-1.365752
0.503289
0.503415
0.888309
0.226763
-0.592682
0.169896
0.712428
0.152078
-1.084613
0.358149
0.204027
0.750845
0.676393
0.498138
-0.933947
0.309309
0.909632
-0.175285
-1.849265
0.010814
-0.009967
-0.129437
0.189330
0.284494
-0.278798
-0.523952
-0.556074
-1.087762
1.408129
-0.973665
-0.244258
0.202947
-3.003779
-0.986737
-1.448453
-0.890700
0.721200
0.859101
0.823914
-0.172596
0.311689
-2.504546
0.753998
-0.093509
0.081178
-0.127952
1.676716
-1.183721
0.809779
0.105098
-2.018118
-0.914402
1.145096
0.630998
0.510242
0.107175
0.316551
0.268883
1.182412
1.099130
-1.612119
1.757817
-1.439263
0.250365
-2.572068
1.531879
-1.458437
0.733519
0.249538
-0.432906
-0.904039
-0.102672
1.802494
0.020309
-0.810864
0.220476
-1.660798
-0.103022
-2.748901
0.789020
0.262540
-1.011675
-0.568005
0.341850
0.043179
-0.460507
-1.653315
-0.508027
-0.137465
-0.626498
2.319553
-1.657010
0.444914
0.801274
1.488550
1.470781
0.653640
-0.137277
-0.190368
-0.898858
0.778928
-1.192214
-0.374662
-0.844680
0.404897
-0.401113
-1.341614
-0.676584
-0.825175
-0.187034
-0.364755
1.205415
-0.504190
-1.032139
0.085162
0.231149
0.768384
0.424830
-0.985514
-0.141540
0.212303
1.287689
-0.565420
1.684185
-0.495373
-1.889527
0.415019
-0.826612
0.921882
-1.109611
-1.002903
-0.304068
-0.334050
-0.826589
-2.345374
-0.292993
-1.707728
0.952165
-0.185855
0.808173
-0.640793
0.467648
-0.746409
-1.132600
-1.770592
-0.679628
2.675091
-1.335241
1.742850
1.704528
0.142402
-1.726895
1.454310
-0.888962
-0.492656
1.636021
0.341228
-0.174280
-0.825478
-0.097885
-0.942745
0.138703
-1.295863
-0.517704
-0.785032
0.004392
-1.455205
0.832037
-1.492847
0.979514
-0.319346
-1.367005
-1.315998
-1.740603
1.269856
-2.471871
-0.565072
-0.536053
-0.217996
-2.339663
-2.592520
0.023160
-3.136772
1.333870
-0.626349
-1.711584
0.113517
2.394013
-0.162306
-0.503328
0.318513
2.575778
-1.266323
0.035670
0.996046
0.288943
0.433310
0.528883
1.753611
-0.497634
1.087470
-0.316306
1.078090
-0.080168
0.001366
-0.323334
0.316705
-0.586781
0.187789
0.103113
-0.943881
1.818078
-1.747933
-0.140638
0.764841
-0.181180
-0.724828
-0.877335
-0.963161
-1.372351
-0.696935
0.758751
-1.365253
1.295590
1.532006
-0.650766
-0.684767
0.420595
0.343447
1.113567
-0.720760
-1.696154
0.247464
-1.560170
-0.268946
0.038375
0.842336
-0.939550
1.137487
2.232482
0.307354
-0.893200
1.264710
0.712141
1.731371
-0.025057
1.621078
0.017512
-0.380902
-0.721469
0.587426
0.098206
-1.627972
0.629606
0.795611
0.684559
0.362145
0.200417
0.788658
-0.446185
-0.797154
-0.516225
0.489101
0.502894
0.260545
0.453685
-0.549313
-0.276349
1.433282
-0.034539
1.079274
-0.276831
-0.769725
0.021998
-1.337164
-1.577555
-1.548730
2.717709
-1.589648
-2.233558
-0.746674
0.028398
2.259754
-0.460031
-0.737072
1.417217
0.263258
-0.833930
-2.238881
-0.051007
-0.053412
0.148227
-0.413757
-0.377859
-2.234471
-0.338547
2.377576
-1.277601
-0.559940
-0.277296
-0.318452
-0.154740
-0.138490
-0.115269
-0.826448
0.223634
-0.596592
0.273597
-1.479811
1.038759
0.942159
-1.346916
-0.768209
-0.303785
1.603620
0.466222
-0.852939
0.272744
-0.508176
1.148003
0.620869
0.642700
-1.392995
0.487285
-0.642775
-0.560412
1.750903
-0.461537
1.005967
-1.383185
1.032793
-0.649091
-0.751536
1.737956
1.262769
0.522140
-0.899841
-0.925102
-0.377048
2.391069
-0.002574
-1.607032
1.310603
1.262314
1.165676
-0.079641
0.780166
1.284732
1.758728
0.487204
1.518020
-0.800525
0.563728
-0.163353
1.475225
-0.697233
-0.725840
-2.530885
0.903991
0.273939
0.847905
-2.433499
-1.113460
-0.899095
2.245410
0.423657
0.749228
1.159688
-0.415098
0.282785
0.279534
-1.106412
-0.710935
1.239748
-0.810313
-0.450975
0.481633
-0.163278
0.035876
-0.828244
-0.077225
-0.750808
1.320372
-0.430043
0.979225
0.728451
0.570988
-1.900419
1.172265
-0.662396
-0.697443
0.173461
1.520106
-0.399904
-0.284105
-0.025705
0.614705
0.208085
0.622310
1.705737
1.402498
-0.238773
-0.403684
0.147344
2.187741
-0.735543
0.056673
-0.841557
-0.782017
0.359352
0.860988
0.195060
1.172045
-0.473027
0.911391
-1.440895
-1.186905
-1.433952
0.175305
0.375850
-1.126031
0.519290
0.380493
-2.181874
1.578182
0.512445
1.111868
-1.116451
-1.850416
-0.731126
0.750673
0.580947
1.193963
1.838119
-1.252202
0.668555
-1.237193
-0.570138
-0.773653
0.294419
-1.153807
-1.450359
0.609338
0.918004
0.567780
-0.366463
1.078050
0.965488
-0.188470
0.210778
1.509329
-1.024379
-0.538264
-0.266620
-1.856019
-1.641556
-0.834116
0.659680
-0.707192
-1.287488
0.108693
-0.624119
1.378798
-0.544489
1.067893
-1.290025
-0.951325
1.864909
1.830207
-0.790191
2.256329
-0.281888
0.247806
0.049579
-1.483462
-1.574398
0.395142
0.903753
-0.282895
1.399369
-0.073877
1.298775
-0.136520
-1.323579
-0.081830
0.204553
-0.217496
-1.097016
-0.004067
-0.922078
-1.655622
0.537997
1.038395
-1.724844
-1.707921
0.617676
0.838536
-0.085312
1.847152
0.847962
-0.020856
0.596939
0.157096
-0.017183
-0.098921
-1.158039
-0.114224
-0.100437
0.066006
0.430922
0.163122
-0.360688
-0.880172
-1.595369
0.081714
-1.384298
0.753969
1.250580
2.236881
0.939538
0.913845
0.947764
1.259084
0.572843
-0.008928
-0.573823
-0.430190
0.065230
-1.123196
0.363290
-1.371820
1.008883
-0.702789
-0.583569
-1.164585
-0.633327
0.572368
-0.182967
1.003512
0.648956
1.344801
-0.765873
-0.644711
1.787370
1.245803
-0.278109
0.841108
0.756569
-0.290762
0.129127
0.074934
-0.546189
-0.126587
-1.520612
0.775794
-2.186017
1.575413
-0.844455
-0.999049
0.400611
0.368181
1.790203
-0.783066
2.127151
0.591410
-0.419094
0.505984
1.402527
-1.419723
-2.503539
0.118613
1.382953
-0.786358
-1.499466
0.739397
2.426907
-2.010100
0.209253
1.586457
0.327170
0.241994
1.091406
0.161192
0.542734
0.015166
-0.387066
-0.291205
1.091411
0.257432
-0.409558
-0.034173
0.754575
-0.521119
0.328265
0.835686
0.455919
-0.516619
1.786179
-0.326943
0.961890
0.636219
-1.047821
-0.574207
-0.959530
-0.368186
0.553068
-0.731371
0.763736
0.619740
1.229115
-0.823934
0.519149
1.834097
-0.851753
-0.548098
-1.530253
0.567249
-0.381472
-0.159347
0.010215
-0.730344
-1.386136
-0.527620
0.886795
-1.738163
0.240617
0.544907
-0.840818
-1.190891
0.429432
1.198383
1.614524
0.804670
0.136524
1.053562
0.325570
0.774831
0.618132
-1.322988
-1.366424
0.195192
0.617201
-0.291968
-0.437455
0.302828
0.293330
-0.972172
-0.600809
1.998637
1.601429
1.102399
0.412832
0.193366
0.861075
-0.305027
-0.772297
0.471585
0.712164
0.525145
0.011203
1.093969
0.911275
0.261880
-0.689582
-0.130922
-0.043260
0.628763
1.374896
0.247902
0.247973
-1.759767
-0.310116
0.149299
0.110400
1.191566
-0.195663
0.265426
-0.744615
-0.600485
-0.175247
0.211448
0.630198
0.693693
-0.770439
0.450218
1.524067
1.500774
1.298980
-0.548088
0.325246
2.025928
0.103342
1.607064
0.106013
0.903722
0.813986
-0.439122
0.444818
1.411931
-0.145872
-1.228062
-1.987613
-1.347794
1.043004
-0.208073
0.298690
1.247962
1.441641
1.187254
0.397723
1.242342
1.145099
-0.855488
1.247248
-0.503326
1.200609
-0.121141
0.674647
0.349540
-0.966648
0.929743
-1.996839
0.719685
0.079082
-1.145851
0.894008
-0.450770
-0.697288
-0.922860
-1.230133
-1.770665
-0.664974
1.272147
1.277899
1.024637
0.331351
0.649609
1.630761
-1.492745
-1.191877
-1.182268
0.738791
1.781118
-0.323077
-0.653018
1.051083
-0.736973
1.719549
-0.033372
-0.504607
0.487134
-0.491898
1.200444
-0.132699
1.220605
-1.061363
0.787776
-0.398861
-0.992856
-0.878272
0.440336
0.665906
-1.430998
-1.087038
0.542355
0.449804
0.511466
1.267884
-0.630126
-0.746574
0.059379
-0.488565
-2.510854
1.085891
-0.782751
-0.299604
0.560219
-1.542086
0.946088
1.244926
1.101644
-0.210031
-0.126421
0.613700
0.244424
0.263734
0.372653
-0.484019
0.919780
1.283081
0.002797
1.037462
-0.596565
-0.740047
-0.685423
0.571113
-0.607215
-0.301027
0.540339
0.859393
-0.433464
-0.281792
-0.271138
-0.213461
-0.745302
0.268279
-0.317714
1.580829
0.156533
1.483989
0.235350
1.245465
-0.144344
-1.735690
0.934934
0.551427
0.036505
2.404480
0.457292
0.173169
0.102950
-0.828249
-0.946679
-0.055166
0.385716
0.511394
1.160732
0.729815
0.530728
-0.411116
0.596613
-0.438725
0.557323
-0.799049
0.284550
0.972806
-1.022895
-2.854304
0.915788
-0.512350
-0.456326
0.165208
0.784088
-0.100765
-1.343940
-0.347785
1.303461
2.662813
0.060419
0.481428
0.335956
-0.201581
0.359052
-0.864418
0.444604
-2.045012
-0.757540
0.822023
0.936785
-1.173999
-0.501319
-0.475141
-1.026576
-0.266301
-0.408510
-0.967061
-0.770844
-1.518108
-0.123847
0.800534
-0.675542
1.585359
-1.315020
-0.205355
1.380838
0.856282
0.386810
1.009524
0.053968
1.258684
0.539485
-1.249283
2.157839
0.250191
0.838601
0.366257
2.030728
0.417991
0.886974
0.302442
0.362523
1.447485
-0.315279
-1.625091
1.270968
-0.220769
1.265369
0.680112
-0.712130
-0.603416
-0.914556
-1.196679
-0.780986
0.257462
0.306979
-0.972134
-0.706897
-1.493310
-0.660707
0.267527
1.312066
-0.868423
2.002526
0.799299
-1.037493
-1.094629
0.721091
-0.479690
-1.603824
-1.440492
0.530494
-0.063685
0.261225
0.341972
0.046518
1.290890
1.092201
0.763295
0.562630
1.673353
-1.213566
-0.158144
-1.010779
-0.108697
0.478451
1.587686
1.104951
1.387114
-0.563530
-0.142271
1.413562
-0.003527
0.416740
0.510769
0.558017
-2.260947
-0.979308
0.240710
0.923455
-0.460539
-1.381384
0.266946
-0.995702
-1.337588
-0.118550
0.287172
-0.022133
-0.067339
-1.707558
-1.360758
-0.679948
0.188702
0.944217
-0.551297
-0.603920
0.822781
0.364878
-0.861067
0.211561
0.014347
0.366361
-0.337835
-0.303607
-0.186138
0.142267
0.263199
1.300378
1.413302
0.628984
-0.559149
-1.290383
-1.149270
0.858180
-1.030293
-0.788889
0.698989
-1.122827
0.073414
0.455182
0.301046
2.399202
0.069821
1.698692
-1.029936
-1.571777
0.563371
-0.094648
-0.390851
0.265179
-0.924032
-1.223787
0.773143
0.338679
1.553472
0.539480
0.825303
-1.466904
1.071850
-0.361410
-0.119850
-0.550979
0.507564
0.237271
-0.197479
-0.475814
0.915455
-0.104516
0.650559
1.763273
0.900140
1.067631
-0.632601
1.293184
0.836989
0.110990
-0.422553
-0.587075
-1.242547
0.803290
-0.873037
1.352689
1.726203
-0.623828
-1.066733
-0.577294
1.097099
0.424117
-0.395470
-0.139487
0.000039
0.564448
-2.449119
-0.301754
-0.605081
2.271800
0.508664
1.167219
1.731530
-1.081575
-1.468283
1.013578
1.433795
-0.557587
1.566103
0.212209
-1.973408
-0.627612
1.017617
0.747523
1.085141
-0.449083
0.008115
1.357601
-2.020606
-0.418296
0.914577
-1.968327
1.426672
0.725389
0.051102
0.879882
-0.323018
-0.731677
-1.528018
0.782569
