-1.115847
0.350835
-0.432129
0.270416
-0.959130
-1.229017
0.683383
0.536707
1.058208
0.305485
-0.426721
1.617407
-0.202519
-0.532374
-0.772648
-1.799025
0.558013
1.108596
0.587160
0.064493
-0.422055
2.749440
-0.776305
0.969494
-2.180874
0.622761
-0.458221
0.034463
-0.818941
0.228620
-0.901090
-1.374805
0.330412
-0.190759
-0.551477
-1.327570
1.391107
0.859950
0.322337
0.177844
-0.106351
-0.759371
0.063332
1.228752
1.154308
1.340727
0.025088
-0.756268
-0.061114
1.229499
0.319142
-0.399600
-1.335549
0.345075
0.702423
0.009006
0.196839
-0.827247
0.022454
-0.595323
0.118800
0.391493
-0.970041
-0.729220
0.784123
0.763655
-0.048263
0.530250
-1.303670
-0.970644
1.667762
-0.143152
-0.674772
-0.695040
1.791015
-1.803292
1.274943
-0.328570
-0.627035
-0.272650
0.004243
0.117667
0.298235
-1.545685
0.148872
1.075681
0.440933
0.113448
-0.294481
0.259304
0.481004
0.936604
-0.328733
0.328262
1.686999
-0.826884
-1.328223
-0.309454
-1.152037
0.950189
-1.270748
-0.119752
0.956660
1.442487
-0.534884
-1.026967
-0.462291
0.646775
0.694611
-1.607100
-1.260039
0.063058
-0.973611
-0.213152
1.108677
0.712302
-1.488284
-0.431890
2.444150
0.047458
-0.763481
-0.379974
0.363002
-0.228496
0.914895
-0.225644
0.955958
0.534374
0.232985
0.366216
-0.457991
0.165345
-0.348560
1.124819
0.060060
-1.104516
0.258962
0.694258
0.282010
0.294734
1.543400
0.111478
-0.269611
-0.180087
1.158643
-0.085651
0.399911
1.235894
0.386012
0.951667
1.025953
1.182623
1.239204
-0.797671
-0.706950
0.023485
0.612188
0.106843
-0.324076
-0.079460
1.053560
0.189445
-0.232680
-0.369038
1.688412
-0.051482
-0.787028
0.485207
-0.532914
-0.733709
-1.294380
-0.387413
1.101776
1.180454
1.075069
1.869551
0.588074
0.456836
-1.079786
-0.598204
0.779470
0.584669
-1.679115
0.485879
-0.330483
-1.020701
0.965294
0.613222
2.804349
0.223136
-0.135605
-0.381402
-1.425113
1.180356
1.117221
1.599198
-0.206506
0.879048
0.862634
-0.187839
-1.435284
-0.082495
-0.910437
-0.286896
-0.338020
0.302428
-0.658767
0.785780
-1.078448
-1.703506
0.003508
0.065524
-0.980298
0.631497
-1.116258
-1.188002
-1.525656
0.575782
0.089083
-0.578238
-0.274558
-2.909563
-0.156803
-2.597513
-0.527508
0.424160
-0.672731
-0.260638
-0.477545
0.232651
-1.422949
0.192057
0.383728
-1.368127
-1.085024
-1.839222
0.820189
-0.312195
-0.339237
-0.018865
-0.616206
-1.253553
-1.527467
-1.690466
0.771654
-0.472700
2.740833
-0.508201
1.111336
1.520417
0.357445
0.329441
0.590578
1.260279
0.427174
-0.396951
0.031405
0.332300
0.812965
-0.679064
0.415574
-0.083289
-0.646793
-0.555469
0.892031
-0.968159
0.212014
1.391715
0.148453
-0.247681
1.021719
-1.154133
0.766401
0.438418
0.190069
-1.540560
-0.600657
-0.409410
-0.117737
-0.232165
-0.362356
-0.406997
-0.460288
2.055795
0.237273
-0.597943
-0.145616
-0.932905
0.022170
-1.240929
0.734540
-0.330762
0.134389
-0.819304
-0.095998
-0.718672
1.322961
-0.512132
-0.435616
-0.403002
-1.723093
0.525253
0.373355
-1.004467
0.767487
-0.814812
-1.525265
-0.463055
1.026690
-0.884152
-0.630864
-1.617496
0.829176
-1.189877
-1.028897
-0.777795
-0.898789
0.466696
-0.393344
1.195972
0.355190
0.759538
0.187686
1.835743
0.611980
0.896887
-0.066662
0.290196
-0.028645
1.950752
0.514730
0.561383
0.548270
0.096037
-0.862798
-0.528139
0.957156
0.439259
-0.566375
-0.084814
-0.283677
-0.147120
-1.194189
0.417423
-0.315082
1.658242
0.701619
0.061988
0.079031
0.630134
1.473247
-1.412184
1.174035
-0.016001
0.429719
0.329013
0.871378
-1.924931
0.295928
0.630349
-0.867970
-0.264717
-0.420322
0.818005
-0.922831
0.288797
0.471857
1.304490
-0.899728
0.367082
2.154414
-0.678381
-0.788793
-0.200187
0.875803
-1.978213
-0.706060
0.593430
1.565857
-1.087727
-1.819891
-2.037720
0.410988
0.087133
1.042138
-0.031221
-0.088147
-2.130914
0.628119
-0.736848
1.468764
-0.928546
0.000632
-0.081488
1.500421
2.938659
1.677021
0.764964
-0.914963
-0.644237
0.509120
1.425907
-1.156799
0.400027
0.627314
-0.422912
0.262824
-0.709637
0.153382
1.375012
-1.684389
0.752507
2.936220
0.053173
0.632008
-0.161450
-0.563515
-0.045798
0.329606
-0.189049
-0.712798
-0.017038
0.957531
-1.903443
-1.432888
0.206270
-0.309980
-0.609895
0.204721
1.099332
-1.836187
0.667723
-0.525387
-1.426963
-0.030783
-1.056795
0.268452
0.233946
-0.187180
1.017606
-0.243298
0.537421
0.159078
0.566240
0.400025
-0.846130
-0.646448
0.159405
0.019530
0.441503
-0.596374
1.446147
-0.150304
0.617973
-1.747789
-0.647421
0.264715
1.159511
-0.259962
0.690169
0.429960
-2.158804
-1.537661
-0.073698
-0.234146
-0.570614
-0.760418
0.070986
0.430199
0.265650
-0.727167
-1.053348
2.217129
1.546947
1.532811
0.210151
-0.136459
-0.375428
0.610192
-1.155649
0.352189
0.403750
0.331056
-0.775683
-2.050498
0.380041
1.248793
1.647392
0.225243
-1.105493
-1.113659
-0.783750
-2.514476
0.014420
0.166911
-0.162597
0.414445
0.200733
-1.054849
-0.345436
-0.773563
-0.692152
-0.710080
-0.492191
-0.295533
-0.038176
-0.505923
-1.641094
2.154373
-0.445164
2.206608
0.971564
-0.193352
1.242481
0.564031
-0.205127
0.786377
0.492213
-0.523506
-1.305712
-1.238182
-0.813331
-1.120173
-2.416914
-0.050049
0.271731
0.731415
0.686221
-0.484129
-0.863461
-0.332328
-0.686742
0.977726
-1.046892
-2.958677
2.076597
0.008450
1.606832
0.620299
-0.524532
0.781586
-0.739888
-0.370632
0.482704
0.607732
-0.517320
-0.074510
0.599166
1.663732
-1.890162
-1.927320
-1.127839
0.414383
0.055218
0.413126
-0.238396
-0.644065
0.650920
-0.002507
1.761481
1.236591
0.549801
0.453428
0.942127
-1.941320
-0.965305
1.237765
0.402490
0.741737
1.651469
0.421873
0.229259
0.953670
-0.691824
-0.054769
-0.934347
-1.247269
-0.418362
-0.570292
-0.506700
1.222350
-1.523390
-1.289092
-1.241366
2.078102
1.534783
2.704979
-1.086606
-0.480466
-0.513873
-0.449744
-0.134242
-0.419628
-0.850596
-0.639754
1.156253
-0.230489
-0.587256
-1.879612
-0.313811
1.177329
0.435287
2.502934
0.021788
0.727784
-0.393805
0.812681
0.035800
0.496500
1.973011
0.420225
-0.547821
0.918157
-1.374315
-0.243446
1.159371
0.739893
-0.659286
-1.807144
-2.390914
-1.460318
-0.397117
0.838124
-0.025845
1.014074
0.046340
1.368564
0.629555
-1.059538
0.907920
0.073839
0.084983
0.945956
0.144731
0.253291
-0.516516
0.935734
-0.533247
1.925345
0.552676
-0.225805
0.531042
0.605005
-0.789952
-0.541223
-0.783919
0.604026
0.692468
-1.202219
-1.436753
-0.933283
0.686874
-0.180865
-2.456349
-0.652255
-0.224992
-0.323674
0.406518
-2.069696
0.348485
0.551289
1.428358
0.136292
-0.460217
0.744452
-0.391595
0.555836
-1.764351
0.596361
-0.625105
-0.469192
-0.090420
0.503517
2.644085
-0.397677
-0.570524
0.358786
-0.235435
3.358995
0.225533
1.145354
-0.919414
-1.623872
1.304662
-0.535705
0.406326
0.398120
1.751830
0.218995
-0.142759
0.164602
0.405583
-0.485168
0.906203
-1.218576
-0.248912
-0.796348
-0.892447
-0.774828
-0.230777
0.725869
-0.811962
-0.513336
-0.250388
1.713831
-1.123720
0.605226
0.109007
-0.072495
1.148567
-2.002710
-0.366688
-0.057370
0.431050
-0.339085
-0.849130
-1.498560
0.374950
1.724313
1.614634
1.147500
1.222129
-0.179229
-0.990680
1.139833
1.495350
-1.327676
-0.093555
0.722514
0.235738
-1.108557
0.836970
0.325177
-0.262728
0.322574
-1.041340
-0.358447
-0.525926
1.167234
0.930855
-0.161753
0.181999
-1.126155
-0.620932
-1.385781
-0.346792
0.341388
-0.967126
-0.105417
-0.780349
0.975032
-0.386434
1.232731
0.313637
0.331625
-1.805127
-1.164784
0.314332
-0.617149
-0.018657
0.501466
0.739508
0.852248
-0.051528
-1.642412
-0.236107
0.430092
-0.887505
-0.166337
0.600611
0.032316
-0.181178
-1.088631
0.232662
-1.193008
-1.396406
0.175200
1.318649
0.192608
-1.056579
1.575360
0.410020
-0.072533
0.965552
-1.674151
-0.043996
-0.458229
0.095896
-0.236280
-0.322377
1.560649
-0.074088
-0.679009
0.101500
-0.949618
-0.494357
1.544321
-0.697619
-0.615566
-0.388702
0.117980
0.243998
-0.723231
-0.358304
0.206327
1.410570
-1.591283
-0.663123
-0.542884
0.496172
1.469113
-0.803658
0.402329
0.160934
0.477394
1.520727
0.043368
0.968591
-0.970550
-0.019554
0.102624
-1.106632
0.070291
-2.360540
0.059241
-0.653177
-0.438409
-1.072675
2.035821
-0.497107
-0.719109
0.700218
-0.574386
0.833885
-0.016342
0.025994
1.428243
0.014736
0.526000
1.185996
-0.747172
-1.318554
0.309275
-0.581264
2.490432
0.636419
0.843496
1.141795
-0.703587
-0.887566
0.121843
-1.712181
1.545953
0.027745
-0.270074
-1.566919
0.884234
-0.278534
1.401592
-0.704802
-1.113684
0.033976
0.351449
-0.707062
3.175858
0.027325
-0.976193
-0.567956
0.185512
-1.537568
0.860144
-1.105990
2.331663
-1.114831
-0.437703
1.158249
1.448267
1.864590
1.672632
0.342336
1.136221
0.411529
0.556643
0.233343
-0.151459
-0.027312
0.176172
0.281977
-0.366685
-0.011848
0.765781
0.018270
-2.315608
0.247868
-1.153681
-0.748216
-0.662634
-0.895106
-0.925239
-0.776298
0.686735
-1.764141
0.100412
0.467025
0.122866
-0.016452
-0.711592
0.139825
-0.919362
1.454747
0.998151
0.168396
1.240238
0.259788
1.872124
1.913335
1.714579
-0.493118
-0.833426
-0.705515
1.214531
-0.368830
-1.047083
-0.368572
-0.949613
-0.902230
-0.607604
0.705144
-0.008291
-0.336676
-0.222715
-1.388200
1.159834
-0.628696
0.699584
-1.295363
0.311512
1.094458
1.221045
-0.861439
1.037839
0.758669
-0.341469
0.377648
-1.025694
0.896219
0.722594
-2.174403
-0.749803
-0.283225
-1.143440
-0.642095
0.067790
0.041052
0.374857
0.216140
0.664238
-1.506523
0.445334
-0.302100
-1.318448
-0.038671
-1.424575
0.306853
0.852284
-0.514918
-0.724893
-0.182507
-0.400786
1.011863
0.944222
0.533301
-0.640500
-1.444345
-2.529464
-0.503637
-0.417936
0.855889
1.099669
0.110639
0.001824
-0.416430
-0.068275
1.145366
0.713566
-0.148324
-0.391470
1.179820
0.166274
1.037028
-0.324418
1.246703
-0.020902
0.475074
0.038728
0.564234
-0.910436
-0.048933
-0.955856
-0.438848
-0.470875
-0.160896
-0.408247
1.103202
-0.086594
-1.600595
-1.192241
0.606186
0.185194
-0.175638
0.532288
0.731120
-0.289103
0.755710
-0.504881
-0.021166
-1.223564
-0.343223
0.283154
0.139101
-2.384802
1.360782
0.360278
-0.811309
-0.730299
0.994216
2.052244
-0.486507
-1.069442
-0.408973
0.426494
0.861800
-1.311223
0.815819
1.398529
0.687074
-0.412261
0.935147
-1.676656
-2.569625
-0.278802
0.315264
-0.218473
-1.164257
0.837865
0.167676
-1.391534
-0.065873
2.239009
-0.118362
-0.855070
-0.724007
0.141196
-0.954866
-2.386457
2.222441
1.254077
0.359688
0.596142
1.049965
0.095045
-2.261913
0.586755
-0.149663
1.484620
0.018504
-0.284082
0.962937
0.542889
1.695545
0.189432
0.168966
0.583513
-0.356675
1.212626
-0.658077
0.690094
-0.210944
1.939393
-0.061747
0.839052
-1.710057
-0.435508
-0.678526
-0.802984
-0.173164
0.279576
-0.457522
-2.321622
-0.236568
0.705347
0.545632
-0.593678
2.462130
0.304846
-1.065292
0.777076
0.141763
0.848347
-0.342352
-0.364668
-0.525382
0.561314
0.603358
-0.050036
1.451680
-1.025123
0.859962
0.045212
0.127049
1.292300
-0.558985
0.207772
3.042292
0.756744
-0.350730
1.495622
0.714896
0.460140
0.932319
-0.350298
3.085973
1.157122
-0.856733
0.106646
-0.118653
1.292981
-0.601398
-0.465158
-0.073925
-0.717308
1.701965
-0.999322
0.163264
-0.429855
-0.810381
0.738502
0.776775
0.471030
0.623743
1.455744
0.370037
-0.244216
-0.332963
-0.854674
-1.405851
-1.505673
1.071091
-0.849875
2.206450
0.191151
0.397668
-1.172247
1.364436
-0.063128
1.986754
1.089809
-0.393455
-0.998614
0.306500
-0.216935
0.727050
0.498733
-0.709360
-0.705441
0.163432
1.229465
0.690748
1.322407
-0.382036
-0.637978
0.178370
-0.037546
-0.753894
0.562110
1.446194
-0.164219
0.408079
-1.132770
-1.674763
-2.085733
1.418347
1.263140
-0.428029
0.604785
0.473115
-1.990577
0.081938
0.819249
1.015814
0.332148
-0.507939
-0.299207
1.515396
-0.348638
0.912738
-0.269400
2.376404
-2.354408
-1.699307
-0.135255
-0.642457
-1.618680
0.132187
0.805053
0.375465
1.067189
0.923229
-0.130739
0.700380
1.294917
-0.222705
-0.663001
-1.743009
0.311761
0.081708
1.241323
0.478745
-0.277582
-0.090701
0.283170
-0.840501
0.941372
-1.285476
1.313943
-0.858973
-0.267683
0.179180
-0.629321
-0.844701
0.219003
-2.159224
-0.417342
0.831745
1.121635
-1.292049
0.365186
-0.237766
-0.066665
-0.363827
0.812292
-0.410954
-0.689200
-0.734310
0.764725
-2.404769
0.354649
1.387538
0.862199
0.453788
0.301569
-0.443107
1.183883
2.926239
-0.586135
0.854068
0.457326
0.643529
0.539290
-0.117487
0.408339
1.390781
0.087397
2.518186
0.853540
-0.076890
1.948345
0.841494
-0.378743
-0.741283
-0.326931
0.049296
-0.001266
-0.208288
-0.027066
1.986824
-0.591271
0.868561
-1.903344
-1.304707
-1.191330
-0.383737
0.739435
-1.039937
-0.116340
0.489243
-0.970906
-0.107539
0.752667
1.342069
-0.537339
0.894033
-1.292680
-0.680306
0.478422
0.491250
0.148042
-1.343071
-1.267456
1.946156
1.267146
0.289824
-1.563495
-0.486744
0.136234
-0.252084
-1.185933
0.921415
2.689061
0.931181
-0.141712
-0.502586
-0.730062
-0.001216
0.499032
-1.201339
-1.360213
0.804219
1.135464
-1.200235
-1.788026
0.634885
-0.009882
-1.241956
0.252223
0.208932
-0.369338
-1.711153
-1.303108
0.951303
-1.016116
1.636656
0.794751
0.047524
-0.772444
0.039631
-1.043069
-0.261999
0.027846
-0.999276
-0.417058
-0.096830
-0.033056
0.483908
0.421903
-1.154508
0.157954
1.441915
-0.652638
-1.277836
0.430732
0.065992
1.065210
0.785604
-0.498118
0.915665
0.146535
0.566144
0.708935
0.283023
-0.548949
-0.414267
1.207117
0.833088
-1.640135
0.056199
-0.174297
-0.795282
0.699808
-0.611800
-2.084271
-0.651112
0.509089
0.366440
0.833904
0.010072
1.563202
-2.019266
0.016208
0.568287
0.615120
-0.493608
1.966154
-0.658974
-0.496971
-0.078614
-1.479560
-0.100309
0.046921
-0.341589
-1.330783
0.106211
0.472100
1.259240
0.401756
-0.478210
1.189685
-0.729717
-0.884053
0.061832
1.202452
0.966813
0.569827
-0.025903
-2.342464
-0.463935
2.087659
0.575547
-1.967394
1.205539
0.267182
-0.644418
-0.363157
1.036892
-0.352106
1.167411
-0.108911
0.333453
-0.369938
0.975216
0.199840
-0.529882
1.392132
-0.756745
0.994404
1.277078
0.804364
-0.865477
-0.150926
1.126566
-0.716498
-2.936226
-1.369487
-1.027069
-0.532494
2.063724
0.647065
-0.327981
-0.766089
0.068513
1.290241
-0.160752
-0.478442
0.239603
-0.715468
-0.951111
-0.382118
-1.374755
-1.234582
-0.944575
2.616572
-0.010561
0.554745
-0.065717
-2.075951
0.532656
-0.167976
-0.922016
-0.085375
0.267366
-0.082585
1.549632
-0.445977
-0.125623
-2.388577
1.263450
0.774293
0.185454
0.965982
0.114261
-0.465547
0.036749
-0.718210
-0.696464
0.897089
1.426576
-0.170732
-1.088469
0.766214
0.278115
0.430753
-1.294656
-0.367293
-0.897761
1.550707
0.841311
1.167629
0.656664
0.886621
-1.551840
1.143391
0.242463
0.463896
0.219554
0.046393
-0.218891
-0.469254
1.018202
-0.479967
0.345779
0.762096
-0.135512
-1.128631
-1.827155
-0.705740
-0.566273
-1.772330
1.364275
-0.876498
0.368550
-0.930623
0.748711
0.514735
0.680932
-0.575122
-0.054831
0.284162
-1.624653
1.783771
1.474514
1.489109
-0.359021
1.044142
-0.253153
-1.266815
-0.241195
-0.003567
1.800188
1.560062
2.210713
0.980629
1.995649
0.293260
0.842681
0.816648
1.459684
1.193375
0.202276
-1.121755
0.218392
0.241740
1.361511
1.061872
0.170624
0.586057
-0.214891
-0.848750
2.392623
-1.675158
1.340136
0.662822
-1.049568
-0.210110
-0.448641
2.445424
1.322878
1.374782
0.514748
-0.382493
1.187323
1.159470
-0.340792
0.107031
-1.129187
-0.210370
0.574180
1.532854
-0.153544
-0.513193
-0.873666
-0.529234
-0.146898
-0.802514
0.319697
0.101264
0.259433
1.287875
-0.534479
0.065603
1.691503
0.701996
0.231951
-0.306846
0.195943
-0.548371
-0.168687
1.327551
-1.166964
-0.314814
-0.446810
-1.294003
-0.586319
-0.858403
0.194326
0.338639
0.160502
-1.224070
0.902499
1.239496
1.019571
-0.770670
2.086829
-1.763223
-1.035832
0.519770
-1.546521
-0.073286
0.227790
-0.027109
-0.175267
1.474605
-0.272527
0.518791
-0.176821
-0.070390
-0.118776
0.781710
-0.168949
-0.136934
-2.498044
1.127923
-0.467873
0.506037
1.460653
0.268424
2.002653
-0.812684
-0.139861
0.975609
-0.679630
0.096311
-0.146760
1.064575
-0.231463
1.538486
-1.247142
1.012467
1.393607
-0.180212
-2.180549
-1.330298
-0.849163
-2.493632
0.724478
-1.245423
0.649797
-0.383566
-1.401253
0.194121
-0.639397
0.146565
1.026621
1.118438
-0.821607
0.621369
0.517459
-0.091024
-0.532610
-0.786631
0.724321
-1.590632
-1.056513
-1.140247
0.710760
0.037745
-0.525018
0.608375
-1.284761
0.400374
-1.102152
0.291036
1.019812
1.220450
0.243708
1.089094
-1.627238
1.212392
1.668418
0.726513
-1.199555
1.210478
1.170084
1.005239
0.564137
-1.450782
1.143757
0.240685
-1.176359
2.921218
-0.298394
0.679019
-0.563199
-0.671018
0.477425
0.749485
-0.467310
-0.482618
0.057746
-0.758278
-0.097063
0.853481
-0.267118
1.645918
1.437620
-0.540117
0.371870
0.029431
-1.698429
-1.360402
0.715270
1.560611
-1.505191
-0.316076
-1.416262
0.122685
-0.990758
0.250712
0.455321
-0.887003
0.372134
-0.350003
-0.070913
0.516835
-0.687918
-0.782341
-0.666502
-1.819008
-0.185277
1.249523
-0.143709
1.202304
-0.005906
1.008586
0.516553
0.390257
1.562169
-0.461451
-0.015468
1.594929
0.221116
0.636295
1.197265
0.791279
0.269221
-0.352570
-0.636609
-0.502564
-0.237995
2.766567
0.203265
0.014169
-1.562776
-0.066865
-0.672672
-0.668352
-1.721394
-0.838549
-0.929274
1.664387
1.809798
0.248675
0.620737
1.495670
0.150858
0.935066
-1.086963
-0.238594
-0.111481
0.310185
-2.784252
-0.941851
-0.315496
1.152870
-0.731928
0.978609
-0.309987
0.265882
0.509205
-0.280180
-1.530916
-0.437491
0.722549
1.260935
1.070864
0.761996
-0.405418
-0.637169
-0.276703
1.375412
-0.603152
0.661250
0.138977
-0.520270
0.510238
-0.348724
1.981265
0.168641
-0.082975
0.561201
-0.077512
-0.560761
0.197788
-0.735889
-0.093011
0.187396
-2.315970
0.051011
0.819514
0.736382
0.569005
0.542192
-2.058962
-0.918455
-2.687092
1.407568
-0.053484
0.670902
-0.296614
-0.811250
0.293180
0.203579
2.144086
0.268419
0.187550
0.288320
-1.747488
-1.430889
-1.022480
-0.775895
-0.484107
0.071933
-1.450000
0.816746
-0.888788
2.351495
-1.547147
1.150765
0.953825
-0.416815
0.122633
1.928485
-0.042747
1.919611
-0.733318
-0.694485
-0.558112
-2.991500
2.137588
0.371487
-0.447907
0.680816
-0.923612
-1.381269
-0.331540
-0.080874
-0.606288
1.846304
0.810083
-0.076018
-0.831727
0.557351
1.119285
-1.478626
0.885092
1.152239
0.950575
-0.307630
0.117011
0.255132
0.055919
0.158477
-0.809821
0.783437
0.452855
-0.214905
0.350864
-1.496625
-0.974645
0.202416
0.263277
1.649451
0.302392
-1.470601
0.925302
-0.528827
1.268315
0.080652
1.066821
1.376568
-1.440243
-1.524681
-0.097935
-0.427352
-0.785620
0.706370
-0.006657
-0.184574
-0.214620
1.609282
-0.500303
0.227270
-0.577233
1.304228
0.570299
-0.531864
-0.366992
-0.335963
0.883035
-0.510666
0.822384
-0.866499
0.711430
0.334470
1.656443
-1.030313
0.583925
0.328803
-1.071949
1.020572
0.891974
1.030230
0.947782
1.189049
0.479612
-0.328656
1.631980
1.406894
-1.046001
-0.128981
-0.551182
0.998036
0.332885
-0.026990
0.238293
-1.321026
-0.786554
0.805979
-1.062872
-2.104814
0.425052
0.521902
-0.191842
0.766438
-1.431609
-0.342856
-1.081713
-0.187576
-0.308195
0.545885
-0.182601
0.099744
1.033662
-0.163903
0.839463
-0.973181
0.776210
1.030104
1.735847
-1.094438
0.513239
-0.341085
-0.011925
0.293070
-0.707826
0.385814
0.868664
1.555813
-0.717969
-1.540311
0.098037
0.188730
-1.204247
0.942138
0.438680
0.623775
-0.227943
0.217322
0.883310
-0.732747
-0.303170
-2.557582
-0.210043
0.183731
0.503306
0.579640
-0.144899
0.044024
-1.537187
-0.410103
0.824254
-0.861842
-0.413556
-0.833826
-0.610079
1.491932
-1.511897
-0.747346
-0.224633
-0.045995
0.547950
-0.477137
-1.210775
2.194557
-0.547418
-0.612247
-0.953404
-1.742281
-0.312219
1.504956
1.441474
1.699668
0.983286
-0.489805
0.508500
0.469067
-0.178609
-1.029375
-0.281913
-0.083419
0.134062
1.976362
-1.367046
0.162156
-0.905663
-1.077388
0.384201
1.647046
0.019533
-1.696287
1.075646
-1.298548
2.455891
1.719421
-1.220210
0.375448
0.670178
1.024316
-1.420619
1.260627
-1.328317
0.172335
0.429635
-1.123414
-0.437202
-0.882829
-0.943889
0.383428
-0.235869
-0.542686
-0.279266
1.526137
0.750209
0.827982
-0.833038
-0.295902
-0.857389
-0.251956
0.688398
-0.509167
-0.890875
1.491840
0.643886
-0.794208
0.015647
-0.467540
-0.068490
-0.329793
0.148707
0.474545
-0.258183
-1.554899
0.211878
0.493630
-0.352444
0.116452
-1.073739
-1.287707
0.699384
-0.131065
-0.998497
0.991162
1.049788
0.560224
-0.625414
1.174420
1.520404
-0.375618
-0.561795
1.058938
1.633656
1.440444
0.123641
-1.258424
0.387996
-0.345370
0.564991
-0.492186
0.772227
-0.377826
-0.768419
0.578493
0.560363
-1.292921
-0.488265
-0.885854
-1.601805
-0.080670
0.320379
1.159812
-0.917789
1.170373
-0.942625
0.686371
0.388267
-0.220056
-1.328965
-0.296607
1.227344
0.458837
-1.057051
-1.161362
-1.133522
-0.088821
-1.218045
0.497836
0.511320
-0.230869
-1.108494
1.357584
-1.123218
0.689100
-1.667711
0.744335
0.906019
0.177122
0.874580
1.137286
1.527614
-1.964933
0.839275
-1.586929
-0.793219
-0.512020
-0.733923
2.138247
0.147581
1.259854
-0.513766
-0.650370
0.296939
-0.579334
0.622394
-0.864278
-1.008492
-0.944908
-0.505609
0.950224
0.249281
1.450648
0.069723
-0.249669
0.860919
1.193879
-0.109408
2.237064
-0.088713
0.074525
1.038887
1.188564
0.021338
-0.168970
-0.289451
-0.186642
-0.058508
1.031237
-0.643617
-1.367629
-0.577367
1.745796
0.509623
-0.666091
1.549738
0.365620
0.251220
-2.746893
-0.014967
1.501841
-1.681288
-0.048610
-0.018990
-1.546982
0.289626
-0.235975
-0.362285
-0.914184
0.803153
0.699492
1.389199
0.111943
-1.392451
0.172090
0.815852
-0.118791
0.435929
0.893706
1.661137
-0.904611
0.633024
-0.620945
-0.404119
-1.652602
0.387290
-0.902612
0.282743
3.012959
0.335071
-1.497404
0.902056
2.327152
0.816441
1.058301
-1.060924
0.188764
-0.682580
-0.697220
0.027182
-1.111041
-0.451272
1.703585
-1.494496
-0.494459
-0.208544
0.536697
-0.238329
0.779018
-0.475533
1.929608
-0.312717
0.857040
-1.592152
0.748296
0.777244
-0.694244
-0.092393
-0.150239
1.434595
0.636768
-0.463202
1.203527
0.037815
0.060421
-1.306519
-2.090532
1.733728
-1.428660
1.760899
-0.994965
-0.374177
-0.460092
0.868598
1.791649
-0.748988
0.060054
-0.394051
0.401658
-0.281306
0.386179
0.222849
1.156398
-0.520446
1.074714
-0.494150
0.362422
0.722352
0.033471
0.131475
-0.174511
-0.397361
-0.115065
0.766198
-0.065115
0.821894
0.979086
-1.364868
0.841676
-1.201805
0.569833
-0.241509
1.104473
1.462921
-1.212051
0.219619
0.629526
-0.765963
0.458075
-0.637804
-0.963437
0.342526
0.436744
-0.309811
-0.807157
-0.760377
-0.722320
-0.763213
0.070052
0.398887
0.611818
-0.373511
-0.605940
-0.892783
0.587529
1.044243
0.024359
-0.218687
-2.065345
-0.069221
-1.683241
1.317901
1.179803
-1.431785
-2.061167
0.002944
0.718255
0.342437
0.218513
2.089542
-1.779047
1.141176
1.278922
0.249554
1.862021
0.628608
0.019942
-0.790531
0.939788
0.352782
0.524365
-1.058009
-1.173887
-1.150293
1.141237
-0.950980
-0.292979
0.287309
0.696684
1.474586
-0.952955
1.802109
-0.238314
-0.334687
0.802971
-1.994177
-0.297100
-0.504659
-1.568689
-0.686998
-0.898706
-0.989736
0.293683
-1.171893
2.094393
-0.368122
-0.738609
-0.334877
1.171487
-0.157193
-0.112115
-0.682537
-0.498086
0.423807
-1.645191
0.783272
1.339884
1.583351
0.303039
1.008441
-1.340611
-0.173440
-0.552917
1.440003
0.744849
-0.009398
0.044135
0.405809
-1.305415
0.378439
-0.612945
-2.216007
0.205658
-0.833800
0.701606
-0.428672
1.245622
0.577842
-0.677957
-0.079459
0.280407
-0.330390
-0.647210
-0.412555
0.218876
-0.045268
0.999505
-0.376260
-0.343424
0.600007
1.503868
-1.924244
-0.210457
0.666291
1.092105
1.310140
1.745455
2.066540
-1.018267
-1.048208
-0.306844
2.048105
-1.003596
0.445251
0.614407
-0.111429
-0.288103
-1.618157
0.933783
-0.100610
1.409896
-0.666521
0.381392
0.022051
0.084257
-2.475460
-1.065460
0.079072
0.590834
-0.333922
0.529379
-0.982657
-1.078492
0.493685
1.732914
0.347733
-0.998034
-0.757753
2.112044
-0.037850
-0.705483
0.300027
-0.339282
-0.549905
-1.260987
0.370828
1.893721
-0.542018
-0.583469
-1.521915
0.128098
1.024740
-0.508480
0.672092
-0.367841
0.481950
0.776914
-1.827952
0.024252
-0.616421
-0.515861
1.118041
-1.037539
2.325575
1.688422
0.070097
0.276547
-0.951581
-0.234164
-0.140576
-0.480539
-0.114696
0.457262
-1.210904
1.292912
0.683654
-0.296036
1.404185
-0.185645
-0.214920
-0.824783
-0.515398
0.643358
0.756938
-0.406830
0.897925
-0.525129
-1.066639
1.007334
-0.741490
-0.743615
-0.186218
-2.152805
0.083243
0.603600
-0.611626
-0.682033
-0.603982
1.621330
2.060211
-0.837224
0.966043
-0.346897
0.531282
0.094037
-0.255775
0.328215
-1.259075
-0.174909
-0.071326
-0.766985
1.051734
0.167748
-0.666973
-1.489662
-0.356854
-0.705205
-0.674613
0.977850
1.014058
0.171272
-2.036921
-0.718489
0.686070
0.151288
-2.335933
1.225866
0.146173
1.395268
0.884245
-2.630973
-0.359978
1.153406
0.374415
-1.016113
-1.781622
-0.095192
1.831215
0.814244
0.091477
-0.203999
-1.569458
0.583360
2.004076
2.016301
0.448419
-0.053177
2.417952
0.011896
-0.427695
-0.892479
-1.946594
-0.836838
-0.976746
-0.833076
-0.423319
-0.676734
-0.613993
-0.306034
-1.465741
-1.252555
-0.747466
1.720600
0.216605
-1.117700
-1.053131
0.140079
-1.699610
0.407448
0.603763
1.406346
0.930050
-1.106103
0.031242
0.175490
-0.563567
1.124481
0.438820
-0.413270
-0.459924
-0.193671
0.351268
-0.686014
-1.425082
0.078031
-0.180659
-0.551203
-0.075498
0.281080
-1.204750
1.152472
1.499284
-1.327261
1.424313
-0.303118
-0.531986
1.820251
0.152181
0.637716
-1.607831
-1.122467
-1.381636
0.036284
0.007520
0.300681
-0.196831
-0.779290
-0.338697
0.024371
-1.063541
1.843516
-0.014224
-0.057458
0.061025
0.188292
-0.207784
-1.397631
0.153582
-1.340991
1.857082
-1.501403
0.629790
-0.712315
-0.004146
-0.665802
0.291063
0.524288
-0.282227
-2.474133
0.850181
1.772502
-0.386407
1.413156
0.557197
-1.078480
-0.741393
0.899368
1.847751
1.692610
-0.835371
1.660981
-0.429260
0.685808
-0.937647
-0.367820
-0.068152
0.264109
1.047978
1.220768
0.438282
0.201937
1.030225
0.924074
-0.414106
0.026462
-0.939132
-0.492073
-1.628371
-1.106529
-0.029164
-0.468029
1.025889
1.795622
-0.863344
-1.868503
2.053588
0.129884
0.294128
0.559428
-0.235801
0.381131
0.516394
-0.057201
0.785383
0.028045
-0.164461
-0.314509
-0.331433
-0.979898
-0.082696
0.008160
1.516852
-0.373943
1.669255
0.504547
0.530358
-0.799444
-0.182513
0.366255
-1.085547
-0.434017
0.780870
-1.392886
-1.067396
0.754315
1.170035
-0.182066
1.613984
-0.135687
1.488396
0.586440
-2.169578
-1.454395
-0.220236
0.567131
0.972656
1.351514
-1.055414
0.440594
1.734937
-0.734884
2.035647
2.463406
0.436762
-0.327946
-1.355951
-0.427398
-1.260747
-1.761365
0.760074
0.565051
1.776207
-0.824198
0.064199
0.457954
2.904512
-0.440293
-1.001393
-0.157802
-0.530837
0.397166
-1.418788
-0.370218
0.218537
1.873662
-1.258616
0.721348
-1.464170
-1.170914
0.050416
1.182195
0.749495
-0.073364
-1.704404
0.468005
1.754197
-0.358523
0.268560
-0.374257
0.542510
0.032247
-0.588519
1.576853
0.278928
-0.115080
-0.866758
-1.587900
-0.040193
-0.759430
1.971663
2.277853
-1.698896
-1.271749
-0.063518
0.616375
0.463418
-0.943983
0.811689
-0.744138
2.035699
-0.438103
-0.581572
-0.417834
0.191626
0.356512
-2.612160
1.380526
-0.967954
-1.241239
-0.354442
0.316907
0.270080
0.254299
0.585000
1.145702
-1.384997
-0.316830
-2.369950
-1.357988
0.583962
-0.312452
0.779617
-0.244687
-1.662376
-0.303732
-0.106670
-0.258893
0.220243
1.689055
-0.087379
0.187109
0.683673
0.187057
0.877815
-1.322429
-0.409083
-1.255142
-1.663822
0.061845
0.580359
0.057000
-1.878478
1.614510
0.653426
0.744561
0.682565
-0.429545
-2.618397
-1.327633
0.156748
0.297201
-1.347524
-0.968839
0.592331
-0.164653
1.761028
0.225387
-0.872353
-2.006526
-0.875951
0.632474
-1.234604
1.732471
-0.026710
0.396162
-0.624805
0.843663
-2.000122
-1.576312
1.983476
0.293050
1.279950
1.583030
-0.040203
0.055468
0.824801
-0.300895
-0.401388
0.361964
-0.384198
-0.583937
-1.523087
-1.745593
0.470511
0.967561
-0.539953
-0.278580
-0.458168
0.064403
0.683869
-1.094686
0.130557
0.819668
0.399047
0.560469
-0.585856
-1.789655
-0.146249
0.372113
1.417825
-1.032972
1.235204
-0.473639
-0.244469
-1.149251
1.119236
0.077447
-0.003881
0.290027
0.814737
-1.204216
-0.887675
-1.164198
-0.139979
0.348463
-1.621658
1.352874
-0.137600
-0.433616
-0.568262
0.231907
-1.519005
-0.990259
0.058052
-1.599797
-0.016016
-1.840229
1.784563
-0.285421
0.651973
0.146437
0.048524
0.734184
-0.078859
-2.156705
-1.690360
-0.454720
-0.918417
1.564016
-0.068874
1.472050
0.759220
-1.121454
-0.266062
3.307694
-1.272448
-0.495281
1.993948
-1.881210
0.742076
0.235946
0.312276
-1.379684
0.963288
-0.513649
0.418233
-1.199615
0.503720
2.064968
-0.209759
0.413373
1.291361
0.372487
1.309763
-1.081777
0.345362
-0.565183
0.834760
0.783784
0.606702
0.666249
-0.040050
-0.900891
-0.931772
-1.775023
0.783066
-0.755929
-1.515267
0.681725
0.240477
-1.669598
0.403241
-0.544064
-1.187780
0.249726
-1.098164
-0.262185
-0.069404
0.843920
-1.671537
2.383099
0.189193
0.363771
0.506041
-1.004841
-0.747416
-0.645897
-0.710247
1.576312
-0.128734
-0.318228
-1.558613
-0.851103
-0.143362
-0.587191
0.726486
1.237725
0.301961
0.505173
0.547739
1.095051
0.608553
0.196550
1.373408
-0.628159
-0.640389
0.372267
-0.980503
-1.460296
0.705003
0.225870
-0.229691
-1.224383
-1.922515
1.001515
-0.705259
-0.028019
-1.878922
-0.733945
0.258032
-0.199192
-0.907211
-0.399361
0.117640
-0.115360
-0.454619
-0.913933
0.315849
-0.632074
-1.288620
-0.434607
-0.440259
-1.092574
0.089816
0.558886
-0.033202
0.995236
-1.176601
-1.018084
0.330903
0.487690
-2.552407
0.232641
0.041616
1.714627
1.366410
0.292357
0.582704
0.501073
1.126138
-0.040227
0.132876
-0.537994
1.152886
-0.076232
0.669805
0.111328
1.352162
0.197803
0.006665
-0.372266
0.306322
-1.402154
0.310241
0.277449
-0.751761
1.819285
-0.905039
1.763310
-0.810348
0.273417
-1.033247
-0.248939
-0.731112
0.571412
0.601893
0.850552
-0.137879
-0.032517
0.372944
-1.578907
0.399567
-0.964337
0.078508
-0.558960
-0.445491
-2.329735
-1.313161
-0.345179
-0.857217
2.074258
-1.127756
-0.223062
-0.424759
-0.573284
0.003117
0.962273
-0.129352
0.118422
-1.116503
-1.045308
-0.531818
-0.349493
0.114632
0.841013
1.815621
-0.655258
-0.782624
0.322828
0.006229
-0.206441
1.100050
-0.613355
1.694653
0.414681
0.696756
1.041295
-1.079116
-0.749837
0.900279
-1.049847
-1.537996
-1.267868
1.109104
0.250872
0.032328
0.916958
-1.115171
1.007089
-0.697196
-0.034931
0.574847
-0.286946
0.768689
-0.734476
-1.083356
0.211127
-0.476144
-0.679196
-0.603882
0.219679
-0.517452
0.245152
0.976438
-0.340657
2.547890
-0.003123
1.118614
-0.685526
0.292051
0.232484
-0.494766
1.076321
-0.062832
-0.715315
-1.507545
0.866308
-0.088910
0.110385
-0.855100
0.282125
0.789206
-0.279351
-1.390611
1.157112
-0.997842
0.992337
-0.550223
-0.146199
-0.882647
0.037968
-0.317219
0.801224
1.445641
-0.506392
0.099819
-1.107512
-0.478314
-0.284124
1.188078
1.780757
1.475055
-0.179391
-1.154528
-0.826537
0.410439
-0.942405
1.090968
-0.149361
0.994628
1.316189
0.304506
-0.942284
-0.501885
0.273261
-0.254661
1.564193
0.325733
1.371515
1.392620
-0.140406
-0.352669
-0.299255
1.924201
-1.055401
0.586872
0.078423
-0.706042
-0.493592
1.324475
-0.188257
0.159717
-0.359511
-0.854043
0.794908
0.045404
1.979674
-1.343048
-0.146137
-0.816669
1.316056
-0.695978
-2.034094
0.165220
0.564547
1.668139
0.018634
0.433741
1.051237
-1.403182
0.971429
-0.380556
1.295844
0.284465
0.193841
-0.713073
0.652989
0.273550
0.544604
-0.562563
1.906046
-0.279730
-0.533126
0.956454
0.264272
0.870279
0.785233
-2.022665
0.739032
-1.178423
1.121807
0.736223
1.523297
-0.104295
0.197592
3.102928
0.266951
-1.465100
-0.395908
1.125720
0.719127
-1.077050
-0.733199
-0.529722
-0.787029
-0.186036
0.331349
-0.107090
-1.182861
-2.193662
1.239792
-0.514944
-0.328927
0.018230
-1.124570
0.512538
-1.964467
-1.045685
-1.094103
1.054981
0.238469
0.988478
-0.256101
1.239316
-1.836125
0.685879
0.258521
0.155115
1.606191
0.664706
-0.431560
0.177805
-0.062362
0.445402
-1.899772
-1.023939
0.795706
-1.028392
0.009521
-1.144433
-1.321788
-0.809799
0.779239
1.086580
0.367637
-0.660614
0.078742
0.122710
-1.096257
1.899957
-0.064791
-1.240249
-0.141295
1.950791
0.192466
-0.272945
1.116601
-1.852760
0.731873
0.546344
0.510790
-0.993255
-0.762954
-0.810918
-1.099919
-0.233202
-0.278492
0.036715
-0.464298
-0.732485
1.808023
0.680356
-0.354004
-0.447146
-0.343794
0.169286
1.355866
-0.679928
-1.670326
0.603796
-0.736424
-0.524757
-1.236621
0.061752
-1.547873
1.407955
0.060708
-1.234573
0.555895
0.280639
0.902152
-0.954619
0.399036
-1.509368
-1.545319
1.152561
-0.607347
2.610271
-0.928765
0.517725
-0.535425
0.381126
0.661726
-1.414930
-0.119008
1.399683
-0.788055
-0.360781
-0.314047
1.742404
0.549840
0.472214
0.504685
-0.243479
0.816742
-1.156717
-0.313197
-0.935760
0.123163
-0.047983
-1.243563
-1.574215
-0.527935
-1.496735
0.090770
-0.430165
1.890598
0.290664
-2.153397
-0.376421
0.731339
-1.446720
-0.848723
-1.794066
-1.758888
0.193119
0.965278
1.429123
0.654333
-0.819515
0.123262
0.991349
0.492171
0.128956
0.843975
0.446060
-0.201369
-1.001657
0.043685
0.072700
-1.041609
0.355977
-0.554706
-0.547765
1.087495
-0.407842
1.282311
-1.042502
-0.666229
-0.551501
-1.491673
0.421904
-0.431015
1.010314
-1.567236
0.257613
0.038323
2.179552
-1.216003
0.279695
-1.966803
-0.685834
0.970690
1.437013
-0.437691
-0.914684
0.921837
0.883901
-1.224171
-0.145389
1.984257
0.759867
1.025581
0.132151
0.777651
-0.389288
-0.795769
1.972510
-0.687819
-0.301432
-0.014379
1.327206
-0.644306
-0.695898
-0.475145
0.773286
1.277519
1.517135
0.436272
1.458142
-1.490409
-0.593959
2.511649
0.714437
-0.356274
-0.887068
1.001427
1.851384
-0.250571
0.916733
-0.112043
-0.053877
-1.212062
0.066342
-0.001281
-0.734828
0.427024
-0.479229
-1.536243
-0.527966
-0.110157
2.128255
-0.941236
-0.397185
-0.822845
-1.498207
-2.560608
2.301335
-1.357026
-0.409089
0.968075
0.112064
-0.570473
0.440512
-1.106647
0.368649
-0.363203
-0.880873
-1.057468
1.032222
-0.586768
-0.609642
0.301536
-1.826908
-0.587468
0.927662
-0.771518
-1.451534
0.024635
1.177534
0.717131
0.486772
-0.406442
0.041150
1.101036
1.315564
0.360949
-0.161164
-1.369515
0.453106
-0.093285
-0.913457
2.071222
0.787571
0.632949
-1.532566
-0.522631
-0.485887
0.554883
1.651956
0.424746
0.576361
0.155342
-0.469630
-0.761495
1.451745
-0.806758
0.807937
0.022331
1.361165
-0.853348
0.000495
0.497672
-1.546094
-0.007045
0.871085
-0.010609
-1.275573
-0.294746
0.033421
-0.862631
0.492682
-1.687796
-0.791758
-0.809402
-0.908796
0.073165
2.168972
1.644251
-0.274643
0.285140
0.222194
-1.830196
1.383869
-1.815843
0.154331
0.135596
1.820078
0.518471
2.045892
-0.257887
-0.868822
-0.814260
1.864979
1.134695
-1.380230
-0.491514
-0.157539
0.119648
-1.008567
1.097520
-1.262063
0.440279
2.349266
1.320476
-0.151067
-0.831977
-2.076803
-1.057390
-0.968456
-0.119800
-1.054159
0.515294
1.880303
-0.719409
-2.140835
-0.939680
-1.862761
1.597961
0.327067
0.072438
1.413837
1.204734
-1.079211
-0.903762
0.574313
0.625710
-0.043638
1.785521
-0.806742
1.517628
0.423742
-0.128285
0.288556
1.025000
0.621859
-1.016123
1.028544
0.131300
-1.313666
0.815550
0.370703
-0.881159
-0.803288
1.017474
-1.024007
0.115148
-1.011464
-0.435492
-2.285657
0.523331
1.013673
-0.780989
1.496606
-0.545419
-0.467436
-0.970148
0.124866
-0.483209
-1.178042
-0.566482
-0.429251
-0.385242
-0.072599
1.220244
1.278386
-0.180939
-1.527759
-2.258304
-0.138938
0.199571
0.876904
-0.332617
0.074635
-0.998499
-1.036165
-0.295124
0.385619
0.602576
0.756628
0.935149
-1.552244
-0.807666
0.350592
-0.677844
0.218003
0.826175
0.570432
-0.167674
1.282077
-1.186609
1.222083
1.340411
2.075172
0.793562
-1.321822
0.018543
1.520856
-0.450484
-1.001341
-0.464690
1.501597
0.604552
0.581260
0.425116
-1.098086
1.094732
-0.091441
1.071243
-1.271240
-1.037894
0.570105
-0.098917
-0.607457
-0.448989
-1.224057
-0.132029
1.370245
-1.501470
1.568047
2.919385
-0.125310
0.485734
0.032311
-0.831896
1.006710
-0.452733
-3.008551
-0.038659
-1.372224
0.675322
-1.548728
-0.140961
1.362791
1.631186
-1.080781
0.914392
0.112342
0.321841
0.777025
-0.002567
0.495119
0.037535
0.713738
0.103039
1.087903
1.036586
-1.095177
2.606245
-1.772502
-0.200619
0.152537
-1.091557
-0.352311
-0.618015
0.120467
0.626122
-1.804103
0.154032
-0.972801
-0.472792
1.225541
-0.596782
-0.422652
-0.089135
-0.443248
0.037082
0.664440
-0.984373
-0.291973
-0.377477
0.397515
0.014134
0.475973
0.593375
-0.955167
1.360975
0.243516
1.243238
-0.852451
1.237215
0.423663
0.311438
1.214107
-1.365092
0.277488
-1.531604
-0.762032
-0.624419
-0.005799
-1.421253
0.404266
-0.510904
-0.689070
-0.515967
1.227728
-0.174893
-0.216780
-0.327320
0.825916
-2.194785
-0.316679
1.640102
-1.081410
-0.691473
-0.477032
-0.358940
-0.422030
-0.268518
0.469263
0.434190
0.488451
-0.201970
-0.925393
-0.594256
1.046694
-1.492500
0.241492
-0.136451
-1.055270
-0.688219
1.121176
0.646793
0.004834
0.675251
-0.264137
-0.427747
-0.198268
-0.220954
0.113250
-0.068204
0.736607
0.066083
-0.107408
0.014188
0.283022
1.188426
0.778608
-0.305145
-0.842051
-0.919028
1.491939
0.209183
1.452356
-2.441171
-0.861096
-0.414191
-0.694351
-0.564251
-0.178860
0.111171
-1.105594
0.975840
-1.797163
-0.938840
0.794943
0.175992
-0.495546
-1.040216
-0.501459
-0.961551
-0.464709
-0.038968
-0.096155
0.512622
0.356906
-1.659025
0.878804
0.489524
-0.363782
-0.512153
-0.964463
0.608881
-0.124758
0.108371
-0.704294
-0.451488
-0.606602
0.498331
0.983812
0.581609
-1.185132
-1.201801
-0.584596
0.067021
-1.966024
0.571364
3.054650
-0.790087
0.754258
-0.231814
-1.349017
1.706751
0.114293
-1.893431
0.411987
0.887958
0.977355
0.470324
2.840446
-1.176321
0.341840
-1.216578
1.158807
0.292694
0.851725
-0.223051
-0.237636
-0.956760
0.302399
-0.351208
1.173499
0.403115
1.239398
0.622245
0.999102
1.208338
-2.162994
0.060801
-0.922401
0.068757
-0.176453
-0.610949
-0.449495
-1.442961
0.279957
1.320165
-1.044203
0.249235
1.508919
2.126314
-0.071063
2.375350
0.771911
0.169792
-0.014688
-0.080919
0.025656
0.141998
-0.625342
-2.396092
0.363981
1.015706
-0.386755
-0.889822
-0.602802
-0.098314
1.455349
-0.314353
-0.245671
1.762348
1.757992
-0.139814
-1.788342
0.374858
0.121995
-0.149534
0.976654
0.110733
-0.796927
0.821889
-0.230943
2.899420
-0.268685
-0.023857
-0.736590
0.179618
0.222783
-0.634628
-0.941644
0.164762
-0.037045
-1.249505
-0.529873
-0.128251
-0.645791
1.009360
1.754992
0.153261
1.480457
1.707034
-1.030130
0.687821
-1.022174
-0.897357
-0.281103
-0.556103
-1.665322
0.932050
-0.896585
-0.417727
0.668491
0.786114
1.717837
-1.292380
0.211075
0.367169
-1.305029
0.447297
1.496290
0.135959
-1.014726
2.459446
-0.372327
-0.715800
0.334251
-1.852073
0.534533
0.868443
0.261578
-1.833567
0.884482
-0.704567
-0.837279
-0.854051
-1.117609
-0.795943
0.244591
-0.695164
-2.171281
0.573180
1.422082
-0.126649
-0.805910
-0.355557
1.090759
-0.029196
0.117584
0.479600
1.152944
0.690197
1.914134
-1.163938
-0.316906
0.185334
1.349314
-1.524127
1.122159
0.177573
0.670158
-0.963939
0.345024
-1.375615
-0.053834
-0.839282
0.661734
-0.184370
1.027976
1.124231
0.527528
0.288162
-1.064333
0.930043
-0.100735
0.539780
0.048772
-0.175417
-0.399851
-0.184399
-0.325609
-0.854412
-0.269568
-0.058365
2.234909
0.276821
-0.490801
0.538623
-0.037679
-0.429044
-0.201545
0.596189
0.909129
0.162794
1.118387
2.068116
-0.121329
-0.575925
-1.242141
-0.648557
-1.397826
-0.876003
0.036343
0.652886
-0.858434
0.897689
0.973958
0.535236
-0.922813
1.864800
-0.930465
0.043071
0.973113
-0.672694
-0.065815
-0.290520
0.503050
1.743104
0.919748
0.954094
1.481238
0.295695
-0.561121
0.308375
1.075813
0.484911
0.274638
0.385821
0.496273
-0.169168
-0.110645
-0.315189
1.626850
1.708628
0.772745
2.377755
-0.055374
0.804850
-1.630628
-2.157353
0.973478
3.155096
-2.616843
-0.071025
2.432690
0.709914
2.127930
-0.081595
0.889462
-1.311082
-1.458480
0.249996
-0.259506
0.469582
-1.875562
-0.189328
-0.656532
1.174559
0.870544
0.099362
1.543858
0.394871
-0.793217
-0.931542
0.758457
-2.451005
-2.041693
-0.626819
-0.559279
1.259273
0.004465
0.185871
-0.484902
-0.073786
0.224506
-2.039932
-0.838930
0.563111
-1.309927
0.879363
0.263761
0.788750
-0.165600
0.262991
-0.799950
-1.721445
1.156804
1.104852
-1.039064
0.764601
1.520270
-1.665484
-1.538536
0.743290
-0.642234
1.085664
-0.269571
0.364027
-1.497921
2.256292
1.855293
1.324372
0.561896
2.011043
0.223844
0.307480
-1.013588
0.128557
0.596742
0.977935
-1.377400
0.896238
-2.672195
-1.905869
0.440677
1.000404
-0.224245
1.151919
-0.754654
-1.025291
-0.269024
-0.226294
1.206523
0.794226
-1.712579
-0.513664
0.909110
-0.592322
0.934612
-0.114376
-0.053145
-1.040099
-0.455028
0.340553
0.645688
-0.294781
0.340639
-0.412736
0.370203
-1.125581
-0.064708
0.350405
-1.098830
2.227820
0.264991
0.139653
1.306773
-1.297681
-0.202044
1.871752
-0.569329
-0.317980
-0.214051
-1.182502
0.222068
-0.286945
-0.708941
1.814444
-2.457278
0.750849
1.064741
-0.811052
-0.117126
-0.392715
1.243201
0.646656
0.126658
-0.217346
1.278249
-1.090714
0.051151
0.239389
1.939235
-0.738647
1.023480
0.463801
-0.866650
1.074911
0.186814
0.396615
-0.657546
0.710188
-2.297141
1.346611
-0.559319
0.553531
-0.021363
-1.952590
0.087692
0.321447
1.655424
-0.584873
2.287255
-0.426044
-0.124639
-0.353693
-0.089732
-0.349462
0.141067
1.241048
1.443606
0.210373
1.846618
0.088025
2.138627
0.322289
-0.270502
1.675972
0.587014
-1.331401
0.312888
-1.460499
0.147792
-0.983243
-1.526102
0.033887
-0.069734
-0.409797
1.150152
-0.691087
1.149769
0.176988
1.313968
0.352809
-2.615115
0.203429
-0.096631
0.144187
0.016837
1.828701
-0.515226
-1.141464
-0.083146
0.267078
-1.082228
-0.358244
-1.897071
1.254312
0.455159
-1.508742
-0.264935
-2.409370
-1.370646
-0.394875
-0.161583
1.052745
0.991178
-2.478853
-0.694198
-0.824940
1.658917
1.362948
-0.310677
1.933124
-0.114760
-0.978640
0.712562
0.466697
1.032183
1.279467
-0.293399
-0.036055
0.383024
0.644013
0.910809
-1.047507
-1.085847
0.220786
-1.881280
1.239648
0.358353
-0.300987
0.634547
-2.329523
-0.183137
0.206195
0.345615
-0.462343
-0.278854
-1.245939
-0.634342
-1.343178
-1.695013
1.367084
-2.314763
0.981247
-0.592934
-0.820750
0.428251
1.200680
-0.472141
-0.392120
-0.214619
-1.169829
-0.962312
0.014608
-0.075535
0.874611
-0.065922
-0.102649
1.073213
0.714597
-0.493001
0.394789
0.798117
-0.261525
-0.015532
1.409987
-0.126874
1.699365
-1.216290
0.643106
0.860384
-0.293097
-0.146386
-0.797558
-0.385012
-0.585024
-0.157486
0.604138
-0.344037
-0.468616
0.756139
-0.852158
1.127415
-0.733793
-0.760753
-0.560557
0.620080
-0.370753
0.155679
1.136828
0.258804
0.072567
-1.590569
-1.082841
0.805471
0.288295
-0.888476
1.210099
1.095632
-0.298204
0.143454
-1.221072
-1.543272
-1.057854
-2.001334
0.202318
0.631797
-0.118302
-1.512916
-0.423862
0.272357
-0.226387
0.477406
-0.993947
1.152365
-1.255441
-0.186707
0.178291
-0.563182
-0.564220
-1.288205
0.221018
-1.208913
-0.787967
-0.658258
0.491625
-0.116220
-1.915575
-0.527537
-0.408346
0.456103
0.460962
-0.428317
2.255775
2.529727
-0.602908
-1.015860
-0.645326
0.951736
0.872775
-0.341107
-0.843755
1.472861
-0.988843
1.103843
-0.531078
0.444714
1.876047
-1.592977
1.941152
0.201512
0.385988
1.901656
0.964880
0.514927
0.552478
-2.217932
1.012140
0.850938
-1.263854
-0.453067
0.701079
0.223304
-1.264938
-0.804338
0.564326
0.092920
-0.759168
-0.751836
2.065607
-0.753606
-1.185733
-1.089881
0.327403
-0.320451
-1.257745
0.472936
0.051211
-0.571087
-0.146460
-0.427251
-0.761212
1.706259
-0.727974
0.576979
-0.733528
1.006549
-0.795445
1.207837
-4.180289
0.322365
1.498682
-1.019600
-0.795297
-0.476525
1.286251
-0.295669
0.045537
0.173876
-1.033896
0.254012
0.343816
0.786500
-0.713909
2.187030
-1.715512
-0.201130
-0.681721
0.380208
-0.452998
0.949675
1.490615
-1.363420
-1.115719
0.112562
0.315538
-0.411244
-0.511832
0.956145
-1.068091
1.581509
1.333248
0.129510
-0.250546
-0.216446
-0.153940
0.079137
0.912215
-0.508889
0.524813
-2.119860
-0.685213
-0.039405
-1.658529
1.186587
0.237261
0.587109
-0.575479
0.842656
-1.184412
-1.554489
0.098601
-0.246071
-0.569846
-0.634525
-0.066194
0.306443
1.738516
1.056723
1.031212
-0.144756
0.409071
0.939890
-0.666895
-0.064540
-2.844062
-2.102442
-0.995638
1.816187
1.864147
0.652174
-0.275153
1.021761
0.541608
0.185968
0.074514
0.601788
-1.622899
-0.340330
0.282292
0.963635
1.425107
0.016769
-0.467333
-2.000955
-1.036136
0.049128
-0.222595
0.613259
-3.299107
-0.784418
-1.019412
-0.866746
2.355415
0.695208
-1.718701
-0.244557
-0.336940
-0.423478
-0.659826
-1.190665
-1.361760
1.171323
-0.276686
1.180173
0.617893
-0.149691
0.850402
-0.069422
1.054921
0.306723
0.330234
0.948140
-0.555082
-1.570195
0.787231
-1.154500
-1.544586
0.242369
0.317336
-0.210633
-1.013759
0.293672
-1.328043
1.302811
0.159875
-1.531961
0.751838
-0.715272
0.263091
1.371217
2.006525
-0.381452
-0.955255
0.899826
0.415402
-0.500089
0.527360
-0.605492
-0.448090
0.020200
0.520255
0.689953
-1.738640
-0.020648
-0.637345
0.839987
0.461716
1.816346
0.439795
-1.032469
-1.170544
0.090821
0.766949
0.162410
-0.314310
-0.564331
-0.393880
-1.657393
0.944836
0.618997
-0.005509
2.041554
1.103301
0.047763
-1.032172
0.399001
0.175351
0.932818
-0.916625
-1.070974
1.168430
0.628687
2.206556
0.692139
1.083366
0.262178
-0.012386
1.932261
0.104296
1.425953
1.344496
2.122024
2.339736
0.383190
-1.324136
-0.129077
-0.542369
-0.583349
0.047967
-0.320480
0.571420
-0.529642
0.194932
-1.632078
0.038797
-0.792725
-0.848508
-0.282703
-0.261440
-0.432294
0.248061
-2.179584
2.039958
-2.634286
0.342213
0.957519
-2.094375
0.761864
-0.032609
-0.107355
-1.561558
1.391114
-1.220077
-1.244378
-0.248823
0.743477
0.263307
0.725771
-0.839472
-0.032184
-2.025432
0.115574
1.154843
1.292218
1.445039
0.125527
-0.273487
0.583663
-1.930704
-0.836565
0.281380
0.913409
-0.426750
-1.718741
0.569980
0.249426
-0.095712
-0.720080
-0.430527
-0.560516
0.591938
-0.368394
0.121391
-1.258041
-0.817593
-1.478076
1.577072
-0.690141
-1.715790
-1.165511
1.679511
-0.066661
-0.412774
0.661023
0.036167
0.216552
1.179579
0.188313
-2.412419
0.788568
0.525551
-1.842306
0.524657
-0.086629
-1.061476
-1.109931
-0.194806
0.727649
0.436456
-0.294194
0.351748
-0.511504
0.938505
-0.194153
-0.168312
-0.092932
-1.134137
-1.496603
0.850170
0.303752
0.495258
1.479455
2.053097
0.707485
0.782663
0.000444
-2.113583
0.909139
-0.016870
-0.208365
0.482815
0.002919
-0.922215
0.706557
1.828164
-0.100302
0.610500
1.428534
-0.957926
0.497991
1.593364
1.137454
-0.511949
-1.982578
-2.053410
1.064367
-0.317268
0.414421
-0.739315
0.395270
-0.237761
-0.420726
1.535693
0.722138
1.125492
0.777515
0.453383
-1.070471
-1.091485
0.082943
0.782279
1.037526
2.157649
1.213421
0.120508
1.337056
-0.780506
-0.931259
0.012855
0.007695
0.853134
0.171922
-0.267130
-1.052551
0.270248
0.559957
0.175227
0.516376
-1.810884
-0.090731
-0.318200
1.368849
0.860752
-0.493168
-0.934701
0.996881
-0.419840
0.884487
0.031253
-1.178181
-0.658432
1.548776
0.259264
1.218811
0.271236
-0.583810
-0.020428
-0.837921
-0.741484
0.077137
-1.341260
-0.015025
0.754647
-0.071168
-0.182055
0.966185
-0.561144
0.463164
0.004727
0.825793
-0.883675
0.020422
-0.756107
-0.743855
-0.285599
1.557348
-0.197524
-2.229828
0.131510
-0.317711
-0.755294
0.202083
1.902470
-1.235655
-0.051473
-0.659940
1.749005
-0.613992
-0.461448
0.825686
1.293550
-0.529481
-0.525409
-1.708695
1.233961
-0.559669
0.783669
-0.253142
-0.235652
0.564774
-1.108692
-0.107942
-1.703909
-1.073576
-0.253974
-0.721332
-1.072800
-0.141810
-0.108353
-2.280801
1.006567
-0.650998
0.173044
-0.985686
1.074604
0.239197
0.455265
0.984916
-0.919090
0.095615
1.663020
1.182749
1.757545
-0.158276
-0.677369
-0.108876
0.684844
-1.044552
-0.612871
0.208849
0.981842
-0.892164
0.358229
0.771122
-0.269888
1.245849
-0.356862
0.103782
-2.730256
-0.212467
-0.252104
0.256953
0.655183
0.719453
0.199041
-1.085825
1.667048
-0.753751
0.038968
-2.996277
-0.436069
0.863154
-0.605733
-0.345444
-0.387632
-1.054777
1.708738
-0.073061
2.214367
1.237437
-2.033742
0.689105
1.142898
-0.751271
-1.186185
0.240593
-0.998846
0.309838
1.310233
-0.666277
-0.187199
0.079409
-0.401494
-1.139597
-0.504013
1.534465
-0.275348
0.191430
0.690131
-1.985709
0.894397
0.341122
-0.661438
-1.497741
-0.555890
0.968696
-0.027929
0.970691
0.244639
-0.264135
0.615847
-0.069519
1.216566
0.365429
1.278755
-1.132235
-0.351243
-1.707688
0.845170
-1.714829
0.043030
1.265177
-0.255000
-0.577200
-0.133331
-0.265512
0.477625
2.038902
-0.616739
-0.524927
-0.816382
-0.329697
0.366380
-0.684375
-0.803424
0.696704
0.566423
1.144653
1.802772
-0.333457
-1.413874
-1.303827
0.655505
1.340310
-0.197202
0.344996
-0.794278
0.218717
-0.572053
0.222203
0.294498
-0.664351
0.489887
2.568649
-0.889705
0.097816
-0.699477
0.734582
-1.453266
-0.183214
-0.905320
0.565097
0.008178
-0.062229
0.307684
-0.283632
-0.959084
0.363886
1.641109
-1.257909
-0.830053
0.150111
-0.293182
-1.354915
-0.522520
-1.751110
-0.190444
-0.636732
-1.071909
0.571436
0.739994
0.928680
0.315361
-0.606487
1.121500
1.225203
-1.527057
0.110443
-0.105132
-1.128836
-0.071655
0.603438
-1.120814
-0.121918
-0.234194
-0.507450
0.517686
0.048884
1.188114
-1.072561
-1.905372
-1.018279
-0.134467
2.164268
-1.491283
-0.380336
0.427812
1.782386
0.515714
-0.469638
2.387135
1.304795
-0.763191
-0.745253
1.005945
-0.868127
0.278862
-1.170098
-1.065783
-0.967127
0.726152
0.698356
-0.331429
-0.607051
-1.083828
-0.383601
0.240154
-2.062647
-0.606088
1.741166
-0.627393
-0.393259
1.607151
-0.758251
0.476266
-0.437867
0.501524
-1.068315
-1.361326
0.206248
1.336816
0.485852
-3.611869
1.233983
-0.889722
0.315085
1.405508
0.410518
-1.143691
-0.371187
1.216328
-0.361349
-0.017261
-0.223748
1.731850
1.076325
-1.365212
0.563843
1.555676
1.652358
-0.552549
0.261593
-0.314985
-0.202540
0.408157
-1.468168
1.389526
2.217979
0.605318
0.018780
0.020120
-1.220087
-2.285272
0.038869
-0.674303
0.301567
-0.540110
1.388900
-1.795968
0.597248
1.104861
-0.002657
0.340986
-0.767753
1.063382
-0.408495
-3.203690
1.470069
0.470915
0.867816
0.460087
0.416944
0.065657
-1.273577
1.399889
-1.993921
-0.833003
0.868033
0.373730
0.505894
-1.568968
-0.259251
1.978681
1.604322
0.081046
0.814324
-1.423567
0.193861
0.789828
0.340982
0.162829
-0.598606
-0.111286
-0.513641
0.266412
-0.089049
0.490274
-1.791381
-1.082940
-1.391266
-0.208770
-0.569388
-1.096587
-0.588104
0.650198
-0.226719
0.143819
0.578215
0.638598
-1.426856
1.032103
-0.236660
1.120546
0.330650
0.956112
1.037094
0.390748
-0.654705
0.725633
-0.271496
0.734288
0.076223
0.440912
-0.792008
0.687994
2.583121
-1.283880
1.158622
-0.285713
-0.922717
1.411881
-0.825577
-0.013221
0.371039
-1.570981
-0.462616
-0.564641
-0.263586
-1.735376
-0.747613
-0.008355
-0.069860
2.205562
-1.286158
-0.800644
0.215658
0.011632
0.219652
-0.047132
0.273625
0.760210
1.401457
-0.835629
1.060949
-1.455047
1.065172
-0.115735
1.322808
-0.136774
-1.475323
-0.661026
0.002615
1.432013
-1.356654
-1.697012
-1.346149
-0.001642
-0.425895
0.529373
-1.747531
-0.226623
-0.000548
-0.977111
0.718672
0.893824
0.815309
0.945141
1.413538
0.291056
-0.795033
0.612602
-1.241367
-0.429183
-1.379324
0.678471
-0.068974
-0.956750
-0.875418
-0.193068
-0.065412
0.485870
0.835187
-0.716797
-2.729373
1.466879
-0.280971
0.429464
-0.564208
1.369363
1.800283
-1.015835
-0.208950
0.184593
-0.675536
1.329979
-0.650658
-1.679589
-1.112513
0.209028
0.937197
-1.383206
-0.832064
-1.221937
0.812323
0.777184
-0.257308
-0.563860
0.553774
-0.333202
1.374464
-0.230740
0.458267
0.052297
0.165882
-0.547589
1.164270
-0.459376
0.102086
0.529322
0.117533
1.457767
1.750168
-0.241800
-0.951889
2.023405
0.763546
-1.324405
0.019998
-1.386842
-1.629773
-0.050562
2.085913
0.205486
0.646447
-0.653325
-0.559080
-0.728994
-0.857349
0.359802
0.622827
-1.015493
-1.162682
-0.022019
-1.152819
0.682193
-0.141135
-0.192693
-1.558262
0.245923
1.703270
-0.029376
-0.397013
0.104593
-0.717356
1.080317
0.089221
-1.171632
1.426413
-0.575029
0.299590
0.234068
-0.572803
1.988749
1.197764
0.448532
1.008502
0.052545
0.082665
-0.892897
0.127092
0.675423
0.390354
0.344189
-1.854878
0.669656
-1.377556
1.032504
0.143192
0.505443
-1.299784
0.583565
-0.813070
-0.135899
-0.396191
-0.285540
-0.513655
-1.072003
0.874568
-0.595391
1.655344
-1.237076
0.117218
-1.539181
1.556730
0.625065
0.635662
-0.189348
-1.789873
0.770653
-0.822386
0.189236
1.431836
-1.658229
-1.230322
0.227575
-0.505323
0.442359
-0.631392
0.656207
0.231194
-2.082660
0.618035
-0.538499
0.846785
0.335166
-1.034556
-1.894958
0.248788
0.685963
-1.385561
0.520180
0.591560
-0.353317
-0.538312
0.472963
-1.287722
0.132682
-1.317990
-0.289555
0.606048
0.407269
1.655976
-1.841302
-1.093343
-0.685673
1.145210
-0.420544
-0.592613
-0.077224
-0.301352
0.282646
0.082394
-0.478329
0.697689
-0.022331
-0.207567
-0.348540
0.454173
-1.366695
-1.102197
-1.391256
-0.791805
0.241140
-0.273419
1.100932
-1.086042
0.336813
0.510576
0.056481
-0.657349
0.666078
-1.303194
-0.771006
-0.628550
-1.086329
-1.020845
2.815641
-0.363642
1.708575
-0.415211
-1.088341
-0.328687
-0.029922
-1.685093
-0.450947
-0.692530
0.954747
-0.236411
-0.202472
-0.026600
0.559329
-2.551080
-0.067040
0.050908
-0.617204
0.061610
-0.094909
-0.030736
-2.175236
1.647012
-1.844119
0.358304
-2.003074
-0.424132
0.132127
-1.461573
-0.246834
0.036873
1.581773
-0.009157
0.369056
-0.933328
-0.757158
0.583323
0.364576
-1.305232
-1.449355
1.304721
-0.003080
-1.481588
0.498707
0.732474
0.294490
-0.065093
0.840612
-0.313523
-0.593254
-1.052219
-1.604908
-1.212001
0.473847
0.130639
1.197890
-0.057451
0.936645
0.190373
-2.276061
0.694625
0.654577
-0.770866
0.671297
0.081347
0.475431
-0.328917
0.539669
0.765565
2.594078
0.331858
0.872659
0.929832
-0.587793
0.759845
0.656868
-0.944684
-0.052413
0.363633
2.330638
-1.194173
-2.552508
-0.623548
0.491873
1.663697
0.939546
-0.683875
-1.153575
0.079193
0.916392
-0.728987
1.046628
-0.330640
1.623146
1.453747
0.236135
-0.230640
-1.824934
0.030531
-0.816608
0.277414
-1.365562
-0.542872
0.361070
0.940399
-0.409866
0.021284
0.676931
-0.956505
0.787263
0.232672
0.275824
-1.182283
1.035774
0.893736
-2.024366
-0.633455
0.464341
-1.350438
-0.342799
0.658261
-0.441939
-0.166450
-0.248001
-0.069094
0.614027
1.104259
0.087365
0.793272
-2.687561
0.084188
0.960125
0.783553
0.583530
-0.166447
1.588792
-0.663132
0.125766
0.595290
0.820604
-0.154429
-0.087858
1.071925
-0.512498
-1.675915
-0.684030
-0.096777
0.889681
-0.315292
0.185981
-0.772294
-0.488750
0.890984
-0.212729
-0.612682
-0.499423
0.740119
0.559555
-0.339069
-1.798814
-0.088487
0.491327
0.957462
-0.378440
0.549136
1.007330
0.472068
1.123657
0.230065
0.091230
-0.881813
0.941074
0.008446
0.208902
2.144337
0.192510
2.392684
0.726073
-0.405760
-1.222207
-0.771530
-1.777634
1.128773
0.312621
-0.928020
-1.458826
0.258046
1.148116
0.090258
-0.653464
-1.458735
0.574763
0.521980
-0.636339
-0.528914
-0.585910
-1.447262
-1.215966
-1.031608
-0.782084
-0.228779
0.725260
0.359690
-0.131208
2.014602
-0.023187
-0.811782
-0.077085
-0.964003
-0.917827
-0.461675
0.194857
-0.517253
-0.098016
-0.422025
-0.080309
-1.372799
0.248010
0.680182
1.085032
0.540628
0.788339
-1.012786
0.184356
0.644668
0.741681
0.114465
-1.227112
1.246466
0.680950
-0.471543
-1.511489
-0.861342
0.164692
0.254760
-0.093715
1.371854
0.910831
-0.854372
0.997728
-0.602052
-0.562028
-1.791799
0.881183
-0.828914
0.821315
0.416109
-0.742327
0.486348
0.896696
0.315360
-0.717397
-0.934820
1.156669
0.321964
2.266590
0.742568
1.714393
-0.392554
-0.078551
-0.427281
-1.915258
1.697880
-0.644316
-1.395063
0.420123
-0.742412
0.180082
-0.196745
-0.391308
0.649686
1.015996
-0.521391
-1.084740
0.127189
0.026132
-0.426711
0.564748
1.013819
-0.053678
1.093628
0.330345
-0.934219
-0.875904
-0.451300
2.070195
-0.218142
0.684871
-1.449127
0.724673
-1.754518
-1.179678
-0.197911
-0.812523
1.086566
0.139703
-0.090008
0.271925
-0.052201
0.715664
0.464562
0.689177
-0.268602
-0.185989
-2.836338
2.724136
0.364313
0.707794
0.081479
-0.638498
-0.083715
0.964486
0.936324
-0.521285
-0.504508
0.373735
-0.758115
0.714067
0.291602
0.724729
0.085674
0.531349
-1.332827
1.614516
-0.200462
0.513748
-0.679518
-1.715352
-1.068398
-0.104569
1.209858
-1.234730
0.939224
-0.203022
0.186041
-0.916125
1.233317
1.490352
1.697600
-0.455897
2.170694
-1.319935
-0.679943
-0.503790
1.943023
1.001931
0.490873
1.912005
-1.130542
1.125685
0.417684
0.508087
1.126811
-0.691488
-1.736272
0.180466
-0.354261
0.140868
0.203667
1.001252
-2.428456
0.187050
0.075371
0.662887
-0.529417
1.592800
0.385302
-2.233495
0.204420
0.044904
-1.207821
-0.266206
1.219494
-1.768478
-0.037621
-0.706142
-1.324332
0.496301
0.365696
1.505606
-1.432222
0.495960
-2.211844
1.184634
-1.044323
-1.583655
0.618607
-0.541136
1.624379
0.741499
0.153759
0.201542
-0.201499
-0.384885
-0.883633
0.530557
0.497905
-0.703706
-1.278373
-0.416316
-0.808862
1.922099
-1.149073
1.723707
1.195310
0.416647
0.741516
-1.121480
-0.303208
-0.992258
-0.902827
-1.615994
0.924167
0.953585
0.889865
-1.086217
0.424720
1.577280
-0.104696
-0.169106
-0.176568
-1.026742
0.558706
-1.566744
-2.068998
1.550863
0.162496
0.643202
-0.520559
1.035930
-1.026591
-0.554065
-0.098365
-0.258419
-1.183192
-0.281073
-0.277106
0.461173
-0.432674
-0.617632
-1.166147
0.323224
1.347349
0.062134
-0.931930
0.875214
2.200544
1.345772
0.193240
0.127034
0.877611
0.018195
-0.280176
-1.245731
-0.166186
0.703826
-1.473523
-1.398739
0.586385
2.025324
1.007151
-0.578951
1.527167
0.670214
-0.297505
0.045345
0.725043
0.840298
-0.577382
0.370503
0.588060
-1.104418
0.518280
-0.300678
-2.583770
1.648897
-0.842934
0.550006
-0.367331
-1.428448
0.516503
-1.051585
0.851158
-0.997007
0.588849
-1.749817
0.395415
0.128587
-0.964945
-1.935839
-0.679129
1.807926
0.100576
1.170757
0.870262
-1.469415
1.154031
0.168252
-0.743992
-1.466947
-1.535065
0.370282
-1.798439
1.211354
1.605986
-0.427109
-0.906397
-0.001194
0.824504
-0.484498
-0.633242
-2.235248
-1.064386
0.436248
1.013355
0.050182
0.802004
1.534189
-0.348061
0.299022
0.659902
-1.774402
0.363779
0.366909
-0.879018
0.011020
0.219645
-1.231057
0.384136
-0.208696
0.982424
-0.665101
-0.523200
-0.881195
1.390095
0.796932
-0.155764
0.533557
-0.535516
1.261498
-1.699898
-1.180129
0.459871
-1.375621
0.149999
0.070244
0.049882
2.060812
0.135974
0.413958
1.607568
-0.298736
-0.911865
2.146342
0.434915
-0.528074
-0.540249
-0.099033
-0.062207
0.614109
0.449619
0.492550
0.872361
-1.101025
1.368366
0.175668
1.843884
1.546554
0.324560
-1.930046
-1.030724
1.342117
1.925790
0.447704
-0.343595
-0.026908
-2.102015
0.116397
-1.488684
0.679086
-1.340592
-1.756646
0.399457
1.043174
0.522925
-0.639297
-0.628121
1.880248
0.717988
0.468074
-0.322993
-0.907971
-0.550860
-0.429649
0.280736
-1.232114
-0.745206
0.952306
-0.177497
-0.356909
0.834637
1.286817
0.863985
0.499985
-0.916485
0.024825
-0.291329
0.537267
1.979089
-1.188479
0.403015
0.548358
-1.070812
0.495877
0.637303
-0.146947
1.390176
-0.120048
-0.820776
0.852210
0.522466
1.642860
1.228239
0.427859
-0.375972
-0.061736
0.138792
1.222802
0.586308
0.891935
1.054704
-0.292682
1.726026
1.395866
-1.406709
-0.176212
-1.111607
1.288249
-0.619250
-1.276202
0.462924
0.734352
-0.820433
-1.293352
0.624280
-0.488012
-0.572993
-0.099216
-0.523545
-2.385253
-0.191960
0.018994
0.304577
-0.246291
0.867239
0.326880
0.136073
2.302174
-0.226330
-0.867790
-0.372424
1.151552
-1.303008
-1.279138
-1.089552
1.017525
-1.027680
0.683733
-0.014584
-0.153160
0.508485
1.018628
0.026240
-0.899495
-2.141454
0.409791
0.084722
-0.649998
-1.827376
-0.593633
-0.533095
1.592075
0.894953
-1.358712
1.602687
-3.376456
-0.751164
0.568710
-0.124761
-0.719508
0.022268
-1.502569
0.041728
-0.209928
0.275773
-1.666047
0.291979
-0.861679
-0.719817
-1.354137
-0.659965
0.614779
-1.271169
-0.583581
0.223889
-0.643824
-0.207461
0.494034
0.509000
-2.592678
-0.463561
0.273917
-0.324225
-0.796555
-0.345844
-0.602707
1.362425
-0.749749
-2.041985
0.560010
1.809048
-0.552978
1.065886
-0.961824
0.606184
0.070885
-0.982385
-1.093839
0.070528
0.779995
-1.453073
-0.325669
-0.994084
0.619920
-0.766314
1.085246
0.363097
0.949342
1.150279
1.132716
-0.150618
-0.908828
-0.463658
-0.081743
-0.692063
0.244681
-1.050951
0.643923
-0.110845
0.768627
1.106332
-1.305880
-0.243864
-1.257871
-0.876600
1.738556
-0.549893
0.706200
0.749067
1.582485
-0.049543
-0.115454
-1.030599
-0.001609
-1.231219
0.106732
-0.131073
-0.281207
-0.004169
-0.357041
0.075132
0.687089
0.971162
1.847811
0.253128
0.529799
0.011076
-1.519865
0.525839
-0.105050
-0.529346
0.478401
1.213305
-0.589135
-1.443444
-1.391472
0.367376
-0.455403
0.031651
-0.950169
-0.865381
-1.323643
0.044477
0.617967
-0.588001
0.288505
-1.085909
-0.495652
1.425534
-0.273381
-0.220982
-1.121116
0.804633
0.787670
-1.352234
0.337015
-0.547742
1.446500
-0.326568
2.309315
0.660432
0.121531
-1.508805
2.034241
-0.633624
-0.061675
-0.732065
0.647259
1.926554
0.154264
-1.847605
0.582680
-0.229079
0.651832
-0.970733
-0.065065
0.128008
-0.611134
-0.196555
-0.479457
0.190783
0.131065
0.032268
-0.357782
-0.276872
1.009381
1.023955
-0.760415
2.043689
-0.282664
0.817157
0.326986
0.532900
-0.548905
0.102565
-1.104847
-0.315487
-2.183832
-1.266887
0.318012
-0.386020
1.358406
0.202719
-0.662955
-1.199277
0.113671
-0.883092
1.589541
0.266525
1.904271
-0.141227
-0.244078
-0.155294
0.693617
-0.072180
0.508822
-1.292890
0.033227
1.672081
0.309685
0.107496
-0.933972
-0.405517
-0.854428
-1.077318
0.580115
-0.633541
-1.176916
-0.701217
0.561674
-0.576092
1.548033
1.634890
0.516794
-0.953180
1.695272
-1.101202
-0.021197
0.449124
0.997455
-0.313368
0.246746
1.558863
-1.217467
-0.705801
-0.142243
-0.280218
-2.037970
-1.037754
1.504992
0.633849
0.822364
-0.506548
0.714625
-0.774989
0.757131
-0.568995
-0.750021
-0.401804
1.881642
0.448737
-1.185360
-0.760178
-0.524059
0.885360
-0.321541
0.073639
1.356380
-1.329678
1.263944
0.752943
0.270313
-0.315486
-0.747484
-0.055719
0.365828
-0.008347
0.160439
-0.035593
-0.559050
-0.799491
0.360541
-0.230602
0.698023
0.147521
1.442621
-1.664518
2.247341
-0.817363
0.858997
-1.272666
1.297357
0.471667
0.467013
-0.188971
-1.602171
-0.482593
-0.635557
0.782427
-0.339708
-1.834839
1.720113
1.626870
-1.212393
1.464737
-1.220670
-0.626456
0.121219
-0.787122
-0.633915
0.516144
1.540756
-0.575767
0.049454
0.661919
0.706088
1.973358
1.443616
-1.312147
-0.196602
-0.142181
1.406761
1.224425
0.681356
2.040104
0.411121
1.516336
-2.305014
1.000338
0.949893
0.516402
0.812371
-0.222139
-0.349444
-1.308383
-0.205002
0.183737
-1.206684
0.798926
0.399619
-0.348108
0.442891
-0.393964
0.188696
0.142144
-0.648825
0.888036
-0.090018
-0.146942
0.847121
0.854122
-1.731465
-0.414407
-0.570912
0.803307
-0.961999
0.382943
-0.866435
-0.184242
0.438683
-0.032477
-1.231234
0.558257
-0.228288
0.832042
0.701077
0.909586
-0.389460
-0.121200
0.883281
0.364268
2.554631
1.535148
-0.539435
0.858740
-0.805000
-0.473056
-0.043406
0.030154
-0.713945
-0.278395
-1.017201
0.396301
0.968485
-0.820545
-1.453303
0.108493
1.174097
-0.756838
0.130703
-1.702780
0.809834
-0.806635
0.226485
-1.112724
0.420163
-0.668668
-0.758047
1.230146
0.099533
1.057789
-0.761993
1.160890
-1.453826
-0.191799
0.339656
0.900772
-0.482093
-0.909104
-0.174703
-0.654621
-1.205161
0.663436
-0.469280
1.181674
-0.330323
-0.755411
1.029509
0.555325
0.137118
-0.798692
-0.176460
1.665375
0.347542
-0.507595
0.644968
1.443693
-1.040248
0.299501
-1.099479
-0.790779
-0.279768
-1.021343
0.413643
1.677906
0.167571
0.357174
1.281405
0.332860
-1.586405
-0.808548
0.847966
0.167616
-0.322659
0.791470
0.333639
0.687448
1.096493
-1.254044
-0.177461
0.423656
-1.254950
-0.331666
-0.053435
0.148516
0.943309
-0.784879
-0.955058
0.738255
-0.068810
1.798039
0.231904
-1.360920
0.683111
-1.322142
0.258398
-0.647869
2.222162
0.072527
1.115861
-0.293535
-0.435441
0.112468
0.660022
-1.057849
-1.034849
0.762013
-1.054686
0.400155
1.800056
-0.133474
-0.608349
0.955631
0.875143
-1.782395
-0.556086
-1.346491
0.393782
-0.853994
-1.193611
-0.780201
0.274110
0.923604
0.387364
1.037263
-0.187299
1.318764
1.405806
2.106195
-1.604049
-1.348567
-0.612645
-0.833824
1.131111
-0.091973
-0.977963
0.980368
0.545808
0.606437
-0.469421
-1.002932
-0.234267
1.577625
-0.994678
-1.162915
-1.078921
2.056002
-1.109997
1.404035
-0.575188
-0.349412
-0.954046
-1.898788
1.323203
-0.682995
0.379073
1.037910
-0.575232
1.715729
-0.826575
0.685700
-0.658695
-0.682527
0.766841
-0.429592
0.132365
0.745554
1.133848
-0.010960
0.730824
0.497301
0.596584
-0.709099
0.786089
0.775835
-0.068517
-0.148691
-0.444619
0.044705
-0.081808
-1.007373
-0.636181
0.937823
1.302100
0.843894
0.292411
0.899484
-1.001411
0.697125
0.220354
1.231558
-1.290842
-0.695923
1.075709
-0.425608
-1.181616
3.026319
-1.481340
0.346443
2.929399
0.186320
0.116257
2.239793
0.394358
0.999986
-0.358679
0.809843
0.332223
-2.573707
0.288714
0.695672
0.574832
0.163177
-1.784288
0.082701
-0.571907
0.720660
-0.670617
-0.435246
0.370306
-0.396142
-0.567466
-1.019319
0.274764
-0.337875
0.694942
0.912195
0.091818
1.881882
-1.039420
1.210665
-0.473577
0.753393
-0.813530
-0.937079
0.005610
-1.208362
-1.151722
0.947505
1.543780
-0.269728
1.023517
0.103713
0.170133
2.708965
2.576948
-2.485953
0.370469
0.729478
-0.402041
-2.162147
1.121283
-1.081184
-0.596355
0.517874
-0.557571
-1.123047
2.248382
-0.379878
0.725168
0.311087
0.758020
0.355367
-0.340733
-0.005951
0.566175
-1.397969
0.157996
-1.239520
-0.792084
-2.216208
-0.287632
0.861343
-1.143666
-1.861523
0.040702
-1.071582
0.883502
-0.367181
0.813947
0.270766
-0.334003
0.062333
-0.249770
-0.783274
0.129494
0.654634
1.297713
-2.081601
0.251786
1.062474
0.552942
-1.069176
0.122975
1.256443
-0.049191
-0.298067
0.164240
0.355371
-2.347740
0.346516
0.703761
0.043011
0.235799
0.201146
0.869568
-1.817450
-1.620924
0.699677
-0.011952
0.206402
1.452582
-0.297986
2.567957
-0.457756
-0.556087
1.437656
-1.467596
-0.543774
-0.393083
-0.748840
1.752713
0.043354
1.481342
0.648490
-0.082012
0.520797
-1.163031
0.119084
-0.305666
0.389397
0.761506
-0.717330
-0.026391
1.863045
1.376571
0.201102
0.766127
-0.228582
0.383059
-0.299739
-2.618877
1.369460
-0.737350
-0.142201
0.800663
0.635383
1.795412
0.403667
0.350372
0.054884
-0.688201
-0.004871
1.337240
0.088276
-0.506949
-0.042797
-0.160651
-1.706665
-0.788520
-1.757785
-1.575322
0.788860
-0.385690
-1.933038
-0.082463
-0.494574
-1.038064
0.619925
-0.480484
-0.883500
0.676865
-0.049559
-0.691970
-2.420654
0.340816
1.442231
0.920449
-0.451844
1.854261
0.172067
-1.260276
0.444040
0.364009
-1.067709
1.728804
-0.949551
0.337533
1.350873
0.435169
-0.222447
0.630206
-1.529972
1.379990
1.204141
-0.396742
-0.188811
-0.896857
0.274244
1.151019
1.024598
-0.819751
0.390487
-0.825679
0.983733
0.385645
-0.212075
-0.251836
0.162593
-0.129522
0.225763
1.650719
0.643207
0.777250
-0.584515
0.450916
-1.801345
-0.652349
-0.553958
0.225664
-1.065027
-0.204179
0.146906
-0.954419
0.510188
0.624297
-0.477882
1.147699
1.078635
-0.056595
-1.251285
1.502524
0.048022
1.175871
0.845382
-0.684763
1.447515
0.943244
-0.019020
-0.801557
1.126644
1.422262
-1.198743
-0.377716
1.406357
-0.690547
-0.721080
-0.373842
0.489245
0.714153
-0.173635
-0.454828
-1.100304
-1.094368
0.290960
-1.145080
1.001623
0.174087
0.020885
1.425658
-0.549215
-0.581006
0.386537
-0.294829
-0.618597
-1.102563
1.588553
2.543731
-1.158644
0.669319
-0.684487
-0.745898
-0.866815
-0.556107
-0.387812
1.093440
1.542127
-0.057569
1.438741
-1.075351
1.951641
0.642936
-0.691897
0.075734
-0.791533
2.144784
-0.336668
1.855384
0.868051
-0.715274
0.501393
0.637756
-0.148512
0.743322
-0.251985
1.561209
0.790599
0.448673
-1.028001
-0.570265
0.125533
-1.163589
-0.199878
0.853718
-0.194023
0.430016
-1.064522
0.113466
1.396121
0.436660
0.365001
-0.038919
-0.227922
1.829837
-1.133731
0.035528
-1.837142
1.061547
-0.783085
0.175130
0.631390
1.175061
-0.677637
-1.060529
-0.881490
0.344502
-2.150451
0.175474
1.026747
-0.583380
0.587510
0.704801
1.414494
1.040240
0.145914
0.232868
-0.367405
1.499321
-0.262305
1.614510
0.367993
-1.600616
-0.072158
1.183449
0.425831
0.281213
-0.028887
-0.268973
1.412680
0.467739
-0.825757
1.784522
-1.553358
0.172060
-0.234003
-1.093614
-0.389425
0.602145
1.373583
-0.583091
0.410502
0.835829
-1.325848
-2.482980
0.437817
-1.276811
1.145537
0.532856
0.683145
1.710700
0.635560
-0.071499
0.023167
0.141205
1.735534
1.328591
-0.537495
-0.021955
0.365012
-0.380482
-0.077736
-0.170484
-0.642295
-1.251701
-0.158624
1.059765
0.139069
0.576865
1.574135
-1.877703
1.776464
-1.498536
0.965002
-1.085375
0.104420
-1.749108
0.360991
-1.358891
0.189441
0.747970
-1.647694
-0.231438
-0.174230
1.266833
-1.558470
-2.313347
0.046984
-1.272966
2.255976
-0.612744
-0.224057
0.180685
-0.070620
0.477988
-0.511699
0.047370
-0.109409
2.052668
0.021525
-0.874685
0.802635
-0.636389
0.105020
1.138225
0.868736
0.278925
2.159077
2.037146
-1.415924
0.566528
-0.663736
0.192036
1.376355
-0.752189
1.562867
0.453240
1.176942
-1.545063
0.210134
-0.772770
-1.007862
-1.343773
0.711487
-2.762108
-0.510884
-0.320422
0.586233
-1.346222
-0.139788
1.139331
0.235513
0.919882
-0.775503
0.425416
-0.524286
-0.008691
-2.150492
-0.642011
-0.143353
-0.497536
1.476204
0.439380
0.494588
-1.676156
-0.519093
-1.640546
0.385506
-0.196572
-0.005637
0.131037
-1.106841
-0.252368
-0.317786
1.369476
-0.810105
-2.325255
0.590495
-0.805748
-1.025316
-0.537121
1.471138
-0.103012
-0.061671
-0.984281
-1.102597
-1.576718
-0.468515
-0.392379
1.146219
0.885847
0.236039
-1.338110
-2.000350
-1.117726
0.131323
1.725179
0.182591
-2.014346
-0.478096
1.302986
-2.846568
0.606982
1.792753
0.170957
0.286435
-1.332973
0.858745
-0.349203
0.400695
-0.109426
-0.142358
1.212844
-0.984763
-1.006182
0.862273
-1.647007
-0.523370
-0.591328
0.879156
2.215306
-0.069193
0.113472
-0.524913
-0.273435
1.786882
-0.255012
0.430929
-0.913626
-0.415845
-1.180841
0.850161
-1.101320
-0.161344
1.339212
0.282906
0.162659
-0.260161
-0.747306
1.035016
-0.255188
-0.516248
-0.725245
-0.491613
-0.052227
1.647930
-0.306197
0.108286
1.252373
-0.620129
0.393250
0.594235
-0.791522
-0.192669
1.706470
0.213481
-0.940287
-0.156206
1.415779
0.354453
1.239613
-1.347830
-0.309573
0.284910
0.004950
0.376269
1.253875
-0.620646
-0.140397
-0.043368
0.337536
2.073283
0.452952
1.165100
-1.225716
0.476012
0.007369
-0.188750
-0.367733
-0.281158
-0.649127
0.374486
-0.928608
-0.525210
-0.042178
1.660383
1.550206
-1.525589
1.221437
-0.886097
-0.655196
0.210873
-0.332362
-0.136960
-1.504199
0.841287
-0.528807
-0.075351
0.799905
1.578697
0.114451
-0.736417
-0.355535
-1.063465
2.146085
-0.847045
-0.467183
1.175155
0.136916
-1.282011
-0.251676
0.645170
1.088750
-0.204006
0.533319
0.104292
1.803906
2.339170
0.596497
-1.176254
-0.421105
0.303076
-0.784064
1.346422
-0.741170
1.270766
-1.072048
-0.993771
-1.938127
0.004736
-1.999208
0.431375
-0.585371
0.520105
1.362552
1.069049
0.541536
0.407335
0.971912
-0.177511
-0.888200
0.031053
0.025621
0.058983
-1.233517
0.328650
-0.799347
-0.751047
-0.704493
-0.651471
-0.861747
-0.901181
0.044205
1.326137
-0.940964
-0.033550
-0.437698
0.086873
-0.023565
0.908958
-2.455931
-0.514484
-1.399460
1.514845
1.686078
-0.388804
-1.741198
-2.487725
0.607364
0.799702
0.293920
0.932243
-0.005391
-2.075675
-1.969656
0.913168
-0.955838
2.143093
-0.612818
0.618088
-0.916150
0.820270
-0.418713
-0.393963
0.306635
-0.511710
-0.793745
0.192000
1.133421
0.410062
1.112205
1.784133
0.093451
0.343056
0.830424
-0.459504
0.054788
-0.494717
0.505181
-0.113324
0.871634
-0.203012
-1.190473
0.124918
-1.577048
0.287739
-1.292593
-2.054409
-2.141450
-1.473339
1.255059
0.315711
0.388029
0.416023
1.033860
-1.270892
-0.029102
0.721219
1.690973
0.457589
1.198878
0.645806
-0.398714
-0.181261
-1.198313
0.256002
0.139285
-0.683015
0.898294
-0.551288
0.500282
0.700296
0.490252
1.803167
1.250448
0.614246
0.625352
-0.106203
1.115379
-0.329855
0.922483
1.101693
-0.102828
-0.794581
-0.141028
0.713179
-0.552761
0.777658
0.462682
-0.445859
-0.218379
0.194085
-0.399075
1.927362
-2.835991
-2.532295
1.303700
-0.188916
1.043323
1.324876
-1.411805
-0.933189
-2.333379
-0.828532
0.358832
1.257619
-1.065672
0.432822
-2.566439
1.146643
-0.497504
-1.040257
1.885932
1.332031
-0.954098
0.620153
-0.238382
-2.284045
-0.633148
0.107315
-0.807486
-0.439353
0.925665
-0.015270
-0.243302
-1.403902
2.070475
0.276680
0.681225
0.272770
1.237780
0.254311
-0.706473
1.116395
-1.177001
-1.242740
0.416857
-1.514710
0.115747
-0.675855
0.533905
1.950266
0.009466
1.359374
0.955121
-0.404418
-0.080621
-0.640566
-1.357658
0.145436
-0.363996
-1.208673
1.490462
-0.298334
0.986354
-0.686987
-0.666896
0.430065
-0.526997
-1.101015
0.253084
0.533283
-1.767253
-0.347451
-0.709704
0.157905
-0.968116
0.297493
0.263600
-0.992791
-1.189207
-0.961978
-0.225358
-0.952979
-0.168343
0.255266
0.255606
0.425288
0.375364
-1.740461
-0.237630
0.826525
-1.004487
0.092820
0.777196
0.209174
-0.693593
1.360453
0.021974
-1.678911
0.152801
0.369698
-0.092925
0.329036
0.373503
-0.989877
0.637516
0.050841
-0.687912
0.336139
0.136017
-0.310436
-0.567982
0.531620
-0.853719
-0.930319
-0.447772
0.043416
2.842008
-0.160330
-0.122328
1.101373
0.556713
-0.635934
-2.190664
0.894387
-2.736549
-0.388946
1.989127
0.552011
-0.655667
-0.283570
0.326643
-0.111308
-1.172123
0.309409
0.469812
0.340068
0.745429
1.137010
1.214782
0.883603
1.187787
-1.123437
-1.637021
-1.750271
-0.796475
-0.713252
-1.042082
-0.560547
-0.661571
1.317221
0.333725
-0.940273
0.341202
0.731910
-0.818222
0.945195
0.714658
-0.198359
0.395421
0.694048
1.053852
1.344531
0.087028
-1.610013
1.611882
-0.780996
1.823697
-0.395450
0.740851
-0.627035
-0.371617
-0.889622
0.929695
0.981918
-0.705946
-0.661834
-1.593668
-0.582038
-0.023631
0.373434
-0.936541
1.097849
1.342611
-0.636220
1.033694
-0.335842
-1.724592
-0.062605
0.316201
-1.593159
-0.439876
-2.019010
0.120267
0.222864
-1.457985
-0.426275
1.283210
0.919279
1.783508
1.005400
-0.796800
-0.259774
0.700386
-0.401711
1.230228
-0.562394
0.893784
0.561948
-0.064028
0.132089
0.209575
-0.442235
0.099241
-0.374326
-1.527511
-1.002343
-0.180283
1.217986
0.081463
0.082744
-0.584258
1.073435
-1.207150
-0.617483
-0.055094
-0.251984
0.717804
-0.641473
0.494137
0.565429
0.992225
0.787362
0.597080
-0.250991
0.816973
0.115815
-1.271422
-0.354587
0.480564
-0.696542
-0.639868
-0.431139
0.643428
-0.092308
-0.751535
-0.151863
-0.321838
-0.255529
1.052987
2.812948
-0.566648
-0.083669
1.808435
0.083119
1.095364
0.852493
-1.216138
-1.747370
0.003815
0.529772
-1.586949
-0.341919
-0.101229
1.446999
1.142739
-0.518161
-1.285236
1.080967
-1.081066
0.507890
1.291184
-0.853073
-0.422623
-0.782283
0.723799
0.573173
-1.041723
0.689162
0.240690
-1.183979
1.308336
-0.018312
0.793542
-3.182549
0.277044
-0.643438
-0.044264
-0.695412
0.346848
0.722121
-1.116402
-0.006914
-0.646066
0.835364
-0.942026
0.649928
0.352071
0.342661
-1.037795
1.067277
-1.733680
-1.136863
-0.661327
0.455608
0.247067
-0.219753
-0.096617
0.315545
2.790748
-0.917978
0.352175
0.436168
2.011046
0.665677
-0.202567
-1.056177
0.105183
0.980922
-0.590133
1.805300
1.425612
-0.365159
0.962276
-0.593815
-0.024054
-1.280314
-0.152676
0.842470
0.500868
1.320441
-0.406496
0.658901
0.914253
-0.068920
1.003979
-1.090072
0.438029
-0.733280
-1.573434
0.344086
-0.293071
-0.298698
-0.329534
-0.659139
0.986696
-0.348007
-0.902596
0.077253
0.233628
-0.086280
-1.577654
-1.321023
0.314414
1.381708
1.028130
-1.146905
-0.018958
0.143989
-1.247610
0.057723
1.243403
-0.396272
-1.560314
3.149904
-1.097834
0.845072
1.044438
-1.909759
0.619469
0.854976
-0.334078
0.387104
-2.545610
-1.271456
-0.300039
0.106561
-1.474817
0.264019
-0.061077
0.318289
-0.600431
1.061966
-1.829901
-0.097828
0.618511
0.483974
-0.233750
-0.532691
-0.353698
0.761129
0.584627
0.254348
0.042449
-0.321612
-0.652038
-1.620495
-0.489054
-0.344169
0.931819
-0.578203
0.135120
-1.022214
0.926272
0.102658
0.515851
0.415143
1.097235
-1.312710
-0.001749
-0.240215
-0.728206
1.541440
1.621243
-0.654252
-2.139596
-1.241029
0.990896
0.662987
0.993396
-0.283855
-1.162401
-0.722214
0.815267
-0.800335
0.688859
1.691384
-0.466016
-0.617238
-0.111523
0.506321
-0.545195
0.633109
1.987309
0.231180
-2.063383
-1.037051
0.359651
0.244302
-0.397425
0.241802
-1.377320
0.439335
-0.099405
-0.424934
-1.738428
0.404404
-0.124495
-0.564806
-0.769084
-0.708270
0.636915
1.342034
-0.080066
-0.032937
-0.124283
0.532783
2.796948
-0.484395
-0.998886
-1.365660
-1.128800
-1.750601
-0.876123
0.452852
1.648765
0.529857
-0.036094
-0.443158
0.386066
0.977415
0.109599
-1.051920
0.552448
0.617458
-0.687997
-1.516022
0.147798
-0.295201
-0.652807
0.446272
1.589989
-0.430892
1.412739
-1.359021
0.516154
0.890219
0.949096
-0.392505
0.641515
2.292522
0.521818
-0.017236
1.309350
-0.869696
1.231057
-1.366664
-0.049054
-0.499931
1.176520
-0.790944
-0.918740
-1.190414
-0.400786
1.372771
0.477640
1.269995
-1.598316
-1.458309
-0.639520
1.691903
0.684106
0.704208
1.773456
-2.513548
-1.554567
-0.675329
0.452526
0.322423
0.061471
-0.704132
-0.085360
0.052440
-0.393396
0.581210
-0.550524
-0.435720
0.616868
-0.142931
1.761553
0.380109
1.105163
-0.673616
-1.504389
-3.074261
1.227170
-1.022088
0.573745
-2.007019
0.472862
-0.248736
0.286191
-0.567595
-0.974808
0.695822
-0.472222
-1.384091
-0.834875
1.375841
1.522968
-0.927810
-0.791868
-0.188293
0.996517
-0.568450
-0.326726
-0.812002
-0.808588
-0.575412
0.119660
-0.187775
0.123152
0.730086
0.780273
-1.326284
0.621264
0.264206
-1.758283
2.474570
0.308313
-1.403711
-1.015399
-1.877771
0.051535
-1.288957
0.150207
-0.611646
-0.457676
1.288027
-0.819559
1.557364
0.275372
-1.079596
1.547568
0.148864
0.567461
1.910209
-0.977304
-0.642616
0.783197
0.416459
2.290310
0.831434
0.889274
-0.364943
1.402746
0.082176
-0.269825
-1.024892
-1.504104
-0.183326
-1.719216
-0.528434
1.671555
0.203686
0.986429
0.019169
0.281058
0.295505
-0.131481
0.578565
-0.713419
-0.532292
1.416548
0.536007
-2.322389
-0.392275
-0.684081
-0.254255
-0.376708
1.305798
-0.191822
-0.131467
0.398233
1.436602
-1.509050
1.162480
0.532288
0.343378
-1.150031
0.767181
0.221025
0.613415
-0.575167
-0.665777
-0.748707
-0.411547
-0.437304
-0.431555
-1.111599
-1.511007
-0.131150
-0.368383
0.575223
-1.437893
0.046338
-0.236523
1.265792
0.880780
1.722341
0.885585
0.332904
0.744146
0.564617
-0.068200
0.516933
-0.574335
-1.921039
-0.559781
1.416391
-0.152683
0.453578
0.417530
0.015760
1.421605
0.637622
-0.705023
-0.783123
-0.640017
0.378066
0.876238
0.677112
-1.171775
0.446725
0.312563
-0.327712
0.595235
0.233835
-1.945797
-0.953159
1.339159
1.142299
0.038839
-1.255569
1.296751
0.199875
0.708625
-0.828959
0.073625
-0.574030
-1.870818
-0.217760
-0.477156
0.814563
-2.037792
-2.005034
-0.082134
