-0.197523
0.149731
1.425327
2.005790
0.880291
0.852318
0.826247
1.807005
-0.652116
-0.548216
-0.958335
-0.231926
1.970860
-1.328949
1.739339
-0.073748
-0.341643
-1.033675
1.410488
0.152019
-1.028752
1.106457
-0.097436
0.897516
-0.438115
-1.798920
0.448358
1.257232
0.100507
-0.903490
0.547529
-0.873211
1.149651
-1.732025
-0.733877
0.542910
-0.149198
0.762797
-1.621305
2.023252
0.422137
1.052565
1.506487
-0.112483
0.511773
-0.110536
-1.539435
1.059357
0.482210
0.562314
0.015661
0.714390
-0.521773
0.373178
-1.647348
-1.013986
0.564634
-1.998577
-0.958799
-1.176937
0.058812
-0.466106
-0.527092
0.922157
1.369799
0.227992
-0.102888
0.147606
-0.268672
0.298850
0.435282
0.136077
-0.203938
0.784139
0.050423
-0.436450
1.708100
0.411020
-0.725492
-0.734522
-0.785309
-0.253135
0.159203
-0.362754
-1.965485
-0.675472
-1.267224
-0.540206
-1.662458
0.548800
0.331452
-0.041914
-0.377085
-0.189507
0.848492
-0.038614
1.234603
-0.478869
0.489194
-0.034038
-0.335530
-1.074981
0.157400
-0.675677
-0.180587
-0.070356
0.298961
-0.365309
-1.128034
1.269827
-0.036726
-0.835443
-0.747677
0.263693
0.210070
-0.008537
1.081614
-0.360716
0.700818
-0.220291
-0.739100
0.973461
0.221601
1.079970
-0.472471
-0.381651
-0.062105
-0.654152
-0.862930
-1.023463
0.093379
-0.497457
-0.446405
1.040812
0.405723
-0.309019
1.554837
-0.877001
-1.112181
-1.079387
-1.293482
-1.116030
0.223610
0.247472
-1.014785
0.189789
1.833850
1.317413
2.157213
1.474344
-1.073706
-1.097789
0.783217
1.977805
-0.895396
0.153409
-0.292918
-0.524309
-1.184150
-1.010764
0.643824
1.999096
0.539508
1.050924
-1.515894
-0.799877
0.541230
0.408922
-0.864270
-1.019970
1.506199
-0.547719
0.821255
1.133814
-2.123248
-1.261520
-1.663596
0.566001
-0.434811
0.921134
0.361090
1.237755
-0.259350
0.344672
0.793454
0.302283
-1.113505
-0.400390
-0.277207
-1.744653
-0.093908
-1.451548
-0.819517
0.199056
-0.440762
-1.183181
-0.926761
0.058629
0.505471
0.403368
0.511178
-0.902145
-1.457539
-0.791157
0.993698
-0.876803
0.066868
-0.186741
2.147422
0.478196
1.015312
-0.031050
-0.833073
1.030866
1.244598
1.102860
-2.148945
0.658478
-1.461301
-1.458483
0.768613
-0.940696
0.627634
-2.010904
1.428925
-1.207457
-0.693437
-0.439416
-0.280470
-2.098429
0.055059
0.703970
1.322555
-0.054870
0.947170
-1.255538
-0.162124
-0.000212
0.856110
-0.632960
-0.963561
0.440736
0.546506
-1.400047
-0.830334
1.247764
-2.025956
0.073259
-0.996758
-0.752306
-0.067565
0.919912
-0.562503
-0.800141
-1.360712
-1.020812
1.409828
-1.893586
-0.021108
-0.048189
-1.202186
0.031816
0.374860
0.093509
-0.608112
0.314546
-0.059992
0.177901
0.038640
-1.888847
-1.940596
0.206962
-1.917479
0.209513
-0.324534
1.326905
-0.416907
-1.968676
0.494926
-0.452223
-1.890884
-0.284917
1.192882
-1.342811
1.548932
0.387611
1.274885
-0.035636
-0.934227
0.874903
-1.826834
1.690967
1.371806
0.405677
0.663584
-0.620906
-1.932232
-1.892543
-1.043166
0.241320
-1.106776
0.720596
-1.609348
-0.019972
-0.126756
-0.836342
0.285780
-1.196049
0.216283
-1.383743
-0.685044
1.047359
-0.443932
0.333038
-0.884039
-0.718436
0.210091
-0.785507
0.766547
1.613803
0.575679
-1.108359
0.851661
0.480683
-0.402878
0.234308
0.918862
-0.465276
0.181593
0.276474
-0.500960
-0.788507
0.113509
0.897554
-0.861302
0.346018
-0.226955
1.573397
1.236322
0.856310
0.987384
-1.221716
-1.304471
-0.351035
-0.133420
0.125128
-0.107082
-1.274844
1.199740
0.485101
-1.166294
-1.743937
0.013131
0.278036
-0.263680
-1.317942
-1.470089
1.036405
-0.129170
1.139820
-0.755388
-2.294584
0.452834
0.196418
0.871199
-0.284202
1.773264
0.280523
2.202625
-1.709307
-1.103976
-1.319563
-0.915827
1.633868
-0.778318
0.102407
-1.168360
1.196167
-0.828160
1.583200
-2.023218
0.450147
-0.853348
-0.391372
0.832264
-0.184690
-0.328014
-0.266328
0.674634
-0.507295
-1.484227
0.179262
0.033715
0.790081
0.602222
-0.938762
-0.562287
-0.713879
0.165058
-0.989226
0.035678
1.184668
0.965574
0.434956
-0.054564
-0.929337
-0.274321
0.230232
0.031638
-1.732524
-1.815586
-0.004612
-0.182991
-0.347889
0.910659
-0.982771
0.527054
-0.662466
0.264047
0.421703
0.494448
-0.766783
0.030655
-1.441884
0.906375
1.837289
0.444869
0.177003
-1.924045
0.645370
0.801443
-0.336108
1.086689
0.019671
-0.117386
1.109950
-0.759600
0.880600
0.642787
1.214934
-1.910831
-0.941539
-0.012493
1.729307
-0.683356
-1.890040
0.066739
-0.295531
-0.500767
-1.445578
-0.524922
-0.998207
0.151221
-1.050545
-0.727780
-0.738098
-1.510821
-1.898355
-0.582322
-0.510277
0.372215
0.078250
-0.293301
-1.289263
-0.744278
-0.545928
-1.730487
-1.109669
0.881198
-0.247630
0.401277
1.265675
-0.914367
-0.304543
-0.330848
-0.626644
-1.243486
-0.185633
2.157452
0.136936
1.122768
0.345956
0.201431
0.736501
0.222825
-1.678306
1.024664
0.271772
-0.517137
-2.026510
0.612016
0.345283
-0.926407
-1.233721
-1.226711
-2.073817
1.677422
-0.502404
-0.537571
1.924846
1.067026
1.168929
0.891745
-1.261608
0.924959
-1.639115
-0.317482
-2.013774
1.966434
-0.502213
1.431588
1.650405
0.717264
-0.807280
1.453070
1.899048
0.383193
1.340620
-2.084498
-0.029571
-0.600670
-0.885833
0.595818
-0.600251
-1.433567
1.655001
-0.497816
-0.767300
-0.432411
1.954198
-0.485492
2.214928
0.258083
-0.320779
-1.799227
-0.209353
0.435558
-2.223949
1.787911
0.081660
-1.305930
-1.002535
0.439617
-1.833643
-0.536828
0.553936
-1.637110
0.504059
0.800467
1.035469
1.061643
0.790720
-0.032599
-1.803123
0.584828
-0.480757
0.444790
1.240377
0.987352
-0.474825
1.420546
-0.122648
0.566422
-0.386335
0.213235
1.645962
1.195807
0.599873
-0.035879
-1.543886
-0.051401
1.182799
-0.052100
0.350248
0.017190
-1.365667
-0.322543
-0.009208
1.059001
0.641426
-1.428237
0.484545
1.035411
-0.062037
0.748323
-0.742946
-0.123355
0.872395
-1.772041
-0.957522
-0.170831
-1.633500
-0.502306
-1.638627
-0.898556
-1.293308
-0.150129
1.000359
-1.837561
0.303720
0.154411
-0.467873
-1.722590
0.360718
0.293837
-0.388798
1.306588
-0.634334
-0.241528
0.137928
-0.955644
-0.401274
-0.570414
-1.510764
1.241392
-1.123451
-1.578213
0.365290
-1.083587
-0.462085
-1.545983
0.034334
0.553120
1.672808
0.042851
0.427877
1.525302
-1.365226
-1.207811
0.517794
1.889103
0.793954
-1.210278
0.856217
-0.483331
-0.318852
1.030514
0.038118
-0.017097
-1.938253
-0.724016
-1.758337
0.066470
0.509891
-1.505997
1.999518
2.136873
1.007123
-1.499785
1.359263
0.677087
0.651205
-1.225430
-1.563085
0.805193
0.900248
0.624280
0.172949
-1.634083
1.104470
-2.003835
1.200630
0.094766
-0.599353
-1.008357
0.089409
-1.069151
0.845436
-1.318262
1.179262
-0.465765
-0.871325
0.688355
0.152311
1.267471
0.739427
0.405200
-0.637655
-0.054679
-1.177561
0.034552
0.647994
1.982256
0.388928
-1.843695
-0.460337
0.120531
-1.954489
0.580618
-0.067315
1.796963
-0.783765
0.647583
0.751990
0.065332
-1.748754
0.848806
-0.675121
1.882751
-0.401072
-0.461275
0.044195
-1.987704
1.595089
-0.670785
1.772845
-0.183755
-0.254228
0.254228
0.677975
1.548087
0.291825
0.495806
-1.674852
-1.038669
-0.420318
1.556235
1.399411
1.944586
0.774075
-1.928278
-1.602851
1.275988
-0.262304
-1.616685
1.418965
-0.086157
-0.677919
1.181210
0.203881
1.793013
0.562248
0.724819
0.246378
-1.044757
-1.350606
-1.324931
1.006463
-0.508121
-0.977643
-0.792908
0.834553
0.401392
0.487534
0.174489
-0.514446
-1.553362
1.662823
-0.102327
-1.017847
-0.502164
1.399806
0.474768
1.151452
1.077320
-0.957174
1.882864
0.181514
1.963085
0.098458
-0.465942
0.430768
0.715439
-0.018080
0.967370
1.164805
0.877144
-0.259476
0.582524
-1.523074
-2.251974
1.228004
1.235755
0.938099
1.094836
-0.546968
-0.651784
1.269403
-0.727682
-0.516180
-0.291293
1.036442
-1.530967
-0.323066
-1.766515
0.228249
1.057082
-1.532507
-1.334315
0.746976
-0.088602
-0.428539
-0.340638
0.890645
0.294504
-1.269469
0.375832
0.625285
0.431782
-0.534292
-1.504204
-0.061831
0.914216
-0.006669
2.025567
-0.212326
0.765609
0.394028
-0.929771
-0.843511
-1.485221
-0.772960
-1.135513
0.457861
-1.420579
-0.292132
0.529641
-0.370101
1.899598
0.547074
-0.439229
-0.000654
0.866977
-1.007701
-0.911378
1.975127
-1.301245
-0.156609
-1.179005
-0.304275
-2.039159
-0.359737
-1.885248
-1.078763
-1.054739
1.026554
-1.151435
0.903304
-0.677154
0.811420
1.728055
0.615759
-0.953708
-1.443759
1.542908
-1.244065
0.351940
-1.380815
0.121581
-0.747115
0.479929
2.197325
0.660280
-0.495470
-1.068009
0.415310
1.938400
0.608142
1.059471
0.083831
1.252504
0.233607
0.705277
-1.101199
0.671047
-2.048211
-0.016278
-0.693933
-0.078716
0.169235
-1.722982
-0.197952
-0.021807
0.175581
1.567127
0.324808
1.447098
1.161773
0.394995
-1.006803
-1.774981
1.676338
0.937833
-0.762617
-0.944421
1.249158
0.743762
0.203877
-0.171628
-0.508192
-1.583231
-0.395209
0.670226
0.110086
1.781678
-0.278112
-0.224925
0.459194
-1.512644
-0.265999
-0.816826
-0.235541
0.361386
0.561872
0.340954
1.176375
-1.208013
0.718558
0.159189
-0.802842
0.609682
-0.769649
-1.930495
0.340064
-1.265824
-0.054438
-1.630516
-2.067686
0.226635
-0.136335
-0.953224
-1.305742
1.362577
-1.064007
1.636417
0.145201
-1.285610
-0.683698
-0.550457
0.220839
0.071025
-0.639669
1.930802
0.583633
0.350977
0.357491
0.929490
1.600147
-0.147416
-0.796347
1.150687
-2.112451
-0.302978
0.223593
1.442268
1.752424
0.515678
0.098986
0.836729
1.121203
-1.366207
0.707137
-0.204244
0.183050
-0.920380
-1.847580
-0.837867
-0.666033
0.174803
-2.116229
0.480763
1.694406
1.072333
-1.633883
1.276580
1.887334
0.287051
-1.370374
-1.288998
0.085703
-0.663224
-0.326270
0.039147
-0.090241
1.358775
-1.431159
1.594263
1.623184
0.574893
-2.354746
0.489640
-1.515967
-1.697860
-0.251505
-0.210693
0.808197
0.805805
-0.780191
-0.962147
-1.656637
-1.561353
0.654812
-1.128755
-0.561620
-0.714797
0.688364
0.840195
0.071451
-0.207905
0.917601
0.293967
0.289717
0.002323
-0.297120
-0.613476
-0.246251
0.162611
-0.486170
-0.873734
-0.337686
0.212503
-0.205430
-0.600004
-0.994033
1.842179
-1.422362
0.678026
-0.536283
-0.598401
-0.044294
-0.057469
-0.626395
0.300731
-0.083198
-1.637784
-0.602125
-0.745062
1.076999
1.690692
1.763805
0.541197
0.153850
-1.244893
0.064346
-0.532271
0.402612
-0.848159
-0.478517
0.254406
-0.559030
1.264011
-1.623126
-1.017754
-0.315003
-2.090500
1.024846
-0.616143
0.886191
-1.285577
-1.237506
0.326991
0.451462
1.240972
0.356966
0.759327
-0.071995
0.597957
0.371810
-0.815223
-0.783782
-0.390338
-0.075449
-0.426132
-0.437467
0.232659
0.932979
1.389924
-1.301346
1.412891
0.569993
0.464112
-1.138972
0.523206
1.601411
-1.353246
-0.593297
0.573083
-0.598672
-0.600044
-0.990152
-0.278811
0.738315
1.873644
-0.233183
0.178851
0.335942
0.257228
-0.150872
-0.010070
0.453436
0.291155
-0.747673
-1.442206
-1.352773
1.180431
-1.181849
1.957112
0.562981
1.327674
0.957154
-1.388840
0.918165
0.060955
-0.270173
-0.014252
-0.601338
-2.218517
-1.003225
2.030091
-0.689403
1.447360
-0.079511
-1.164478
-1.129535
0.769194
-0.098466
-0.032805
0.572106
-2.030185
-1.556084
-0.100049
0.456087
0.904663
-0.812226
1.498377
-1.289243
-1.309787
-0.480288
-0.470233
-1.042563
0.506179
-0.695627
-1.146892
-0.466461
-0.610951
0.736327
-0.324778
-0.918923
-0.145287
-0.285450
-1.344848
-0.247537
2.208708
-0.003963
-0.061438
-0.549091
0.879055
1.271280
-1.913056
0.348053
0.708936
0.957821
1.191583
1.158989
-0.295983
-1.159431
0.043017
-0.794928
-1.248247
0.241621
1.584807
-1.539730
0.587061
0.417588
1.079104
0.330843
0.389570
1.672242
-0.081547
-0.980706
-0.476881
-1.675108
-1.758407
-0.796573
1.565356
1.519147
1.754678
-0.677201
-0.271926
0.198074
0.125402
-1.380924
-0.449307
1.557813
-0.428470
-1.251691
0.751231
0.496983
0.924903
-0.956144
0.290694
-0.878861
1.286178
-0.496706
0.138490
-0.317141
0.766920
-0.636045
0.324990
0.721232
-0.345339
-0.828856
0.140620
-0.815605
0.859297
-1.098572
-0.777209
-0.207939
-0.107332
-1.389074
-0.854132
-0.269341
-0.039260
0.894970
1.217821
-0.928600
0.049892
-0.337510
0.366304
-0.324465
-0.290769
-0.463904
-0.037730
-0.711524
-2.115114
0.534943
-0.322003
1.164858
-0.447909
-0.298160
-1.260349
-0.029313
-1.342441
1.619583
0.246690
2.107983
0.927721
0.413458
-0.255781
-1.546408
-1.735669
-0.886589
0.093319
-0.961030
0.537756
-0.172455
0.904222
0.700587
-0.890429
1.059555
-0.675329
-2.032990
-1.522203
0.304553
0.286449
-0.065117
0.350084
-0.513710
-1.166525
1.786158
0.489291
0.050027
1.322732
-1.726553
-1.953558
0.991972
-0.435835
1.573479
-1.129521
0.253135
-1.055595
-0.957900
-1.101314
0.046357
-0.656136
0.745195
0.600270
1.532045
-2.144406
0.159942
0.321704
1.655636
-0.092197
-0.141624
-1.628219
0.460582
-0.410560
0.019583
-0.541137
-0.501884
-0.779167
0.807963
-0.013514
0.100718
0.075177
-0.475984
-0.120049
-0.273372
-0.978848
-1.522862
0.424596
1.515393
-0.561393
0.425012
0.385002
1.631888
0.588472
-0.425491
-0.360074
0.368634
0.415253
-0.542635
-0.935099
-1.495092
-1.193099
0.276767
-0.412987
0.884672
-0.458449
-1.488582
0.813994
-0.158987
1.068922
-0.147171
-1.191761
0.099147
0.613042
1.617081
0.413709
-0.946471
-0.000643
0.549671
0.198761
1.491388
-1.691497
1.717377
-0.099932
1.025916
-0.826227
0.247657
1.609368
0.972064
-0.163843
-1.376154
1.010602
-1.151295
-0.210290
-0.188637
0.092089
0.027542
1.532556
-0.482222
0.096443
-0.112151
-1.947383
1.198337
0.433422
-2.058264
-0.472424
1.076821
0.769150
1.748322
1.146996
1.523766
-0.203399
0.159737
-1.593803
-1.642785
-1.865296
-0.941112
-1.174601
-0.278176
1.451097
1.858914
0.052652
-1.029509
-0.713986
-0.237343
1.181665
-1.162410
-0.936566
-0.989268
0.036867
-0.275004
-0.587687
-0.338904
-0.444098
0.318705
1.318949
1.141488
0.946928
-1.334440
0.263350
-0.396296
-0.002504
0.025769
-1.711837
-1.271979
-1.548899
1.529068
-0.014020
0.075891
0.333901
0.059415
1.418033
-0.016444
1.602973
1.485152
-1.051264
0.593571
1.434175
-0.852943
1.970579
0.731953
-0.305480
-1.276977
0.635504
1.609313
-0.586177
-0.917617
0.569466
0.065869
0.393191
-1.630573
-0.400716
0.365817
0.390218
-1.453123
-0.627766
1.095084
0.299549
0.577948
-2.189443
-0.316096
0.987789
0.463346
-0.921469
0.344540
1.929668
-0.382698
-0.148375
2.005022
0.396654
0.672998
0.372159
-1.487678
-1.429280
0.982526
-0.867296
-0.263001
1.182610
0.880223
1.292009
0.150175
-0.192462
-0.496176
-0.058715
0.264001
-1.027484
0.303158
-0.657700
0.889050
-1.038902
1.015068
-0.895766
0.304268
-1.498049
0.611273
-1.835690
-1.325541
1.430248
-1.148678
-0.150337
1.756823
0.241113
-0.798513
-0.285209
-1.225232
-0.023475
1.017456
-0.524947
0.098183
-0.900785
-0.022037
-0.017524
0.906155
-2.045240
0.849782
-1.656864
0.981095
-0.178207
0.310123
-0.629184
1.188775
0.230525
-0.352796
-0.804305
-2.239367
2.018191
0.683232
0.968288
1.044535
-0.322984
1.042463
1.205464
-1.047466
0.456443
-0.098505
-1.109116
1.049559
0.863320
0.138566
-0.210867
0.282919
-0.233626
-1.457606
-0.354659
0.188399
0.387014
-1.340793
-0.735166
-0.608742
0.186086
-0.815761
0.246245
-0.548209
0.146845
1.115013
0.974532
-1.075917
0.462574
0.279265
-1.738481
0.002427
0.845215
0.135016
-0.570375
-0.134711
-0.626077
-0.247426
1.608106
0.639728
-1.080762
-0.748985
-0.155800
0.331317
0.690949
-0.662381
-1.595181
-1.201310
1.669552
-0.712615
0.133972
0.072931
0.897467
-1.462006
0.695508
0.329981
-0.998879
-2.136643
1.040411
-1.449609
-0.688446
-1.778843
0.747776
-0.120174
-1.961249
0.117630
-0.277118
0.581533
1.249578
-0.645326
-1.462550
0.798639
0.271225
-0.686306
-1.106300
-1.789592
0.106248
1.332440
0.124318
0.288368
1.462325
0.391278
-1.154628
-0.305616
-1.256991
-1.108888
-1.854834
-0.102684
-0.202471
-0.083642
-0.204473
-0.717555
0.304206
0.440863
-0.357557
-0.676849
0.478761
0.459030
-0.044290
0.375886
0.103285
0.330551
0.047416
0.002326
1.324951
1.585729
0.538170
-1.297879
-0.620786
0.751610
2.022794
-0.184985
-1.022539
-1.688822
0.025860
1.058113
-0.152499
2.145089
-1.545381
-0.463622
-0.918688
0.807859
-0.814112
-0.177559
-1.007806
-0.827340
1.917791
0.072663
1.040372
0.234868
-0.971681
1.110200
0.575590
-0.110507
1.618130
-0.431820
-0.474556
-0.396919
-0.499671
-0.115895
1.787058
-0.789093
-0.086247
-0.218682
2.101300
-0.854695
-0.398573
-1.339352
-0.656221
-1.549551
1.578667
-1.036254
0.764795
1.775313
-1.972497
-1.103435
-0.514992
1.081343
1.409157
-0.190417
0.251230
0.736159
0.372588
0.141748
0.245682
0.859112
-1.189398
0.292065
1.256132
1.429368
0.607457
-0.373953
1.546666
1.005192
-0.496190
1.269519
0.755494
-0.073759
-0.010965
0.077678
-1.636597
-0.803556
-0.756186
0.377694
-0.309351
-0.892588
0.160599
-1.678931
0.112543
0.539045
-1.558239
-1.238001
-0.132373
0.518577
-1.241025
0.219654
-0.373839
-0.505843
-0.125107
-1.315863
1.301082
1.599044
-0.408029
-0.439891
1.141130
-0.573726
0.114371
-1.673472
-1.478137
-0.950870
0.595541
-0.541875
0.899496
1.504875
0.465137
0.170155
0.931471
1.322416
0.382700
-0.008024
0.427501
1.179310
-1.083902
0.367686
-1.445168
-0.372648
0.940754
-0.266678
1.129340
-0.141995
0.748046
-0.466957
-1.552202
-1.548999
-0.222195
-0.143319
0.185195
1.180845
-0.430957
0.314243
-0.825883
0.094778
-0.021414
0.031889
-1.551759
0.053131
-0.163574
-0.728731
1.220927
-0.082637
0.853395
1.492648
0.046439
-0.831641
-0.213639
1.842251
-0.587516
-0.498636
1.105189
-1.523718
0.061543
-1.735757
0.754591
-1.684713
0.925986
-1.298804
-1.145335
0.420374
0.615955
0.706901
1.523002
0.924156
-0.015625
-2.144213
1.785347
-0.235914
0.960475
1.069913
-0.761144
-1.521607
-0.170302
0.021540
-0.357899
1.483139
0.944419
-1.136371
0.766064
-0.489673
0.640211
0.624177
-0.932680
1.587194
0.338882
-1.352995
-0.287315
0.409342
1.055499
-0.923718
-1.000254
-0.470054
-2.096137
-0.991847
1.064565
0.188954
-0.975401
-0.785198
0.428118
0.490410
1.339672
-1.249273
0.585169
1.393653
-1.154055
1.513515
0.561555
-1.753962
1.606640
0.652772
-1.336105
0.533676
1.387051
0.094083
-0.261947
-0.407189
-1.885285
-0.086998
0.680304
1.524832
-1.802327
0.095906
-0.578963
2.211082
1.085700
-0.035087
0.990023
-0.316944
0.543808
-1.438738
-0.500141
1.602959
-1.625824
1.680283
1.522001
0.913547
0.890704
-0.149024
1.589740
1.095400
0.053816
0.004106
-0.906307
1.742159
1.609348
1.125808
0.042641
-0.502560
0.397172
1.678054
0.179611
-0.785530
-0.096243
-0.494197
1.312935
-0.283179
-1.555356
-0.464586
0.170615
-1.645771
1.652580
0.153822
-0.673173
0.299950
-0.872428
-1.086452
1.140686
-0.456785
-0.171873
0.064435
-0.536403
-1.122400
-1.639523
-1.752455
0.416466
0.511559
-0.681440
0.901558
0.057723
0.273686
0.957157
-0.986923
-1.193904
-0.871708
0.102902
1.026052
-1.227991
1.290670
-0.701151
1.784490
-1.369463
0.811714
-1.541562
-1.535559
0.218178
-0.028445
0.411553
0.984944
-0.394230
0.541220
0.390495
0.035518
0.864488
-0.838207
0.345220
0.846736
-1.358796
0.029321
-0.084614
0.910563
-0.404611
0.019745
0.421543
-1.361234
-1.049084
-0.027093
-0.913657
0.420478
0.532293
1.702893
-1.311822
0.884060
0.720854
0.893889
-0.327554
1.661898
-2.120554
0.845370
-0.461861
-0.085124
0.367025
-1.583658
0.306611
-0.230641
1.541446
0.684089
-1.522734
0.865239
-0.737952
-0.671192
-0.723881
0.325111
1.560781
-2.090640
1.479303
-0.273358
-1.301666
-1.450344
0.716226
0.606451
1.398916
-0.088518
-0.346986
0.056471
0.721235
-1.262780
1.786679
0.790057
-0.778859
-2.042681
1.769760
0.686967
1.170319
-0.605611
-0.004873
1.125703
2.020472
0.553773
1.304037
-0.040315
-1.579125
-0.420170
1.800766
1.564698
0.965118
-1.176784
0.086606
-0.526135
0.409638
-1.514659
-1.152663
-0.777465
1.693969
0.286330
0.705149
-0.921000
0.284583
0.042076
-0.639870
0.152541
0.991971
1.484335
1.136661
0.235488
-1.306857
1.015141
-1.026452
0.269211
-0.255027
0.536421
1.155712
1.671063
-0.982531
1.064263
0.036067
-0.812340
-0.658795
-0.333199
-0.799362
-1.559465
-0.270495
-1.483851
0.081701
0.018210
-1.025920
-0.507835
-0.838558
2.001163
-2.240739
-1.099555
-0.230373
-0.048087
-1.105036
-2.004873
-0.374995
-0.492272
1.040088
0.299176
1.219555
0.358802
1.710986
-1.718913
-0.982444
-0.097778
-1.185368
-0.028591
-0.804022
0.676402
1.071006
-1.054920
-0.783952
-1.083206
-0.230447
-0.133953
1.525887
-0.335707
-0.759846
1.389380
-0.967453
-0.142715
-0.502040
0.642056
1.044182
1.848236
0.979761
-0.344030
1.911016
0.513797
-0.976032
0.672699
-0.444602
-1.090832
0.903536
1.920421
0.353276
0.802197
-1.294676
0.031421
-1.167845
-0.407431
-1.096058
-0.124501
0.670292
0.771819
2.146076
0.701462
-0.378610
-1.229752
-2.172009
0.542209
0.261000
-0.198715
1.257321
1.283611
1.350453
-1.699199
0.714683
-1.615103
-1.336604
-0.524367
-0.891406
0.575637
-1.075130
-0.237102
0.580852
-0.188904
-0.541171
0.328859
0.128884
0.932188
-1.575177
0.144225
-0.776117
-0.416966
0.589097
0.291713
0.539418
1.127583
1.122549
-0.831388
-1.803819
0.010952
0.104030
-0.375224
0.301545
1.198948
1.506136
-0.876464
-0.416145
-0.697983
0.291534
-1.857029
-0.676183
-1.290563
0.638625
-0.163992
-1.129954
0.969744
-1.473237
-0.420083
-1.151620
0.666211
1.649331
1.503549
-0.907214
0.297344
0.407836
0.874897
-0.381386
1.060876
-0.459529
-0.262373
0.720411
0.784483
-0.325446
0.830011
-1.313452
-1.428362
-0.127564
-0.036896
0.111745
-1.611206
-0.587015
-0.357347
0.561763
-0.110969
0.037006
0.532447
-0.027723
1.215686
0.316018
1.210520
-1.116075
-1.998382
1.256371
0.612574
0.791045
1.238131
-1.650044
-1.191799
0.149129
0.245027
-1.344698
-1.547669
0.875299
0.426154
-0.344310
-0.543170
-0.647537
0.133822
0.620761
-1.501337
1.622777
-0.586658
0.095715
-1.285327
-0.330535
-2.120749
0.445840
-0.101162
0.151450
0.890057
0.657958
0.557100
1.054794
-1.395308
-0.391295
0.554809
1.221782
-1.205135
0.145505
-0.876110
-0.112758
-1.515197
-0.603049
1.434003
-1.511273
0.852295
1.551820
-1.060000
-0.017330
0.834176
-0.962581
1.538726
-0.852081
-0.243926
0.420725
-0.103450
1.148538
-0.421711
-1.389812
-0.870319
-1.483113
0.544875
-0.366814
1.081493
1.352819
0.089991
-1.768006
0.569434
-0.857125
-0.516985
0.834151
-0.776216
0.971542
-0.513169
1.033644
1.098444
-0.725529
0.752380
-0.127105
0.283791
0.403064
-1.175870
-1.209407
-1.798672
-1.786646
0.412717
0.786596
0.655619
-0.235249
-0.576028
-0.540621
-1.595163
-0.205739
0.350447
0.358150
0.181387
-0.436165
0.808287
0.135822
-0.117447
1.584531
-0.575174
-0.473645
-1.320483
1.380929
0.405318
-1.037350
1.300030
1.411832
-0.531338
-0.108933
0.371215
1.661423
-1.256154
-0.778879
0.661615
-1.213650
-1.741796
-0.660043
-0.200379
-0.190476
-0.528639
-0.290880
0.757998
-1.437494
0.029387
1.035453
0.230253
1.129743
-0.062803
-1.676573
-1.758309
0.010290
-0.323937
-0.333659
0.310915
1.969449
-0.921543
-0.803078
1.171813
0.021295
-0.876788
-1.700093
2.104041
0.945101
-1.182285
-0.369827
-0.010179
0.574511
1.931024
0.762427
0.269428
0.686668
0.084359
1.064829
-0.989252
-0.720113
1.334234
-1.417188
0.647379
-0.708420
-0.008930
-0.969406
-0.513666
1.129022
0.166907
-0.561455
0.338560
0.515392
-0.580940
-1.498178
-0.114654
0.351419
0.451963
0.067751
0.571678
-1.369136
0.446013
0.242795
0.615929
0.410097
0.656183
1.255594
-0.139678
1.624474
0.847879
1.115653
-0.375635
-0.632202
1.982961
0.224581
-0.456507
-0.626794
-0.375675
0.010140
-0.327196
0.510979
-0.091594
-0.137010
0.397861
-0.094269
2.002473
0.115227
0.613496
-0.457446
-1.963702
-0.844245
1.502505
-0.286180
-0.360580
1.466092
0.052674
1.681679
0.053200
-0.943031
1.791751
-0.205655
0.283398
-1.626083
-1.119021
-0.922699
-0.538587
0.616696
-1.666315
0.163358
-1.401864
-0.684176
1.222841
-0.672383
0.389248
-0.862510
-1.014171
-1.014507
1.805016
0.695333
1.879014
-0.297297
-1.879213
1.388513
1.179590
-0.163208
0.846234
-0.685965
-0.582802
-0.839349
0.171563
1.192728
-1.508141
-1.470706
0.442433
-0.773307
-1.421683
0.442352
-0.982168
-1.063509
-0.187958
-0.461748
0.391817
1.196367
0.788883
0.035227
1.261806
-0.403450
0.311327
0.023030
-0.250529
-0.396716
-1.822180
-0.860570
-1.558580
0.042596
-0.100993
0.669559
-0.554789
-2.062181
-0.356562
1.134893
-0.606828
-0.379722
-2.001376
-0.382766
-0.493617
1.985707
1.204961
-1.785240
0.119122
0.436508
-1.910562
-1.331151
0.161275
0.005491
0.277048
0.488334
1.888972
-0.682634
-0.002221
-0.205948
0.780998
1.452386
-0.186171
-0.003656
-0.535228
-0.060083
0.558339
0.727761
-0.104021
-0.761005
0.207585
-1.066146
0.245804
-0.048794
-0.535540
0.190968
-1.835761
-2.089007
0.424905
0.174660
-0.602972
0.412507
0.064202
-1.657780
0.894071
-0.386395
-0.829607
1.047017
-0.728117
-1.977027
-0.298399
-0.299325
1.201327
0.789943
0.551804
0.248105
-1.776035
0.556690
1.272757
1.053760
-0.479745
0.123682
0.157074
-1.578379
0.078310
0.401676
1.231191
0.949162
1.673823
1.108217
0.624283
1.433032
-0.936227
-0.733350
-0.022597
1.007052
1.411654
0.760641
-1.496992
-1.606471
-0.909858
0.727844
-0.728664
-0.494423
-0.685791
0.967633
-0.847332
0.745828
-0.932651
-0.045092
0.080494
0.859300
0.202222
1.912500
-0.109052
1.209879
-0.756389
-1.399622
1.587164
1.923657
-2.171414
-0.189479
1.732137
-2.041440
0.480234
-0.611707
1.119281
1.745954
-1.986617
0.638865
0.973228
-0.646881
-0.636152
-0.362175
-1.564053
-0.292363
0.269778
1.704680
0.781504
-1.563237
-0.437898
0.188919
-2.233102
-0.117072
-0.870199
0.948977
0.685283
1.284780
0.080110
-0.436587
-0.005155
0.095323
1.174430
0.085602
-1.736077
-0.115625
0.303257
-1.826206
-0.515308
0.036838
0.729613
-0.913443
-0.564943
-1.314791
1.466272
-0.777533
1.084520
-0.532128
1.356451
1.625035
-0.155318
0.305983
-1.520144
-0.243108
0.196970
0.084453
0.716437
1.026611
-1.362675
1.206418
-0.931097
0.756521
0.464622
-0.229520
-1.090634
-1.034185
2.077238
-0.394795
0.316241
-0.140858
-0.478710
0.786764
-0.096634
-0.958850
-0.640404
0.252711
0.991308
1.615401
1.323871
0.676453
-0.726431
-0.260406
1.989552
-0.538247
1.232969
2.081415
-0.378228
1.665370
-0.287923
1.556416
-1.163939
-0.706370
1.668131
0.123949
1.414668
1.087404
-1.128547
-0.753245
1.652362
0.013763
-0.737033
2.024471
-0.857274
0.229998
-0.021841
-0.675623
1.126015
-0.266156
0.693318
-1.423652
-0.271478
1.162803
1.174828
-0.865862
-0.152301
-0.219937
0.706013
1.871949
0.144914
-0.461139
-1.052875
-0.842348
0.704935
0.490150
1.255368
1.811227
0.117823
0.003428
-1.105444
0.167898
-1.695319
-0.074705
-1.492542
-0.824187
2.211908
1.611467
-0.492496
0.206529
0.254562
0.821197
-0.572635
-0.107716
-0.973733
-0.016908
-0.261863
0.518561
-0.159516
0.025014
1.188041
0.511691
0.572668
0.458579
0.698412
0.757940
-1.653979
0.601139
-0.928471
2.018710
1.031903
-0.128738
0.372833
-0.618471
-1.582419
-1.618914
-0.948132
-0.152845
-0.493367
-0.535229
-0.124203
0.036246
0.091218
-0.773115
2.246310
0.974029
0.524328
-0.671378
-0.893775
-0.998350
-1.151954
0.152318
0.445474
1.897041
-0.321475
-0.601797
-0.653155
1.473396
0.124658
1.274331
-0.946785
1.347775
1.332920
-1.279754
-1.050174
0.959974
1.796559
-0.587390
-1.889791
1.353038
-1.725874
1.222194
0.649857
1.231205
-1.343735
-0.733492
1.315505
-0.154033
0.737126
-1.725108
-0.225280
-0.701149
0.044674
-0.628169
1.293266
0.049737
-0.034601
1.782583
-0.125180
-0.080314
-1.256132
0.687719
-1.206262
-0.992423
-1.366469
-1.724926
-0.458027
1.185772
0.624429
0.082617
1.019271
0.951649
0.170402
-0.562839
1.826505
-0.507951
0.247372
0.554553
1.404953
0.177305
0.325581
-0.451358
0.814961
0.883894
0.732105
-0.338959
-1.950846
1.541481
0.965005
1.871815
0.805788
-1.687194
1.890310
-0.386684
0.842573
1.464474
0.698048
1.492179
1.340509
-0.106055
0.910395
-1.706334
-1.004341
0.351753
-0.452025
1.810348
1.060298
0.780757
-0.860609
-0.353591
1.343981
-0.158401
1.682119
-0.035905
-1.192765
0.805986
-1.957234
-1.279149
-0.800134
-0.970420
-0.131735
0.884514
1.148219
-1.190216
0.177622
-0.968056
0.976604
0.482394
0.269457
0.995525
0.013329
0.753320
-0.152186
-0.278677
1.716222
1.613765
0.223991
-0.476321
0.588578
1.441152
1.107679
-0.055250
-0.308612
-0.511654
0.630641
0.190328
1.407603
0.499219
1.964365
-0.634885
2.143907
-0.059961
-1.764579
0.618068
-1.246485
0.241549
-2.318257
-0.860358
0.448976
0.693589
0.689238
0.206786
-1.179038
-0.014556
0.710231
1.461183
-0.573996
1.955744
-0.134811
0.408470
0.485175
-0.405508
-1.031936
-1.347630
-0.130618
0.315505
0.110853
1.313326
0.190136
0.560802
0.380365
-1.558782
-0.132215
-0.390384
-1.119714
-0.726111
-0.156528
-0.609209
0.147741
1.271159
0.935511
0.134380
0.875884
-0.666181
-0.789834
0.334727
0.910097
-0.548016
-1.634827
1.010589
-0.115197
0.191535
0.376396
0.219280
0.415359
-0.343236
0.280229
-0.102555
-0.505002
0.369694
-0.318316
1.200419
0.590280
0.902037
0.854978
1.679842
0.836235
1.320887
1.331476
-0.243627
0.526054
1.288650
-1.315509
0.157330
1.178251
1.043036
-0.101585
1.792004
0.996780
1.910977
-0.949554
0.219413
0.966276
0.279627
0.355728
-0.483847
-0.074536
-0.691189
0.245754
-0.106312
-0.808671
-0.767072
0.557053
1.615467
-0.995945
1.682447
0.146586
0.706301
-0.039339
-0.227037
0.273274
1.256599
0.080834
0.353320
-0.131801
-2.052689
-0.969945
-0.705338
-1.518717
-0.859632
1.041289
1.058997
0.605142
0.749187
-1.326455
-0.014797
2.018052
0.172697
0.847038
-0.401242
-1.341509
-0.444463
0.367443
0.752074
0.194014
0.592315
1.014307
0.094451
1.066463
0.297793
-0.901620
0.901852
-1.180448
-1.696545
-1.085787
-0.307385
-2.270576
-1.389333
2.060087
0.111459
1.135122
-1.241912
0.575006
-2.094389
-1.072120
-0.262193
-1.310267
0.653774
-0.136621
-0.602781
0.305541
-0.339916
1.691346
-0.085886
0.019438
2.050560
0.978604
-0.644241
-1.906488
-0.018761
-1.537027
0.847888
0.994990
-0.064971
-2.295802
-0.517474
0.017080
0.448299
-1.933482
-0.546542
-0.720459
-0.333119
0.306590
0.214580
-0.812654
-0.179279
-1.883901
-0.395029
-0.339365
1.933472
0.689017
1.931133
-0.860145
-0.932567
-0.524112
1.277840
0.401882
0.325961
-0.722828
-0.092163
-1.802089
1.401500
1.106501
0.440443
0.061497
0.447062
-0.329126
0.327862
0.720240
-1.850170
0.190676
0.661602
-0.187632
0.672809
-0.314837
-0.665108
-0.271065
1.481794
1.218650
0.294596
-0.987547
-0.044299
-0.058194
0.802583
-0.415268
-2.261391
-0.352958
-1.661620
0.284421
0.902093
0.228637
-0.748918
1.377245
-0.500971
-0.141200
-1.268027
1.253360
-0.536960
-0.284951
0.771697
-1.900962
-0.287644
1.792069
-0.062375
-1.676038
1.013563
0.818539
-0.253270
-0.890976
-1.482869
-0.801515
1.172805
-0.902842
0.229673
1.076912
-0.074661
1.082641
-0.594659
-0.527703
1.763979
-0.368093
0.387332
-0.755475
0.599735
0.453980
0.877838
0.143623
0.556256
-0.636173
-0.204013
0.685856
0.035159
0.646153
-0.072432
-0.475771
1.577043
1.027363
0.724664
-0.660030
-1.238795
-0.420840
-0.653772
0.802660
-1.558351
0.451778
0.888937
2.257166
1.269920
-0.876647
-0.161694
0.591642
-1.031463
0.269755
-1.719692
-0.744997
0.117544
-1.728180
1.679075
0.149914
0.113025
-0.532530
1.337417
-0.285697
-0.646274
0.702335
0.199483
-0.432115
0.338478
0.118954
2.097155
0.776395
-0.559266
1.362563
-0.028025
0.852816
-0.693561
0.128255
1.196297
0.256679
2.160983
0.235337
1.473391
0.587820
-0.170691
-0.461695
1.633375
1.363301
1.127963
0.451940
0.757021
-0.206442
0.306227
0.180186
-0.226148
-0.109435
1.679812
0.225466
-0.656316
-1.524898
1.476349
-0.134921
-0.088279
1.342486
-1.454746
2.008986
-0.373699
0.012978
-1.102153
1.828423
0.272693
-0.163276
-0.871630
-0.044973
1.446860
1.183063
-1.317176
1.628321
-0.149948
0.410612
0.734750
-1.783868
0.556036
1.280547
0.867761
1.197652
0.280350
-0.627831
-0.290742
0.884732
1.956414
0.195827
0.262307
1.187393
-0.334875
0.939657
0.862739
-0.271689
-0.432800
0.037124
-0.730736
-0.066156
1.468337
-0.419650
0.076943
0.565604
-0.354027
0.334507
-1.785986
-1.533908
-0.993098
1.699583
0.606867
1.815140
-0.200454
-0.852929
-1.898870
-0.012786
-1.139824
-0.286080
1.023602
-1.899433
0.120038
0.042306
-0.599155
-0.880558
1.256135
1.055531
0.646928
-1.888230
1.161367
1.652252
-0.050428
-1.416252
0.201467
1.153249
1.994322
-0.008785
0.114859
-0.296228
0.782728
-0.082991
-2.205453
0.560930
1.292392
-1.451829
0.447579
0.292745
-1.035207
0.319896
0.469709
0.296426
-0.677635
0.103451
-0.218058
-0.893798
-0.497316
-0.315515
0.087176
0.114408
-0.049991
0.038163
-1.280079
-1.992458
0.418570
1.183874
0.097989
1.034112
0.112491
0.276628
-1.764471
-0.451128
-0.596250
-2.278085
-0.521405
1.291831
-0.312195
1.750712
-1.387195
1.876907
0.447563
0.816754
-0.263100
0.739394
1.404288
1.931165
-0.787407
0.097047
-0.378270
-0.874794
-1.842609
-0.144636
0.935643
-1.332538
-1.130192
0.983828
-1.481017
1.650230
0.310571
-0.524501
-0.006578
0.399446
-0.454573
-0.229883
1.211137
-0.689391
1.606867
-1.354399
-0.348985
1.133735
0.906293
-0.189494
1.772686
-1.569427
1.492444
-1.889467
-0.486999
0.190420
0.090466
0.619011
-1.637972
1.865183
-0.098628
-0.670190
-0.819508
-1.226025
-2.138646
-1.753957
1.048328
-0.011916
-0.944345
0.818233
-0.935752
1.004234
-0.013859
-0.924239
1.466307
1.701162
1.849840
-0.545692
-0.338331
-1.244337
0.337269
1.282071
-1.002027
0.095636
0.207723
1.335938
1.401120
-0.213650
1.537759
1.638396
0.099822
-1.422011
0.237397
-0.994139
0.818495
-0.605510
-1.330021
0.645051
-2.003374
-0.941047
-1.406195
0.387570
0.651924
0.718413
0.125297
-0.238234
-0.792478
-1.229226
-0.782844
0.324468
-0.419308
-0.368350
-0.340161
-0.950542
1.755588
0.614992
-0.948468
0.251891
0.821812
1.086802
1.607142
-1.233852
0.234757
-0.589441
0.070240
-0.210525
0.181160
-0.900235
-1.598338
1.238486
-0.336173
-0.632707
-1.497665
-0.059081
-0.350655
0.773333
-0.243099
-2.024958
-0.606927
-1.389744
-0.253471
0.970826
-0.391996
0.764849
0.267874
-0.363370
-1.062569
0.815017
0.369868
0.735291
1.392172
-0.725803
0.886562
-0.161237
0.170394
0.213397
0.024695
0.233431
-0.081974
-0.712834
-1.844539
1.550269
0.968872
-0.100667
1.488899
-0.151993
0.017044
-1.574330
0.582722
0.375480
-0.733544
-1.350897
-0.564770
0.752766
-0.948863
-0.223522
0.626763
-1.329802
-0.683999
1.318840
-1.495987
0.260238
1.427682
0.043652
0.020490
0.875521
0.371132
0.392970
-0.021707
1.880144
-0.905602
0.075075
1.877828
0.493016
1.337081
0.549368
-0.111532
-1.497142
-1.292380
1.410737
0.027193
0.514958
-0.068030
-0.184832
-1.082590
-0.071872
-0.028903
-0.780710
-0.202678
-0.426555
0.651709
0.012412
0.111363
-0.108667
0.848840
-0.108786
-0.198052
1.960496
1.592298
-0.002251
-0.689585
-2.045556
0.887146
1.059965
0.345648
-0.229746
0.486386
0.361033
-1.289798
-1.656109
0.106673
0.461153
-0.793964
1.857342
1.823905
1.063210
-0.782577
-0.052228
-1.464099
-0.286786
1.141591
1.273509
-1.333117
-0.207172
0.321391
-1.358574
-0.462891
2.257831
1.151619
0.426252
0.691824
-0.083895
0.275200
-1.343105
1.673890
0.334791
-0.156947
0.333518
-0.361572
0.303585
-0.356286
-0.512581
-1.048577
0.065735
1.503494
-1.266816
-0.041302
0.260634
0.429501
-1.171135
0.285420
1.716393
0.540864
-1.375715
0.654317
-0.071866
1.076609
1.118404
0.881206
-0.287399
0.006756
0.115326
1.230530
0.283777
-0.067004
1.515280
2.168163
-0.946178
-0.025255
-1.220875
0.594586
-0.542056
-0.293595
-0.312694
1.100053
-0.375277
-0.063617
0.405258
-2.082899
-2.049219
-0.721328
-1.758580
0.292606
0.599902
1.600321
0.852177
-1.463411
-1.080920
0.177017
1.014438
0.594244
-0.571478
-0.213327
0.092023
0.315028
-1.513199
1.905052
-1.644222
-0.982429
-0.231817
-0.594628
-1.194022
-1.774414
-0.410006
1.902996
-0.719889
0.659476
-1.894728
1.670838
-0.705603
0.507898
1.085687
-0.542028
0.392117
-0.124016
0.767138
-0.968642
-0.593673
-1.422737
-0.498104
1.537526
-1.383405
-1.602046
-0.170842
0.859477
0.744270
-0.763263
-1.109790
1.243550
-1.585042
-0.893854
-0.732609
0.461025
-0.241522
0.474209
0.318953
2.160450
-0.971165
-1.580398
0.906862
-0.310269
1.819221
1.283629
2.081065
1.255337
-1.937024
0.105553
0.713728
-1.436641
1.127601
0.266301
-0.169278
-0.322557
-1.948751
-0.107577
-1.678248
-0.783652
1.765555
-0.101455
-0.272634
0.547784
-1.757594
-1.868277
-0.753678
-1.590706
-0.197880
-0.864213
0.025389
-1.223699
0.439523
0.563162
-0.757454
1.611008
1.519617
-0.206615
1.070789
-1.302552
0.831876
1.458691
-0.860829
0.348533
-1.736779
-1.271133
1.037114
0.495164
1.190479
-1.938946
2.165324
1.969798
1.460818
1.361805
-1.421872
0.997265
-0.075477
0.474781
-1.371401
0.459960
-1.238720
-1.757734
0.903684
-0.056049
-0.981586
-0.477191
0.659209
-2.168823
0.065568
0.146641
-1.574268
0.535860
-1.544708
-0.047302
-0.037102
0.844097
1.018036
1.996860
0.626550
-0.640025
0.460886
0.421377
-0.988509
-1.431953
0.210020
-0.585458
-0.185372
-0.253743
0.077390
1.068617
0.251792
-0.169420
0.551595
0.227268
0.166248
-0.405213
-0.644247
0.166827
0.153191
-1.281447
-0.122218
-0.992970
0.585913
-0.150441
-0.438125
-0.021401
1.220561
-0.906115
-1.679875
-2.019972
0.229681
-1.212081
0.013072
1.094553
0.479172
-0.022977
0.971006
-0.706102
0.308553
-0.857104
-0.943390
1.923330
1.402093
1.149158
-0.168396
-1.465627
0.234373
1.042589
0.239721
-1.789525
1.269142
-0.040315
0.008301
0.221018
0.768018
-0.095431
-1.306296
0.337785
-0.571698
-0.364967
-1.416750
-0.937455
0.818857
-0.041828
0.735067
-1.141336
-0.660587
0.094931
-1.793559
0.362966
-0.965498
0.300367
-0.829831
-0.504992
1.479098
-0.915118
-0.544288
1.244675
0.585596
0.835610
-0.952370
-0.721382
-0.751725
-0.556218
-0.051779
-0.643784
-0.271683
1.537572
1.709987
-1.475925
-0.681756
-0.449946
-1.035214
-2.110854
0.876840
-2.040768
0.574504
-2.011102
-1.253422
1.303386
1.990896
0.242449
0.425817
-2.100253
-0.923618
-0.201395
-0.258607
0.447891
0.193734
0.110208
-0.053031
-1.314572
-0.948728
0.622901
0.265602
-0.346677
0.213305
1.970074
-0.061397
-2.030558
-0.900689
0.595855
-1.516759
-0.374562
0.682967
0.202905
-0.978441
-0.646621
1.176867
0.992410
-0.065198
1.056027
-0.632646
0.786258
-1.355415
1.755426
-0.045361
1.284093
0.035443
-1.085185
-0.726526
-0.845648
1.116536
0.514834
0.610667
-0.484969
-1.725546
0.287582
1.365304
-1.013389
-0.909616
0.866543
-1.403447
2.109041
-2.055341
-1.475232
1.210410
1.117811
-1.390520
-0.969414
-0.370639
1.773479
-1.880988
-1.091342
-1.770093
0.223909
-0.287627
-0.553056
-0.876937
1.637798
0.425318
-0.010379
-0.407421
1.390699
0.606316
0.195456
-0.500693
-1.053640
-0.089323
-0.650393
-0.193033
1.578165
-0.929457
-0.687503
1.349358
-0.496420
0.185273
0.695429
-0.128070
0.743216
0.234176
-0.776368
0.450850
-0.659163
0.447337
1.213292
-0.651724
1.368988
-0.261127
-0.981192
-0.361498
-1.595964
0.168274
-1.389471
-0.131126
-0.063160
-0.583164
0.555620
1.668702
0.797944
-1.583497
0.755740
-2.084154
-0.861990
-1.305869
-0.482213
1.051157
-0.539574
0.389340
-1.333969
0.451068
-0.634056
-0.195352
0.295300
-0.954697
-0.013084
0.285247
-1.402371
1.004109
0.619517
-0.409230
0.517779
-1.063269
-0.787845
0.641345
0.128748
-0.129254
1.827750
-1.365509
0.036950
-1.012282
-0.224793
-0.561951
1.697603
0.962517
0.392547
1.056187
0.068668
0.658326
-0.054978
0.430213
-1.627436
0.121744
0.968732
0.729352
-0.728750
1.437349
0.623469
-0.767335
1.562454
-0.580944
-1.207933
-0.112304
-1.463857
0.753584
1.596011
1.448838
-0.831000
-2.109394
1.426712
-0.469917
0.358827
-1.071056
-0.070727
-0.406909
-1.005348
-0.007872
-0.303905
-1.029577
0.092332
-0.271432
-0.217190
0.790298
-1.200099
-0.044543
-0.452353
0.797880
2.194533
-0.410048
0.700941
1.296826
-1.527484
-0.433406
-1.296855
-0.267126
0.249879
1.699363
0.392911
1.582470
-0.389503
1.196037
0.979251
1.694393
-0.330847
-0.648544
0.641824
0.448474
-0.447667
-2.008729
-0.866656
-0.240654
0.140456
-1.052158
-0.365029
-1.166990
0.362325
0.016852
1.149038
0.245602
-0.456262
-1.137118
0.640687
0.729369
1.342836
1.558330
-0.575230
0.073313
-0.495644
-0.981159
-0.081697
-1.213778
0.562531
-0.411945
1.658834
-2.072735
-1.026336
0.099271
0.606091
-0.481430
-1.416033
-1.955391
-1.027399
0.564375
-0.339518
-1.910320
-2.238826
0.506102
-0.153071
1.711651
0.842164
-0.521109
-0.407207
0.290868
-0.544029
0.483197
-0.947653
0.995683
2.205578
0.885404
0.290327
0.054209
-1.209767
-1.068513
0.360705
0.524250
0.845029
0.165483
0.654015
-1.017679
0.860874
-0.932614
0.661754
-0.974882
0.293522
0.110813
0.382977
0.206275
-0.956810
0.563291
0.605815
-0.730282
0.221333
0.975671
-0.112398
-0.515669
-1.125014
0.606080
0.853934
1.778798
0.244402
0.441738
-1.733911
-0.120861
-0.773545
0.593946
-1.229095
-0.790230
-0.371631
1.129735
-1.201618
0.466056
-1.543560
-0.761490
0.151703
1.047976
-1.365421
0.467165
-0.273318
0.338855
-0.271329
0.343451
0.071884
-0.172813
-1.503177
-1.082982
0.455924
-0.858045
-0.319205
-0.920144
-0.395640
0.266481
0.339952
-0.261051
0.491621
0.368994
-0.030102
-1.066922
-0.159461
-0.019272
-0.510559
-1.274837
1.529235
-0.539438
0.468505
1.474988
-1.756985
-0.349535
0.818382
-0.219363
1.786808
1.456938
0.109559
-0.991407
0.609274
0.869555
0.000211
0.362261
0.272723
0.434722
-1.243636
0.173096
0.815386
-1.669965
1.157140
0.592059
-0.897547
-1.818228
-0.511706
0.544522
1.015950
0.294231
0.686505
0.140550
0.945495
-1.389782
-0.920249
1.986982
1.571097
-0.327336
-1.141494
0.373764
0.588907
-1.074288
1.340328
1.384441
0.096076
-1.420141
1.465722
-0.085272
0.956414
0.976683
1.021074
-1.110689
-0.651065
-1.619485
-1.866927
0.307175
0.262627
-0.224980
0.634364
0.668084
0.635637
0.669419
-0.772085
-0.370853
-0.278379
-0.720106
0.542377
0.130233
0.607907
-1.853511
0.411851
-0.496444
-0.613019
0.899829
-0.434848
1.900169
0.654193
-0.468477
-0.265345
-0.364234
-0.757667
-0.232587
-0.311808
0.671702
-0.845779
-0.353881
1.439668
1.517712
0.377448
-0.927989
-0.357910
-0.290769
-0.156046
0.652239
0.740105
0.248570
0.242703
1.015482
-1.943279
0.228491
-0.125766
0.443956
1.338148
-0.915703
0.124291
-0.775772
-1.833178
-0.014572
-1.355433
1.189647
1.014589
1.149294
0.917955
0.778448
0.430920
0.787918
-0.462625
-1.162501
1.100309
0.032892
-0.172162
0.157602
-0.015061
-0.929667
0.270161
0.868953
-1.181426
0.068675
-0.225127
0.646544
0.511334
0.120961
0.029807
0.810442
0.520023
1.630179
2.208331
-1.109076
-1.334596
-0.805312
0.759721
-0.163014
0.620989
-1.021687
-0.586044
1.531385
1.445680
2.222113
1.221254
0.103789
-0.674705
-0.575996
-0.901674
-0.273649
0.051707
0.098783
-0.494713
0.860337
-0.008565
-0.199257
0.056160
1.260114
0.410741
-0.512093
0.354098
-1.149789
-2.079609
0.693502
0.202101
-1.138784
0.732211
0.307168
-0.050426
-1.357060
-0.748918
0.802778
-0.055771
1.177111
1.177670
1.802082
-0.395408
1.338852
1.515527
0.719360
1.734392
-1.310060
-1.356284
-1.358800
-0.479441
-1.686113
0.419112
1.229914
-0.038313
-1.609618
1.267802
-0.257917
0.268334
-0.888298
2.269965
-1.159184
-0.510769
1.159517
0.193145
1.188503
-1.983433
-1.326737
1.383590
-0.635410
-0.267648
0.895971
1.266893
0.235461
1.583415
0.469473
-1.162194
2.279891
0.005085
1.223641
-1.872036
-0.141296
0.364706
0.554447
-1.991771
0.047882
-1.597758
-0.424681
1.658580
0.452340
-0.229560
-0.693539
-1.570373
-1.084037
1.593505
-0.205529
-0.313171
-0.290238
-0.373111
-0.028648
-1.498153
-0.166214
0.203164
-1.090942
0.277365
-0.313148
0.587496
-0.781814
-0.327333
-1.469692
-0.474885
-1.608897
-0.744801
1.225770
1.749460
1.319229
0.882053
2.072364
-1.060256
-0.070072
0.182587
0.520250
-1.106205
-0.311232
-2.236422
-1.057211
0.864346
-0.102495
0.826950
-1.405214
0.080147
0.369360
-1.423221
0.340085
0.948525
0.962384
-0.046384
-0.483903
1.774299
-0.745444
0.316506
-0.195383
-0.481771
1.627070
-1.995277
0.753685
-0.664555
0.133013
-0.533617
-0.442025
0.552026
-0.151320
0.357767
-0.460896
-0.088157
-0.989180
-0.261931
1.622812
-1.173413
-1.507915
-1.326224
-0.116899
0.970959
-1.243705
1.240218
-1.638422
0.578126
0.302817
-1.609287
-1.627327
-1.083134
-0.482748
1.244058
-0.705773
0.069327
-0.112944
-1.734115
-0.179267
0.205994
-1.202538
0.405393
-1.398907
0.309814
0.928906
-1.294398
-0.255312
-0.161110
-0.496166
-0.929836
-0.036544
1.625437
-0.126543
0.256657
-0.109974
-0.734157
-1.166487
0.235201
1.624620
-1.556546
1.426160
-1.601781
-0.040195
0.512909
1.813441
-0.144876
-0.322159
-0.692338
0.480477
1.308120
0.174124
1.268596
1.349598
0.242975
0.666393
-0.322256
1.789069
-0.037544
0.005709
0.711448
-0.332900
-1.089431
-1.705209
2.215388
0.201677
0.320944
-0.021778
-1.258636
0.827135
-2.062356
-0.578709
-0.132134
-0.935468
-1.884867
1.345755
-2.103670
2.125708
-0.015059
0.843453
-1.411692
-0.459114
-0.429561
-0.083952
-0.482308
0.720202
-2.065243
-0.043814
-0.406483
1.087593
1.663392
-0.620467
1.135385
-0.932602
-1.570536
0.207957
-0.493220
1.526113
0.447828
-0.966504
-0.008382
0.010963
1.865577
0.219835
1.579865
-0.498358
1.341047
0.791304
1.383742
-0.800841
-0.769562
-1.962458
0.047228
-0.241964
-0.521444
-0.458538
-0.248332
-1.121398
1.051201
-0.797086
0.878135
1.335865
0.874441
-0.872307
-1.620960
-0.671398
0.839054
0.375382
-0.444750
-1.135789
-0.568080
-1.388592
0.387029
-0.537525
-0.789146
-1.007369
-1.557737
1.354589
0.817933
1.089701
-0.229930
-1.121804
-0.377012
-0.326327
1.141871
1.463625
-1.179895
0.975515
0.395371
-1.841790
1.434741
1.292063
-0.030877
-1.201723
-1.425928
-0.966864
0.061347
-0.209291
-0.009241
-1.034594
1.067072
0.304787
0.787729
-2.084791
2.068421
0.155523
-0.056514
-0.858415
-0.349875
0.229568
0.326544
0.339160
-0.533840
0.174216
0.291847
1.885471
2.095590
0.993661
0.161982
-0.826838
0.779152
-0.158510
-0.567921
-1.669064
1.625119
1.272329
0.419407
-0.186626
0.125293
-0.245804
-0.149518
0.760297
-0.155770
-0.230038
0.942625
-1.107642
-0.025755
1.476861
0.597213
0.683739
0.995465
0.913431
0.478736
-1.232148
0.513185
-2.000133
-1.606532
0.572934
-0.356401
1.499717
-0.478766
-0.470336
-0.093066
-0.489235
0.076719
-0.734984
0.574734
-1.795687
-0.214286
-0.404819
-1.557783
-1.249520
-0.534894
-1.305928
-0.836068
-1.589107
-0.364304
1.264811
0.724707
-1.707833
-0.750824
0.109417
1.295565
1.373210
1.740688
-0.177435
-0.177087
-1.632134
0.395068
0.117415
-0.757086
-0.270445
-1.252897
-0.833515
0.858444
-0.530932
-0.215722
0.895739
-1.137620
0.011490
1.502497
-0.054015
-0.007626
-1.026926
0.923024
-1.664881
0.859447
-1.592721
-0.816718
0.248365
-0.358658
0.437878
1.111433
1.719178
0.004599
-0.899882
-0.062480
-0.528817
2.132435
0.102150
1.375244
-0.715616
-0.352573
0.897492
0.022733
0.276374
-0.792899
-0.358945
-0.068888
0.630248
0.326565
-1.795219
0.657173
-0.683215
-2.242290
0.139110
-0.830081
1.557288
0.560082
0.660757
0.068119
-1.743962
2.032458
-0.676590
0.877788
1.496979
1.373601
1.193626
0.884706
-1.071000
-0.625601
0.117635
-1.245453
-0.498744
-1.134574
-1.555270
-1.849420
-0.480188
-0.972192
1.511369
0.529855
0.349206
-0.725780
1.184822
1.302662
2.231258
-1.006443
0.064124
0.391213
-0.269845
-0.580879
0.239575
-0.143395
0.400869
-1.218369
-0.797270
-1.193846
0.467597
0.005898
0.770755
-0.441371
-1.059684
-0.231636
-1.220821
1.355980
-1.903607
-0.496061
0.114001
-1.022970
-0.534923
-0.519533
-0.171049
-0.960153
-0.193801
0.708784
0.645860
-0.087159
0.141187
0.852536
-2.132942
0.394904
-0.645908
-2.286951
0.353339
-2.039555
0.111607
-0.678645
0.163987
-0.901807
0.777253
-0.471691
-0.894320
0.810269
-0.308055
-1.448805
0.766831
1.362293
-0.488294
0.846168
0.839767
0.151560
0.091231
-0.442243
0.105798
0.249940
1.104712
-1.265971
1.503664
0.922450
1.182517
0.798530
1.419018
-0.194337
0.532362
0.622519
0.994602
-0.012801
0.638352
-0.539645
0.299756
0.634145
-1.028711
-0.835198
1.062843
-0.848639
-0.731998
0.145722
0.854153
1.758327
-1.437440
0.032593
-1.025117
-2.141874
-0.521990
-0.097180
0.312813
-1.619324
-0.131530
0.423690
0.057887
-0.881328
0.090907
-0.128326
1.121216
0.660315
-0.068539
-2.034286
-1.019121
-0.354612
-0.223726
0.471070
0.406708
1.020637
0.166349
0.713636
-0.484248
0.304320
-1.314969
-0.009884
0.608445
-1.033402
1.158896
-2.184060
0.280373
0.238419
0.151377
2.119851
0.223102
0.856514
-0.412328
0.755859
-2.320741
1.457207
0.582136
1.008978
0.517979
-1.371298
1.118637
1.202806
-1.434143
0.424417
-0.516658
0.000124
0.645428
-0.951412
0.044984
0.476410
1.267683
1.783171
1.729580
-0.075972
-0.262670
1.742919
1.381284
0.557291
-0.941996
-0.384621
0.120991
-0.928382
-2.259705
-1.777961
0.121790
0.320194
-0.917020
0.980345
-0.804216
2.128037
0.569847
-1.007727
-0.308581
2.089485
-1.043785
0.895735
0.121659
-0.070870
0.668145
0.464679
0.528384
-0.064495
-1.381869
1.987619
-0.360094
-0.140669
1.180329
1.039442
-1.703768
-1.222226
0.082899
-1.545519
0.906027
1.800421
-1.370820
-0.201356
-1.672983
-0.282037
0.008089
-0.579468
0.720081
0.091074
0.148624
0.128526
-1.252742
-1.513557
-0.907389
1.354992
0.058341
-0.280987
1.223347
-0.023352
1.946275
1.171130
1.783472
0.800214
-1.538815
-0.395756
2.162041
-0.686334
-0.877951
0.320120
-0.339033
-0.245733
-0.170625
0.269071
0.694563
-1.297161
-1.319689
0.248080
-0.400847
-0.258569
-1.806541
-0.312270
2.266138
-0.175020
-0.988740
-1.182760
-0.883220
1.771764
-1.785495
-0.008359
-1.356673
0.879334
0.022313
0.128952
-1.232221
-0.286685
1.054884
0.190169
-1.412528
-0.537216
-1.120241
-1.432254
0.584285
0.760271
-0.632201
-0.035534
0.029741
-1.568162
1.815082
-0.599707
1.170200
-0.469368
0.480153
0.856000
-1.012966
0.159400
-0.157776
-1.614606
1.269607
0.438709
0.509001
-1.704377
-0.723345
1.189392
0.775048
-1.113374
0.350955
0.817048
2.228236
-0.907181
-0.375807
-0.582502
-0.042279
0.484642
-0.094878
0.524991
0.228866
-0.775107
1.561205
1.593954
-0.006300
-1.377542
-0.207734
0.169027
0.604800
-0.652643
0.426239
-0.781692
0.152010
-1.737596
-0.113128
2.085973
0.249880
-1.565340
0.622684
1.269182
-0.608780
-0.583701
-1.136913
2.133602
-1.275009
0.941223
-1.742119
1.618355
-1.971788
-0.296815
0.078804
-0.900092
1.323495
0.095590
0.968174
0.985935
0.287006
1.829268
-0.218477
-1.776962
1.235068
-0.026504
0.491782
-1.009804
0.119871
-0.944626
0.135463
0.925074
-1.714839
0.154399
-1.797709
-0.073644
1.972908
-0.929591
0.644581
2.027978
-1.316322
-0.115977
-1.313239
0.367677
0.067782
-0.003567
-0.136074
-1.154170
0.323305
0.131157
1.754073
1.913350
-0.406550
0.395682
-2.061631
0.109057
0.403321
-0.261395
-1.455844
1.179109
0.496555
0.786318
-1.548769
-0.024828
0.270030
0.790349
0.502252
-0.263344
-0.004199
1.293765
0.412429
-0.191309
-0.845681
0.158228
-0.133449
1.517080
-0.233868
1.138851
0.491873
-0.264876
-0.577520
-0.260636
0.119424
0.076329
0.140807
0.877274
1.468430
-0.363865
-1.167483
-0.985859
1.250271
0.989829
-0.401886
0.524423
0.580888
0.012112
-0.370655
0.717901
-0.911238
0.928069
-1.072607
0.216590
-0.085662
1.010170
-0.751589
0.418825
0.672374
0.306029
0.171770
-0.728813
1.500549
-2.112440
-0.547563
1.234262
-0.074927
0.800006
0.683265
0.893603
-2.020878
0.594352
-1.829913
-2.133385
2.182496
0.695229
1.808457
0.198549
0.767564
0.355174
0.213768
0.594976
0.999389
1.418257
-1.704593
0.751907
-0.206408
0.698062
-0.593874
-0.472746
-2.091195
1.707130
0.776057
0.824485
-1.388939
-0.688445
0.082990
1.631592
-0.003486
-2.068245
-0.006530
-0.359539
0.808082
0.096964
1.060650
-1.338627
0.881842
2.080481
-1.433667
-0.448313
1.041445
0.061471
-0.054281
-0.913334
1.325037
0.203575
-1.534358
-0.490401
-0.230681
0.360529
0.323384
0.467249
0.107610
-1.918853
-0.092920
-1.152902
-0.008841
-0.090236
1.573826
0.034005
-1.439628
0.156269
0.014675
0.473096
0.652040
-1.306922
-0.187760
-0.146748
0.210627
-0.875815
-0.727834
-0.098606
1.399948
-0.772829
-1.040068
-0.480402
1.279479
1.154683
1.366510
-0.182564
-0.453999
-2.309320
-1.265035
0.962721
-0.360712
0.443859
-0.108255
-1.838881
0.569221
-0.741490
-0.947091
1.728809
1.577747
-0.502418
0.817916
1.684759
-0.123765
1.175328
0.733213
1.447536
-0.022167
0.025349
0.263132
0.659494
-0.783234
-0.717891
0.867497
-0.338516
-1.301397
0.579575
0.237026
2.121304
-0.797924
-1.483312
0.636375
-1.005881
-1.282143
-0.759784
-0.075639
-0.964940
-0.342117
-0.447074
-1.486665
0.441763
1.380681
-0.534931
-0.027712
-0.696796
0.797226
-0.480147
-0.199444
1.562132
-0.599546
-2.059053
-0.772078
1.743136
-0.239818
-0.064898
1.389977
0.757555
-0.028753
0.086619
-0.564152
1.176031
-1.210252
-0.319002
0.721793
-0.733435
-0.107827
-0.339963
-0.386373
-0.926622
-0.032579
0.005098
-0.602509
-1.476813
-0.968600
-0.387764
-0.073899
0.527667
-1.163276
-0.028370
0.397910
0.739162
-0.359459
1.060245
0.357670
-1.056086
-0.768708
0.023455
-0.152548
-0.802792
-1.681812
0.453469
-1.486039
0.239824
0.975796
-0.750104
0.024418
-0.701666
2.225980
-0.960427
0.695528
-1.167102
-0.317100
1.694659
0.964372
1.708900
1.388873
1.338731
2.048250
1.062424
-1.270137
-0.030690
1.267828
-1.551824
-1.421496
-0.980241
0.350757
0.285031
-0.616148
1.007487
-0.302114
-0.973407
-0.108982
-0.355258
-0.286530
-1.197425
0.390684
1.366031
-0.498626
1.438352
-0.981188
0.236637
-0.724147
-0.024161
-1.359511
-1.764842
1.031821
-0.505779
-0.922840
-1.105211
1.146510
-0.094640
0.262629
-1.258637
0.325142
-0.599866
0.040342
-0.492340
-0.675194
-1.808368
0.201494
0.081525
-2.249638
0.534952
0.296414
1.805394
2.062013
0.891018
-1.136014
0.071518
-0.648994
0.969501
1.188490
-0.269621
1.455230
-0.278914
0.766314
-1.349268
0.635114
-1.700274
0.106864
-0.297112
-0.646554
0.523575
0.513304
0.416434
0.654403
-0.241273
-1.044163
0.407299
0.294023
-0.005646
-0.275444
0.937215
-1.136002
-1.485472
-2.043384
1.137545
-0.411850
0.440505
-0.434901
-0.268407
0.118041
0.313447
0.810663
0.449425
1.438451
1.618643
0.184105
-0.409087
0.912902
-0.866662
2.011642
-0.809475
0.808096
0.599524
1.327223
0.438995
1.578368
0.301877
1.816372
1.440983
-1.411550
1.643857
0.361132
1.936744
-1.196585
-1.723058
0.882238
1.413598
0.767952
0.257156
0.284799
-0.623845
0.201873
-0.892767
-1.311535
-1.561877
1.195241
0.412969
0.497008
0.259633
-0.179012
1.757014
-0.649535
-0.233872
-0.862749
-0.993630
0.331723
0.867110
0.603130
1.624756
-0.252218
-0.400067
0.243175
1.646121
-1.017040
-2.090343
2.071910
-1.086656
-1.003237
-0.002575
-1.799181
-0.658875
1.588268
-0.750964
-0.293551
-0.796698
1.429795
0.505229
-0.857119
-0.625575
0.794833
-0.131369
1.977366
-0.734504
1.435093
-0.179336
-0.075015
1.765372
0.334692
-1.392537
1.105517
-1.565082
-0.064565
0.103665
-0.418182
0.477992
-0.078521
0.340578
1.649750
0.731349
-0.669874
-1.239641
0.521655
-0.175837
-0.389047
1.871266
0.331013
-0.483377
-1.166703
-1.062506
1.607343
-1.916124
-0.376354
-0.047274
-0.810648
1.387578
-0.359559
0.982098
-1.729269
1.365100
0.195838
0.562222
0.334232
-2.225372
-1.623904
-0.178382
1.607426
2.157597
-0.490660
0.571778
-0.868827
1.102516
1.451159
-1.322403
-0.576415
-0.256717
0.827981
0.470602
-0.636347
-1.236321
-0.017694
-0.264751
1.310740
0.563249
0.397207
0.843763
0.506981
-0.848103
0.073743
0.469917
-1.607751
-0.419162
-0.586983
-0.200877
0.200467
-0.392295
1.570699
0.805232
0.018936
1.483937
-0.508424
-0.258660
-0.956406
0.730427
-0.429617
-0.997105
1.190555
-0.563813
-0.642265
0.325996
-0.090351
0.110793
-0.946914
-0.819741
-1.238480
-0.541646
1.816313
0.248745
-1.600643
-0.654421
0.338057
-1.218783
-1.711512
1.136743
0.052036
1.152342
1.774866
-2.069546
1.651345
-0.506495
0.871707
1.810552
-1.149160
-0.745427
0.944539
0.774683
0.664575
0.846033
-0.739894
0.648189
1.098370
-0.619092
-1.244058
-0.211185
0.007449
0.094426
-1.137589
0.183085
0.861092
-0.361625
-0.851089
-2.312992
0.361053
1.418819
-0.975549
-1.781969
0.141567
0.416646
-0.890245
-0.060236
-0.026705
-2.229527
-1.041336
-1.019224
1.807955
0.168020
-2.280252
0.110781
0.577406
-0.083021
0.240823
0.246347
-1.088049
1.998397
-1.515561
1.056876
-0.132845
1.082298
1.520671
0.294541
-0.258398
1.339615
-0.658655
-0.072833
-0.413696
1.251040
-0.517107
0.014725
0.553023
0.442744
-1.897825
0.099017
1.400088
-0.045593
-0.384341
1.295355
-0.777637
-1.775375
1.813450
0.406794
-1.650883
-1.747480
1.960055
1.435578
0.340414
-0.274878
-0.099848
0.117298
-1.590974
-0.522940
0.189198
-0.161840
0.498663
0.325190
0.416649
-0.939895
-0.518046
0.965580
1.159267
-0.545336
1.108990
0.470721
-0.226873
-0.234717
2.103696
-0.881414
-0.904473
-0.230319
-0.100122
-0.811911
1.014054
1.763172
-1.733926
0.144322
0.549416
0.408210
-0.376729
1.287616
-0.324269
-0.618892
-0.076623
1.349517
1.107048
-0.332077
0.462018
0.462370
0.592854
2.137863
-0.257366
0.278938
1.222142
-2.085554
1.035493
-1.211676
-1.118530
-0.703380
-1.603632
-0.797035
-0.280423
-0.164723
-0.285260
-0.417671
-0.909488
-1.289455
1.733621
1.092884
-0.980557
-1.151360
0.179054
-0.866664
0.253338
-1.599318
0.239376
-0.861916
0.987777
0.722629
-0.901976
0.070126
0.304520
0.407206
0.502263
-1.083909
1.916886
-0.290914
0.347154
-1.341647
-0.180383
-0.402496
-0.629396
0.872361
-0.036176
-1.375640
1.403739
0.449073
-0.328022
-0.861448
-1.233978
-0.181289
0.283550
0.139358
-1.211751
0.212326
0.509641
-0.047280
-1.173632
0.490957
0.383406
-0.065212
0.483152
-0.718128
-1.323355
1.874599
-1.675299
0.020976
0.040566
-0.751043
-1.920993
-1.501657
-0.425618
-0.568091
0.111268
0.034792
-1.964158
0.013118
-0.452218
0.418273
0.910375
1.065353
-1.709477
1.204903
1.250976
-0.444916
0.630922
-1.107332
-0.230958
-0.218687
-1.241087
-0.352863
0.459689
-0.158404
0.687576
-0.423840
-0.737473
-0.685534
-0.543897
1.055695
-0.351327
-0.284836
0.002146
0.229944
-2.089506
-0.131636
-0.592597
-0.272726
0.306302
0.067632
2.224579
0.748013
-0.127496
-2.239827
0.521303
0.767012
0.935050
0.547173
-0.056087
0.306823
0.985617
-0.648112
-0.013601
0.663666
-1.277345
-1.968895
0.854568
-1.328172
0.842474
-1.512530
-0.602956
-0.290523
-0.104479
-0.012709
-1.825070
-0.527777
-0.392118
0.255695
-1.053991
-1.076340
0.900169
-0.457120
0.621033
-0.127612
-0.092503
-1.756106
0.011242
-0.018603
2.205228
2.186983
1.118859
0.556749
-0.478341
0.217016
-1.205249
0.274441
0.487525
-1.190925
1.148741
-0.211334
-0.257217
-0.617604
0.994838
0.519295
-0.523272
-0.386446
0.763217
-0.301757
0.237367
-1.656808
0.344012
-0.879158
-0.078729
-1.008888
1.321480
1.493382
-1.212384
-0.542483
-1.939962
-1.260612
-1.098588
1.218262
0.897720
-1.064187
0.954896
-0.394207
-1.008087
-1.080341
0.410348
1.214401
-1.515556
0.830750
-2.169553
-1.759970
-1.844641
-2.209988
-0.954019
0.351325
0.868979
0.877342
-0.089955
0.801958
0.097952
0.638240
1.623527
0.947795
-1.153462
-1.839655
0.313873
0.295018
-1.010505
0.559904
0.150528
-1.934908
1.191850
0.166300
0.230677
2.054676
-1.166733
-0.852161
1.043671
1.812543
0.916892
0.529149
0.011507
1.948589
-0.825451
-0.403996
-1.208731
-1.788459
-0.160321
-0.501538
-1.379929
-0.033353
-0.355076
-1.001411
0.776329
-0.810977
0.098918
0.357574
1.109137
0.368840
1.777279
0.374587
0.218965
1.120417
-0.368865
0.142046
-0.325293
1.606927
0.998034
1.459120
0.648459
-0.659074
0.042066
-1.553782
0.626868
1.139569
1.182981
-1.758849
0.153845
-0.638462
-0.825491
0.890844
-0.072280
-0.474430
-0.926218
1.057013
0.924422
-0.013749
1.023036
1.350041
0.519866
-0.926066
0.882750
0.833309
-0.904076
0.307392
0.427025
1.762468
-1.819488
-0.473468
0.009684
-0.129794
-1.941701
0.622037
-0.923800
1.174198
-0.645142
1.125146
-0.036872
0.503184
-0.327849
0.773140
-1.233270
1.785010
-0.530958
1.617316
0.644518
0.959668
2.001053
0.485700
1.163108
0.165306
0.132637
-0.414066
-0.838095
-0.187779
-1.798612
-0.558839
-0.021811
0.690377
1.093431
0.150964
-0.840155
-1.045272
0.301668
-0.374184
-2.034571
-1.512056
-0.795153
0.199679
2.072393
1.487092
-0.246760
2.088071
0.979514
-0.592931
1.844163
-0.529249
-1.247050
0.429772
-0.640170
0.090788
1.229980
0.559530
-2.233010
-2.052399
1.508928
-0.184258
-0.278018
1.167589
-0.477669
0.911390
0.664900
0.108903
-1.678971
0.789377
1.485608
0.164316
-0.089207
0.966749
-0.873105
0.982604
-0.872190
1.608486
-0.244084
-0.801774
0.475171
0.624232
-1.706636
-0.434445
1.024923
1.227090
0.767883
2.150302
-0.113735
-0.639989
-0.027972
1.552676
0.650865
-1.297936
-0.325449
-2.147838
0.230694
0.394774
0.759303
-0.122245
-0.217532
-0.344069
0.300919
1.784323
-1.602047
-0.348528
-0.236098
-0.313419
1.039562
-1.662152
-0.854889
0.612501
-1.493434
1.196057
1.986688
0.597937
-1.103820
-1.047945
-0.450270
1.485675
1.445619
0.755766
0.128175
0.663626
-1.538998
1.833390
-0.071577
1.957635
-0.358180
-1.240378
-0.642837
-0.020329
-0.218474
-0.648187
1.100878
-0.489548
-0.774990
-1.098624
-1.246128
0.308109
-0.445712
-1.369031
-0.754847
-1.482409
-1.217942
-0.466485
0.239847
0.073328
0.548665
-0.063939
-1.203934
0.952546
0.762632
-0.099112
2.012785
-0.248625
0.152206
0.593190
0.422832
1.026546
-1.303547
-0.051559
-0.622827
1.867457
-0.492878
0.250665
1.333223
0.658237
-0.489127
-1.541345
-0.763937
-0.870649
-0.653324
-0.407509
-1.247267
-0.278699
-0.813157
-0.328730
-1.589483
-1.499814
-0.288531
1.925042
0.541782
0.008622
-0.068698
0.124255
1.070876
-0.051561
0.745242
0.923293
0.167646
1.315413
-1.698238
-0.449785
-0.336214
1.339643
1.609502
1.411564
1.604774
-0.142516
-1.180861
0.402122
0.520957
0.261034
-1.164788
-0.532581
-1.735845
-1.132971
-0.720069
0.042555
-0.181798
-0.253861
0.982900
0.009190
0.746440
-1.329357
0.180610
0.929178
0.458271
-0.521397
1.028800
2.109416
0.940520
-0.626948
-1.690512
0.622619
-0.257349
0.553092
-1.138623
-0.157780
1.919358
1.073106
-2.154718
-0.448534
0.395386
0.784597
-0.353050
0.367826
-0.305409
-0.490323
-0.002364
-1.052923
-0.249431
1.373729
-0.944613
-0.414169
0.053740
1.847526
-1.938709
-0.251982
0.352131
-0.749934
1.023529
0.002539
-1.164132
-0.114211
0.175499
0.436770
0.793052
0.254727
0.143896
0.824332
-1.351894
0.856807
-0.294917
0.711769
-0.838302
-1.227026
0.303747
1.316086
0.807147
0.331415
0.023906
-1.681272
1.717853
0.495102
0.847620
-0.070244
-1.757876
-1.686393
0.544887
0.062806
0.567151
2.019379
-0.459340
1.423677
-1.850036
-0.513680
-1.905074
-0.277050
-0.219600
1.770726
-0.498270
0.977712
-1.208462
-1.240460
-0.486073
-0.595248
-0.830239
-0.639691
0.575459
-1.115402
0.962442
-0.062934
-0.407553
-2.098457
-0.687719
0.518387
1.341459
1.082559
1.162935
-1.202673
-0.401630
0.030004
0.848561
1.683565
-1.861337
0.525528
0.096783
0.788278
-1.018103
-0.384625
0.792367
0.173193
0.797827
0.447145
-0.898656
-1.820166
-1.464668
-0.034198
-0.791626
1.611605
-0.499201
-0.592679
-0.397690
0.134567
-0.499666
-0.308302
0.037092
0.136552
0.321306
0.101003
-0.143580
-0.999386
1.702925
0.180270
0.048379
-1.329859
0.587661
-0.343789
-0.501168
-0.354972
-1.374136
0.629431
2.072272
1.050092
-0.373502
0.748857
1.320329
0.996811
-0.749597
0.649135
1.448941
-0.629811
-0.166354
-0.081475
0.751235
-0.344091
-0.461049
-0.747391
0.234024
-0.237137
0.420733
1.500905
-1.374702
-1.808582
-0.410653
0.827162
1.086492
-0.642062
-1.254967
0.038047
-0.292112
-0.672979
-1.658598
0.303658
-0.431697
-0.695237
1.540739
-0.036125
-0.443044
1.398278
0.387553
0.527711
-0.294722
-0.123250
-1.133987
-0.010415
-1.074675
-0.173061
-1.064830
-1.100798
1.424051
-1.359535
-0.439138
0.084430
-1.266241
0.431438
-0.110451
-0.277465
-0.114324
-0.983742
-1.392055
0.361807
-1.637861
1.720630
1.992168
-2.096992
0.989495
0.153346
-0.917554
-1.544789
0.582555
-0.327967
-1.266858
-1.562179
1.655679
-0.167865
-1.440270
1.983589
-1.262613
1.134014
-1.793773
0.090554
0.977722
-1.271551
0.344792
-0.852636
1.330064
-0.228724
-1.041575
1.398214
0.357876
-0.834136
-1.567546
-1.021906
-1.995079
1.892197
1.930378
0.585940
1.301719
-0.479897
0.805700
-0.005104
-0.808871
0.742482
-1.562559
-0.354442
-1.499970
-0.427206
1.473989
-0.859657
-1.714715
0.716238
0.314248
-1.591589
-0.742350
0.875695
-0.130006
-0.185809
0.625841
-1.755051
-1.255936
-0.162673
-0.890904
1.123804
-0.468267
0.137827
1.162513
-0.647773
0.860620
0.302481
-0.035055
-0.198164
1.180514
0.079616
1.033222
1.609934
1.007435
0.806934
1.646805
-1.553979
0.911259
-0.054754
0.014596
-0.186296
-1.833168
0.542165
-0.373462
1.299891
1.910211
0.411414
-0.392970
-0.615033
-0.354000
1.356676
-1.318501
0.099952
2.209312
1.305378
-0.598133
1.116676
-0.869236
0.304974
1.699235
1.500534
1.132938
0.491661
0.508915
-1.858716
0.708305
1.088907
-1.608147
1.091640
0.728736
-1.107807
-1.377184
0.652920
-1.342442
-1.847010
0.016081
-0.056749
0.242391
0.304937
0.468601
-0.947302
-0.359098
0.276934
0.068671
0.726164
-0.515087
0.865217
0.398310
-0.297107
-1.756470
0.742215
-0.866069
0.972998
-0.439345
0.545072
-1.860227
0.153118
-0.215525
0.213215
-0.177894
0.129958
-1.176019
-0.330829
0.484768
-0.092491
1.216750
-0.104282
1.169845
-1.280738
-0.364405
-1.038250
-0.181556
-0.821626
-1.772386
0.631646
1.508410
-0.013225
-0.612915
-1.467221
-0.530205
-0.086847
-0.447714
0.530678
0.474476
-0.796518
0.413203
-1.070504
1.076481
-0.892214
0.910559
-0.260965
1.264346
1.765049
-1.613395
-0.894640
-0.771822
-0.107547
0.175965
1.127288
1.522772
-1.746423
0.119463
-0.008899
1.014498
0.589364
1.193055
1.413475
-0.466574
-1.479292
0.597815
0.950205
0.024989
2.006568
-1.908216
-0.635146
0.416276
0.730639
1.554467
1.331223
1.672971
1.094317
0.382447
-0.091998
0.439249
0.112240
-1.371959
0.739057
0.923573
-0.389136
1.020570
0.432784
-0.903831
-0.321016
0.169180
-0.534395
-1.057272
0.558677
-0.317925
0.355704
0.003319
0.124665
0.025927
-0.591074
0.027060
0.470489
-0.117036
-0.060302
-1.650086
0.490778
-0.090408
0.844605
-0.525275
2.129907
-1.025300
0.690116
1.474385
-1.010790
-1.461900
0.658313
-0.005354
-0.200607
0.689357
0.888310
2.054291
-0.211096
0.667285
-0.488242
-0.800787
-0.482990
-0.300273
0.284832
0.166294
-1.504662
0.747246
-0.715228
-2.177100
-1.813881
0.033307
1.518749
1.881842
0.726506
0.644404
0.793202
-0.109901
0.901350
-1.010174
0.348965
-1.529102
0.493590
0.600781
0.289742
1.033178
-1.362657
1.035499
0.194895
0.655561
1.936664
0.234294
1.558426
0.184135
-0.746673
-1.266642
-1.351583
-1.032344
-0.019711
1.333700
0.763811
-1.289109
1.611766
-0.382710
-1.340577
-0.608813
0.093243
-0.817546
0.516959
-0.782099
-1.333073
-1.051633
1.488921
-1.304511
1.084170
0.197204
-0.389802
0.267471
-0.483449
-1.319729
1.595346
0.099274
-0.479896
-0.721194
0.627983
-0.001536
-0.405711
0.605122
0.251717
-1.410554
1.499365
0.766959
-0.331620
-1.209295
0.214864
-0.258848
-0.775863
-0.867555
0.299129
0.865486
-1.217064
-0.712473
-0.012013
-0.692248
-1.797582
-0.322053
-1.198238
-0.489703
0.200730
1.678974
1.942440
0.108024
-0.040071
1.108228
1.322010
0.627133
0.918633
-1.602892
-1.661522
2.108992
-0.920793
0.976534
0.600733
1.876723
1.771793
0.324500
1.628752
0.123692
-1.304138
0.583228
1.132595
-0.065591
1.873661
-1.368963
-0.059643
-0.201720
1.739874
0.988605
0.244553
0.157956
0.672142
-0.793836
-0.166809
-1.478698
-0.695760
1.448540
-0.677593
0.855837
-0.059930
-0.498079
0.542658
0.596778
-0.462785
0.272594
-0.791182
-0.066366
0.015495
0.348012
0.315352
0.548942
1.076386
1.333190
1.458019
-0.794262
0.967751
-1.475144
-1.884203
-0.901201
-0.813429
0.952916
0.629872
-0.993953
0.813825
-1.796777
-1.767594
-1.840931
-1.384237
-0.434347
-0.524038
-0.884337
-2.022737
-1.025577
-0.346019
-0.252505
-1.042274
2.044793
0.496928
2.205912
-0.546643
0.777162
0.232640
1.997967
-0.343432
-1.115104
-0.923175
1.159650
-0.234315
1.175941
-0.513847
1.056394
0.270857
-0.059872
-1.201879
-1.132113
-0.828039
-0.681159
-0.068978
-0.560364
0.594078
-1.877609
-0.058387
0.489435
2.143443
-0.965835
-1.780221
0.432408
1.751311
-0.981626
0.027967
0.929427
0.304671
-1.147916
-0.652589
0.432846
-0.122634
0.706658
-0.438584
0.086564
1.202216
-0.435125
-1.302416
-0.671551
-1.875069
-0.193058
0.259029
0.853027
0.321968
0.530309
0.722795
-0.505109
1.556362
-1.247908
-0.815094
0.094652
-1.329691
-1.544975
0.566515
-0.148767
-0.346485
-0.284276
0.551938
0.497305
1.626529
-0.918377
0.497214
1.248681
-1.129004
1.541097
0.950346
1.733766
1.190068
0.342736
-0.596399
-0.665392
-0.830750
1.140640
0.547169
-1.547407
-0.605485
0.059488
1.434834
-1.112847
-0.758458
1.874216
0.146389
0.026049
-2.018745
-0.855659
-0.163865
-1.732274
-1.356042
-0.483133
0.484781
-1.743479
-0.145176
1.440256
-0.153934
-0.988820
1.252419
-0.892964
1.171526
1.763653
0.066177
-0.298084
-1.765432
0.489894
0.962225
0.343525
0.344815
-0.126294
0.778825
0.349777
-0.394646
0.002946
-0.794409
-0.053080
-1.508768
1.013643
1.412855
-1.115672
-0.255249
-1.009770
0.032076
0.163645
-1.203231
0.112819
-0.705405
0.039402
1.030944
0.491123
-1.165412
0.264868
-1.303157
0.096987
-0.952031
-1.594820
1.312499
-1.781114
-0.146734
0.935606
-0.672600
0.378741
1.246729
0.252907
-0.827968
0.291917
-0.829347
1.946487
1.608168
1.953137
-1.686675
-0.771197
0.420308
0.937429
0.971817
-0.801500
-0.134343
0.887098
-1.406361
1.377287
-0.869800
-0.442051
1.700277
0.198196
-1.050957
-0.891249
0.282482
1.083675
0.716399
0.247182
-0.279714
0.144982
0.302051
0.070032
1.063078
-0.875502
-0.606304
-0.810331
0.507472
-0.687177
-0.087522
1.580681
0.092439
-0.411810
-1.372943
0.226992
1.263857
-0.468306
0.995369
0.256778
-0.241135
-0.731805
2.127156
1.394459
1.043792
-0.261112
0.202989
1.198286
-0.372794
0.101345
1.788595
0.286009
-0.318215
1.429579
0.727555
0.467388
0.530739
-0.239688
-0.345492
-0.884182
0.021158
-1.269646
-1.461735
-0.311165
0.692843
-0.001855
0.457206
0.000303
0.399462
0.578911
-0.705741
1.033914
0.648501
-0.867349
-1.858987
-0.291911
-1.081811
0.817869
-0.679761
0.393197
-0.596744
-0.141333
0.254859
0.591356
0.393808
-0.347044
1.254730
-0.982403
0.495868
0.378883
-1.371557
0.529989
-0.255792
-1.504064
-0.103210
0.702297
-0.085393
0.611383
0.032637
0.036884
0.404559
1.583359
0.576783
-1.034843
1.591470
1.039178
-0.573729
-1.683282
2.139321
1.442855
0.576736
1.164005
1.706991
-1.580960
-0.063757
1.656011
-0.238388
0.317918
1.111661
-2.237002
-0.275301
1.615067
-1.015924
-0.379788
0.765482
-0.941824
-1.629880
1.805040
-1.579799
0.099852
1.327773
1.558487
-1.550310
-0.010430
-0.091976
0.650687
1.058672
-0.055547
-0.149060
-2.265918
0.477895
-0.565862
1.996368
0.309646
-0.399434
-1.701627
-0.113654
-0.033137
1.973473
-2.294133
-1.241708
1.486099
-0.685813
0.124369
0.086980
0.572891
-1.011613
0.686808
0.298427
-1.057102
1.267245
0.803271
1.106911
1.027773
2.137918
-0.005591
0.187219
-0.071022
0.752947
0.301962
-0.868228
-1.845101
0.492236
-0.941801
0.027755
-1.268440
-0.118671
1.356787
0.480748
-0.770327
-0.185464
0.311563
1.010103
0.964985
1.640657
-0.437640
1.473796
-0.923807
-0.842179
-1.999666
-0.477690
0.430656
1.449912
-1.188526
-0.709545
-0.446759
0.262476
0.712514
0.631604
1.880411
-0.772739
0.252584
0.524405
-0.551111
1.377403
0.506403
-1.181592
-0.162558
-0.367894
-0.416334
2.020856
-0.151436
2.140429
0.163818
0.415071
0.303098
-0.921219
-1.420566
-1.016745
-0.027040
0.071177
0.857167
1.646845
-1.799740
0.915938
0.818428
0.831499
-0.289383
-0.312051
-0.487149
-0.327370
1.084751
-1.317543
0.057846
0.970050
-0.711940
1.439878
-0.187528
-1.115087
-1.800406
-0.518726
-1.181155
-0.013618
1.629112
1.702387
-0.945000
-0.138561
2.225139
0.520673
2.043846
-0.833321
-0.962907
0.629514
-0.999063
2.125246
-0.589238
-0.837929
0.743165
0.572080
0.618809
-0.786370
-0.613711
-0.282100
-0.127742
-0.584324
0.216536
0.007759
0.102718
-0.401931
0.476922
-0.639090
-0.762855
-0.232032
1.749605
1.729749
-0.178634
-0.430442
-0.340209
0.635223
0.106916
-0.562646
1.246874
-2.120473
0.927624
-0.541808
0.919010
0.084843
-1.648921
0.131266
0.542299
0.744159
-1.269166
0.200732
0.213010
1.002828
0.166944
0.914964
-0.805412
1.872817
-1.659600
-1.227952
-0.033314
-1.464166
0.984258
-0.423875
-1.188272
-1.340641
-0.140310
2.054069
-0.703439
-0.417858
-0.495623
1.649266
-0.111824
0.721311
0.204190
-1.454064
-2.245462
0.453996
-1.608029
0.676616
1.471615
-0.469834
1.671884
-0.617496
0.272604
-2.076822
0.224372
-0.378383
1.283713
0.039230
-1.221727
1.003297
-1.331746
0.827773
0.357170
-1.179378
0.924613
-0.971905
1.667054
-1.986323
-1.415147
-1.219587
0.851408
-0.336762
-0.271989
-0.177001
1.031031
-1.952466
-1.505354
-0.292556
1.878908
-0.625168
-0.175248
-0.799022
0.642132
-1.982536
0.862707
-0.706175
-1.189926
0.128851
0.708107
1.146786
0.489069
0.546318
0.693087
-0.505149
0.404933
-0.285668
1.372428
-1.017249
-2.013615
1.701855
2.096017
1.207188
-1.246622
0.908741
-0.095741
-2.103810
-0.022808
-0.119241
0.958605
-1.317318
0.776708
-0.787551
1.476768
-0.030004
0.000481
0.370834
-1.459716
-0.357424
-1.105862
0.009401
1.349043
0.301169
-0.095446
-0.551702
0.272238
1.345288
0.080607
-0.156405
0.394395
-0.139974
1.097479
1.632159
1.120071
-0.518787
0.837557
-0.169060
0.163758
-0.540829
-0.087206
-0.266582
0.332457
0.234347
0.694095
0.074977
-0.317020
1.070330
-0.760566
0.996646
-1.268336
-0.117331
0.188330
1.344594
0.208328
0.419552
-0.560733
0.388592
-0.170274
0.901529
0.863189
1.611387
-0.119112
0.637960
-0.212335
-0.478643
-0.529591
0.260873
-0.332008
0.439990
-1.204625
-1.383441
0.886964
-0.266873
0.653849
0.249382
-0.748599
-0.780177
0.632202
1.022697
0.556927
0.942547
-1.592944
-0.275715
0.029927
1.204311
-0.792341
-0.559846
0.088913
-0.129183
-0.764280
0.480101
0.432134
0.425461
1.980880
0.026459
0.584590
0.319353
1.887071
-0.624655
-1.974652
1.585371
-1.728745
-0.253795
-1.240991
0.036909
-1.185297
-0.338783
0.019960
-1.605610
1.002280
0.087322
-0.448290
2.001159
-0.163859
-0.001861
0.217433
0.558097
-0.555165
-0.629540
-0.955526
-1.665024
-1.170830
0.517038
-1.070933
1.146233
1.281646
-0.497935
-1.459491
-0.577111
-2.276339
-1.557546
-1.381005
0.333462
0.914150
-0.199431
-1.130870
0.610619
-0.169277
1.328789
-1.210310
-1.160848
-1.167828
-0.497707
0.451966
0.993502
-0.558577
-1.312454
-0.297130
0.265414
-0.076469
0.178503
-1.274283
-2.196419
-0.748197
1.391385
-0.868847
0.612882
0.118330
0.032309
-0.346181
-0.087792
0.904445
0.671616
-0.207476
0.860004
-0.078768
0.081798
0.972852
-0.212298
-0.944480
2.121060
0.358917
1.213680
-2.097401
-0.720966
-0.399714
1.628146
1.529147
-1.775467
-1.237537
0.914440
0.240174
1.603467
1.079607
-1.620713
0.224987
0.994858
0.100091
0.449964
-1.474621
-0.614644
1.071751
0.978558
0.467197
0.777642
0.203618
-0.468334
0.277331
0.261950
0.025862
0.734394
1.534893
-0.919720
-0.392550
0.099535
0.399248
-0.285959
-0.145009
-0.344633
-0.214206
0.090595
-2.061666
1.391095
-1.066266
-0.022783
-0.002279
-1.138871
-0.924130
0.791255
1.386861
-0.628406
0.754290
-1.749341
-0.682918
0.628277
-0.683353
0.346750
1.330833
-1.322082
0.467968
-0.643901
-0.722997
-1.172643
-1.285345
-1.031752
0.239108
-0.618631
0.521808
-1.341994
0.725140
-1.813912
1.140922
0.357625
-0.096346
-0.640256
0.727222
-1.629413
0.347673
2.057799
0.815261
-0.953783
0.275715
0.675808
-0.059091
-0.109266
0.629363
0.210893
0.420950
1.548813
-0.373799
-1.528910
-0.431795
-1.523128
-0.666181
-0.667848
0.690058
1.325323
-0.253931
0.688496
0.380464
1.075217
-1.293035
-0.728982
-2.005915
-0.527859
-1.421721
-1.067782
-0.612101
0.416096
0.864994
-0.051202
0.078452
-0.566303
1.658433
-0.477783
-0.997342
-0.951910
1.096678
0.107236
-1.604114
-0.045763
-1.016478
-0.232216
-0.247097
-0.101770
0.912705
1.170331
1.158292
1.242094
-0.825045
0.028602
-0.353042
0.693388
-0.422387
-0.215215
1.094282
-0.796714
-1.338830
0.226522
-1.233583
-0.534616
-0.588668
0.452692
0.752881
0.667093
-1.068744
1.697445
-0.311168
0.021681
0.440942
-1.291817
0.923022
-0.922622
1.273635
0.338650
-1.370355
-0.541531
0.792413
-1.076650
-1.614121
-2.318729
1.059099
-0.626871
-0.447300
0.314871
0.137536
1.860681
0.594244
1.312631
-0.758850
0.155595
0.245262
-0.407383
1.138593
-0.193548
0.101563
0.860373
0.981987
1.107528
-0.667968
0.168745
-0.391221
1.027147
0.874864
1.344361
-1.692688
0.945421
-1.171163
0.446009
0.179908
0.029475
1.468303
1.886846
1.014083
-0.842075
-1.037409
-0.948057
0.579908
-1.613929
1.462063
-0.195731
-0.119552
1.636751
1.243578
0.546894
0.706704
0.436400
0.066866
-0.170092
0.996605
-1.074488
-0.816615
1.849910
0.573178
-0.065426
1.874362
-0.415560
0.882901
-0.603705
-1.776118
0.696560
-1.348319
0.870131
0.163027
0.877917
0.928673
-0.175850
0.045469
-0.271055
-1.987839
0.649192
-0.281601
1.277938
-0.599971
-0.496000
0.650984
-0.079746
-1.366861
-1.251142
2.020376
-0.005765
-0.117924
-0.511688
1.788081
-1.149785
0.581877
1.286791
0.488651
0.651700
1.400804
-0.392865
0.566562
-1.190507
0.727475
-0.409134
-1.637897
-0.957522
1.149692
1.771953
1.438885
-0.178540
0.352582
0.718212
-0.255370
0.003032
0.934251
-0.543569
0.134181
0.905831
0.792200
1.361651
-1.184050
1.941962
-0.059626
-0.045295
1.606510
0.141209
0.342236
0.461357
-0.140926
-0.914000
0.200947
-1.939930
1.334389
-0.137713
0.036691
-1.006661
0.154505
-0.227461
0.634568
0.534359
-1.258977
1.281590
-0.153903
0.339645
-1.056528
-0.797152
1.672300
-0.573610
-0.817097
-0.111055
-0.219376
0.357639
-0.144892
0.466669
0.052940
0.067276
0.154786
-0.608457
0.348486
0.990984
1.862262
0.505488
-1.896145
-0.247644
-0.715630
-1.571121
1.871895
0.332523
0.083915
-1.080578
0.669681
-0.533906
0.004891
-1.160617
0.683273
0.597108
2.145439
0.951001
1.954936
0.237385
1.282042
0.419159
-1.507479
-0.841723
1.089890
-0.414548
0.454729
-1.822898
-0.328017
0.479331
1.767390
0.579228
0.790320
0.615159
-1.158129
-1.538654
-1.333165
-0.322304
0.835801
-0.055454
-0.935766
0.726011
-0.072143
-1.195833
-0.482587
-1.836346
-0.473212
0.330031
-0.319608
-1.206243
-0.792232
-0.062282
-1.669047
-1.558632
0.247084
0.693412
-0.266064
-0.763719
-1.452386
-1.210970
0.535961
-0.138804
1.096602
1.256094
-0.233081
-0.111079
-1.362129
-0.830984
0.577317
1.400681
0.888346
-0.269494
-0.828370
-0.639470
1.537225
-0.517415
-0.747752
-0.223375
0.079243
0.324543
-1.060594
-1.176266
-0.053530
0.140924
0.554778
1.587793
1.199102
0.977295
-1.806700
-0.882798
-0.129616
-0.284856
0.177928
1.003484
-0.190100
-0.102690
0.619336
-1.428992
-0.171484
0.637826
0.064250
0.883173
1.100058
-0.792723
0.614272
0.667132
0.705847
-0.310627
-0.135713
-1.551510
-1.103223
-0.212961
0.073193
-0.113075
-0.189753
-1.313250
-0.964676
-0.718459
-0.186075
1.227480
0.870947
-0.695868
-0.259038
-1.135952
0.243604
-0.295255
-0.067516
1.687251
-0.365626
1.757994
1.467532
-0.153845
-0.067182
-0.309726
-0.370293
1.669253
1.257596
-0.213273
-1.959649
-0.041626
-2.229120
1.342793
0.497012
-1.046240
-0.003084
0.207447
-1.655891
2.003479
1.212258
2.050257
-0.138661
-1.991196
-1.428760
-0.219782
-0.310369
0.317190
1.050738
0.199167
-1.627225
2.216826
1.907276
0.747862
1.075132
-1.514858
1.495537
-0.263670
0.473564
0.514695
-0.401948
1.182509
-0.312459
0.161319
-1.700330
-1.219298
-1.447167
-0.896067
-0.396106
-0.138930
0.709579
0.741049
-0.007178
1.974566
1.135869
-0.486369
-1.557612
0.265490
-0.840431
0.985816
1.495112
-1.263403
-0.580993
0.963926
0.175308
-0.212352
-0.111304
-2.205755
-0.750817
-1.608802
1.574806
-1.092593
-0.491035
-1.546081
-0.194947
-0.326408
0.433895
-0.080820
0.218877
1.082934
0.664088
0.749696
-1.992539
-1.572253
0.089484
1.659307
-0.832284
0.290695
0.002259
0.828426
1.700640
-0.599530
0.813609
0.649764
0.827722
0.112464
-0.015138
-0.171623
-1.922034
0.395770
0.630729
0.832542
1.567379
1.000648
-0.431704
-0.436727
1.369693
0.195949
0.154465
-0.977325
1.298415
-1.011595
-0.290093
-1.859828
0.437746
1.111516
1.574998
-1.550841
1.136819
0.430409
1.309714
0.000312
0.282747
0.197865
-1.496424
-0.430580
-1.254744
0.709591
0.275828
-1.584272
-1.564858
-1.037834
-0.210067
0.211889
-1.095348
-0.408789
