-0.911255
0.580139
-0.091858
0.072632
-0.644531
0.399170
0.400391
-0.259094
0.043335
0.784912
0.065918
0.381775
-0.259399
-0.183411
0.417480
0.197754
1.224365
0.833130
0.059814
0.343018
-0.186768
0.450439
-0.536194
-1.420898
0.532837
-0.383301
0.295105
0.582275
2.558594
-0.573730
0.500488
0.574646
0.337524
0.292969
0.975952
-0.511475
-0.141296
0.607300
-0.049438
-0.596619
-0.313110
-0.792847
-0.029907
1.033936
1.092529
-1.293945
0.010071
0.036011
-0.404053
2.226563
-0.013428
-0.527344
1.370850
-1.195068
0.001526
-0.257568
1.118164
0.065918
-0.079041
1.307373
-1.394043
0.595093
0.775146
-0.935059
-2.099609
0.421143
0.532837
0.507202
0.992432
-0.608215
-0.433350
-0.331726
0.029297
0.202637
0.832520
-0.195313
0.817871
-0.519714
-0.187988
0.083008
-0.071411
-0.477295
-0.756836
-0.833130
0.159302
0.701904
0.076599
-0.003357
1.455078
0.562134
0.121460
1.002197
0.277710
0.819702
-0.813599
-0.661011
0.482178
-1.091309
-0.190430
1.281738
-0.591431
-0.749512
-0.407715
0.985718
0.338745
-0.844727
0.404968
-0.253906
-0.249634
-0.000610
0.193787
0.200195
1.455078
0.124512
-0.852051
-0.202637
-0.874023
0.144043
-0.561218
-0.025635
-0.079956
-0.932617
-0.695801
-0.929565
0.336914
0.270386
0.703735
-0.571899
-0.052490
-0.245972
-0.686646
-1.713867
1.053467
-0.163269
-0.872803
-0.199280
0.980225
-1.085205
-1.213379
-0.299683
-0.559082
0.650024
-0.099487
-0.335083
-0.105896
0.720215
1.232910
0.337524
0.401001
1.091309
-0.063782
0.013428
0.223083
0.744629
0.580750
-0.083923
0.295410
-0.134888
0.765991
0.422363
0.452881
1.442871
0.850220
-0.472412
0.083008
0.032043
-1.029053
-0.191040
0.170288
0.942383
-0.133057
0.517578
0.914307
0.484009
0.462952
0.546265
0.981445
0.055542
-0.081482
-1.257324
0.479126
-0.024414
0.374146
0.406494
-0.696411
1.134033
0.901489
0.998535
0.097656
-0.883179
-0.110474
-0.119934
-0.411682
0.032349
0.962524
-0.133972
-0.072021
-0.299988
-0.833740
0.290222
0.258789
0.625000
0.511780
-0.403748
-0.182800
0.407715
0.403137
0.801392
0.468445
0.777588
-1.072998
-1.143799
0.288086
-0.657959
-0.658875
-1.147461
-0.247192
1.418457
-0.244751
-0.520020
0.429688
-0.484924
-0.172119
-2.353516
-0.717773
-0.581055
-0.892944
-0.226440
0.224609
-0.761108
0.776978
-0.820313
-0.548706
-0.607300
-1.037598
-0.643311
0.299683
0.438538
0.439148
0.573730
0.378113
0.296936
0.218201
-0.623779
-0.404663
0.447388
0.057983
0.119629
0.195313
-0.379944
0.454712
-0.869751
-0.032654
0.881348
0.732422
0.126343
0.539551
-0.411072
-0.897217
0.063477
-0.422974
0.195923
0.040283
-0.153809
-0.545044
-0.288696
-0.237732
-0.118103
-0.053711
-0.249329
-0.496216
-1.165771
-0.289917
-0.556641
0.383301
0.393372
0.031128
0.514832
0.496216
1.341553
-0.087280
1.300049
-0.398560
-0.087891
0.038147
0.359497
-0.218201
0.234985
-0.844727
0.379639
-0.347900
0.092773
0.050659
0.779419
-0.508118
0.318298
0.102539
-0.526123
-0.574341
0.825806
0.433960
-0.098267
0.743408
-0.810547
0.463867
0.466003
-0.140686
0.183105
0.570679
0.437622
-0.495605
0.575867
-0.778198
-0.009766
1.062012
0.558472
-0.141296
0.188599
0.040894
-1.243896
0.097656
-0.245056
-0.653076
-0.253906
0.281982
0.354614
0.469360
0.086060
-0.493774
0.740356
-0.285034
0.415649
-0.424194
-1.026611
0.046387
0.631104
-0.640259
-1.340332
-0.812378
0.503540
-0.454712
-0.049438
-0.095215
0.044556
-0.119019
-0.844727
-0.480347
0.792847
0.437622
0.172729
-0.376587
0.093994
0.866699
-0.272217
-0.023193
0.169067
0.539551
0.400391
0.080566
-1.582031
1.752930
-0.728149
-0.331116
0.253906
0.239258
-0.932617
0.117493
1.437988
-0.318604
0.806885
-0.562744
-0.168152
0.731812
1.035156
0.592651
0.435791
-0.533447
0.368958
-0.970459
-0.669556
-0.982666
0.104370
-0.763550
0.220947
-0.151367
-1.138916
0.418701
-0.277100
0.800781
-0.941772
-1.689453
-1.152344
-0.012817
0.614624
1.250000
-0.565796
-0.312500
0.614014
0.000000
0.564575
0.383301
0.405884
0.582886
-1.567383
-0.614624
0.139160
0.339966
0.259399
-0.285950
-0.629578
-0.606689
0.340881
-0.794067
0.552063
-0.813599
-1.419678
-0.936279
1.384277
-0.035095
0.269165
0.207825
0.498657
-0.007629
-1.356201
-0.129700
0.042725
0.621338
-1.254883
-0.126953
1.850586
-0.071716
-0.381470
-0.120239
0.549927
-0.680542
-0.777588
-0.283508
1.296387
1.586914
-0.554199
-1.218262
0.058594
-0.812988
0.039368
-1.020508
0.817871
-0.292358
-0.169067
-0.385437
0.479126
0.170593
0.924072
0.586548
0.802002
0.447388
-0.246582
1.259766
0.234680
-0.307007
0.087891
-0.099792
-0.218506
-1.135254
-0.174255
-0.061340
-0.471497
-1.021729
0.700684
0.061035
-0.581665
-0.533447
-0.260620
-0.089417
0.682373
-0.019226
-0.527344
0.367126
-0.166016
-0.732422
1.567383
-0.902100
1.353760
-0.778198
0.235596
-0.339661
-0.465088
0.021362
0.769043
0.795288
0.509644
-0.380554
0.701294
0.292969
-1.445313
-1.496582
-0.834961
0.608826
-1.284180
0.042725
1.214600
-0.640869
-1.102295
0.447083
0.462646
-0.011902
-0.537720
0.474854
-0.270386
-0.693359
-0.609741
-0.141907
-0.067749
0.884399
1.855469
-0.123291
-1.604004
0.052795
0.574341
0.203552
-0.380249
-0.610962
0.081177
-0.154114
-0.214233
1.623535
0.847778
0.907593
-0.421143
-0.851440
0.310669
-0.070801
1.235352
0.426636
0.738525
0.092163
0.161743
-0.815430
1.346436
0.755615
-0.827637
-1.501465
-0.348511
-0.998535
0.041504
0.136719
0.037537
0.389404
0.535278
0.444336
-0.717773
0.381470
-1.247559
-0.637817
-0.266724
0.191040
-1.762695
0.427246
0.596924
-1.171875
0.199585
1.190186
1.218262
-0.154419
0.013428
0.785522
1.149902
0.225830
0.043030
-0.020447
-0.808716
1.821289
0.165405
-0.510254
0.069885
0.444336
0.372314
-1.058350
0.374756
-0.010986
0.158997
0.197449
-0.130310
-0.841675
0.004883
0.521240
-1.650391
-1.376953
0.048828
-0.400391
-0.578308
-1.011353
-0.260010
0.115356
0.216064
0.247192
1.259766
0.621338
0.029297
-0.029602
0.334473
0.440674
-0.205688
-0.029297
-0.044861
0.472107
0.075989
0.234375
0.455627
0.067749
1.284180
-0.602417
-0.192261
0.216675
1.156006
0.405273
0.061035
-0.615540
-0.867310
1.042480
0.337524
1.265869
-0.505371
0.875854
1.420898
0.015259
-0.944214
-0.185547
0.453491
-0.140991
-1.008911
0.606689
-1.046143
-0.130615
-0.346069
-0.454712
0.585327
-0.360107
-0.377502
-1.337891
0.162659
-0.032654
-0.979004
1.777344
0.897217
-0.018311
0.708618
-0.806274
-0.814209
-1.318359
-0.848389
-0.070801
-0.265503
-0.168457
-0.195007
0.336914
-0.428467
-1.297607
0.735474
1.033936
1.151123
1.051025
0.616455
-0.779419
0.161133
0.704346
0.049438
0.886230
-0.501099
0.192871
-0.246582
0.728760
0.057068
0.177612
0.564270
0.959473
-0.360718
0.549622
0.491943
0.952759
-1.201172
-0.313110
-1.097412
-0.809937
-0.184937
0.390015
0.139160
0.731812
0.949097
0.614624
0.300903
0.949707
-0.029907
-0.985107
-0.272522
-0.260925
-0.949097
-1.174316
-0.868530
-0.049744
0.467529
-0.596008
-0.242310
1.816406
0.286255
0.404663
1.090088
-0.306396
0.877686
0.679932
-0.158081
-1.196289
-0.003052
-0.036011
-0.109253
-0.000610
0.543823
1.241455
-0.447388
-0.858765
-0.998535
1.733398
-0.203857
-0.595093
1.562500
0.792236
-0.700684
-0.919189
-0.705566
-0.358582
0.168152
-0.132751
0.190430
-0.148926
-0.293274
-0.261841
-0.156860
-0.849609
0.379639
0.443420
-0.216064
0.750732
0.677490
-0.279541
-0.044861
0.309448
0.322571
-0.272827
-0.245667
-0.369263
0.433044
-0.467529
0.372009
-0.413818
0.227051
-0.262451
0.036621
-0.346680
-0.532227
-0.468750
0.792847
0.299683
-0.093384
-0.274048
-0.826416
0.581055
0.369873
0.681152
0.135498
-0.474243
-0.187683
-0.400391
0.032349
0.492554
0.819702
-0.611572
-0.077515
-0.281677
0.147095
-0.172119
0.811768
-0.317078
1.251221
0.198669
-0.291138
-0.082092
0.284424
-0.209351
-1.389160
-0.122681
0.213013
0.368652
0.792236
0.180664
0.353394
2.011719
-1.977539
1.163330
-0.709839
1.638184
0.051270
-0.497437
0.493774
0.200806
0.356445
0.519409
0.318298
-0.335083
0.077515
0.365906
-0.394287
1.142578
1.413574
-0.186768
1.552734
-0.372620
0.057983
0.079956
-0.582886
1.311035
0.214844
-0.573730
0.984497
-0.705566
-0.803833
0.800171
0.227661
0.274048
0.808716
0.382996
-0.241089
0.921631
0.373230
-0.974121
0.393066
0.286255
-0.101013
0.165100
-1.638184
-0.330811
0.863037
-0.287476
0.359802
0.169678
-0.495605
-0.127563
-0.762329
-1.086426
1.032104
0.209351
0.426941
-0.028381
0.154114
1.024780
-0.145569
0.421753
-0.686646
-0.040588
-0.512085
1.364746
1.430664
-0.051270
1.535645
0.870361
-0.648804
0.648193
-1.389160
1.516113
0.162964
-0.890503
0.765381
0.004272
0.347290
0.011292
0.058594
-0.963135
-0.500183
-0.252075
-0.241089
0.784912
-0.942383
0.513916
0.329590
-1.019287
-0.728760
-0.309448
0.371094
0.180054
-0.331421
-0.822144
-0.466309
-0.632324
0.382080
-0.211792
0.176392
-0.352478
-0.139465
0.446777
0.795288
0.842285
-0.489197
-0.531006
-0.781860
0.074463
-1.198730
0.567017
-0.947266
-0.798340
-0.166321
-0.146790
-1.623535
1.215820
-1.016846
-0.527039
-0.039673
0.675659
-0.548096
-0.657959
-0.488586
-0.265503
-0.673218
1.210938
0.601196
0.259094
0.168457
-0.319824
1.085205
-0.980835
0.671387
0.443726
0.561523
-0.979004
1.021729
0.344238
-0.261536
-0.376282
-0.236816
0.518188
0.786743
0.947266
-0.918579
-0.348816
-0.306702
-1.149902
0.159912
0.632629
0.826416
-0.014954
0.744019
0.317688
-0.143433
-0.328979
-0.335999
1.148682
0.280762
0.552979
-0.820923
0.632935
-0.561523
0.249023
0.861206
-0.414429
0.241089
-0.932617
-0.281067
-0.904541
-0.537720
-0.932617
-0.687866
0.567627
-1.214600
-0.091248
1.562500
-0.701904
0.410767
-1.146240
0.859985
-0.837402
-0.955811
1.335449
-1.445313
0.781250
-0.875854
0.698242
-0.622559
-0.223999
0.220337
0.345764
-1.356201
0.729675
-0.191956
-1.645508
0.381470
0.795288
-0.595703
0.487061
0.199280
-0.635376
-0.621948
-0.115967
-0.200500
1.242676
-1.860352
0.029907
-0.274658
0.878296
0.678711
0.243530
-0.375061
0.275879
0.342712
0.321655
-0.544434
-1.767578
0.316772
0.133972
-0.273743
-0.953369
-0.112915
-0.888672
0.190430
0.094604
-0.036621
0.983887
-0.305786
-1.041260
-0.449829
1.113281
0.775757
0.732422
0.689697
0.812378
-0.114136
0.433960
0.739746
-0.070801
-0.712891
-0.218811
-0.072632
-0.270386
0.039063
-0.621948
-0.891113
-0.092163
0.422974
-0.496826
-0.201416
0.732422
-0.506592
0.489197
-0.203247
0.655212
0.499878
0.171204
0.284424
-0.062561
-0.017090
0.065918
-0.405273
0.872803
-0.223999
-0.251465
-1.333008
-0.095825
0.604858
-0.465088
1.542969
0.545959
-0.334473
0.686035
-0.698242
0.223999
0.095215
-0.562134
-0.690918
0.167847
0.030518
0.560913
0.240173
0.690918
0.121765
-0.856934
-1.011963
0.052795
-0.575562
0.159302
-0.369263
0.399170
-1.225586
0.828247
-0.861206
0.551758
0.360718
-0.216064
0.188904
0.123291
-0.013123
0.254517
0.253296
-0.550842
0.268555
-0.348511
-1.816406
-0.777588
0.245972
-0.169067
0.151978
0.518799
-0.280151
-0.299072
-0.275269
0.184631
-0.181885
-0.994873
0.413818
0.142212
0.924072
0.070801
1.782227
-1.296387
-0.998535
0.109863
0.444946
-0.927734
-0.055542
-1.303711
-0.122070
1.142578
-0.134277
0.875244
0.109558
-0.938721
0.833740
-0.722656
-0.093994
-0.814819
-0.486450
0.217896
0.853271
-1.274414
-0.073853
-0.489197
-0.088501
-0.153809
-0.698853
-0.256348
0.588989
0.385437
0.498047
0.409546
-0.415649
-0.794678
-0.762939
-0.700684
0.375366
0.389404
0.038757
-0.073242
-0.400085
-1.077271
0.918579
-0.122070
-0.853271
1.315918
0.965576
0.358887
-0.684814
-0.780640
-0.795898
-1.002808
-0.308838
0.135803
1.572266
-0.577393
-1.679688
0.982056
0.982666
1.114502
0.105286
-0.028687
1.270752
0.184631
0.108643
-0.062866
0.574646
-0.374146
0.028687
-0.266113
0.776367
1.625977
-0.444641
-0.101013
0.824585
0.527344
-0.171204
-0.209351
0.058594
0.056763
-0.214233
0.647583
-0.530396
-0.429688
-0.737305
0.582886
0.268555
0.323486
-0.385132
-0.831909
-0.739136
-0.099487
0.073853
-0.202026
-0.790405
0.144653
-0.879517
-0.371094
-0.426636
-0.324097
-0.267944
0.314636
0.227356
-1.547852
-0.367432
-1.165771
0.097656
-0.019531
-0.134888
0.353394
-0.389404
-1.041260
-0.405579
1.457520
-0.335693
-0.795898
-0.971069
-1.489258
0.655518
-0.640869
-1.038208
-0.555420
-0.138855
-0.488281
0.109253
0.965576
0.851440
0.380249
0.128174
0.585938
1.054688
0.856934
-0.606079
-0.538940
-0.277710
-0.448914
0.555420
-0.158691
0.315247
-0.080566
-1.033325
-0.746460
0.892334
0.007324
1.228027
1.035767
0.287476
1.801758
0.097656
1.801758
0.604248
-1.635742
0.040894
-0.277100
-0.714111
-0.620117
0.215454
0.109863
-1.125488
0.634155
0.467224
-1.374512
0.971069
-0.518188
-0.000610
0.418701
0.562744
1.340332
0.424194
1.105957
-0.487671
-0.040283
1.101074
0.455322
-0.223999
-0.786743
1.057129
-0.668335
0.107422
-0.283203
-0.534668
0.714111
-0.601501
0.354004
-0.366516
0.049133
-0.104675
0.237427
-1.884766
0.749512
-0.272827
0.092773
0.557251
0.676880
0.587769
-0.103760
-0.207214
0.452881
0.359192
-0.206604
-0.502930
-0.349426
-0.444336
0.421143
0.637207
-1.354980
-0.200195
0.226746
1.163330
-0.999146
0.100098
-1.199951
0.125732
-0.259399
-0.041199
-0.242310
-0.202942
0.131226
1.308594
0.445557
0.198975
-0.487976
-0.250244
0.556030
0.145874
0.120850
-0.521545
-0.968018
-0.808105
-0.528259
-0.718384
-0.190125
0.329895
0.065918
-1.201172
-0.066833
-0.269165
-1.051025
-0.014954
-0.906372
-0.651855
-0.137024
-0.327148
1.008301
-0.334167
-0.135193
0.699768
0.170288
0.115356
0.014648
-0.000305
0.517273
-1.138916
-0.649414
-0.255127
-0.278931
-0.531616
0.867920
0.671387
1.577148
-0.564575
-0.484619
0.110474
0.491943
0.034180
-0.029907
-0.329895
0.874634
-0.195007
-1.923828
1.129150
1.508789
0.152588
-0.220947
0.194702
0.712891
-0.203857
-1.469727
0.101013
-0.916748
0.166016
1.665039
0.404968
-0.675659
0.141907
0.783691
-0.433960
1.875000
2.138672
0.186157
-0.372620
0.047913
0.405884
0.210571
-0.684204
-0.693970
-0.800781
-0.492554
-0.702515
0.676270
0.665894
-0.812988
-0.573730
0.594482
0.037842
-0.240479
0.909424
-0.372925
0.214844
0.642700
0.416565
0.819092
-0.229492
0.189514
-0.177612
0.699463
-0.049438
0.426636
0.733643
0.112915
-0.459900
0.193481
-0.057068
-0.157166
-0.542297
-0.079956
0.352173
-1.086426
0.138550
0.399780
0.373840
0.554810
0.339661
2.011719
-0.494995
0.649414
-1.114502
-1.306152
1.198730
-0.656128
-0.479126
-0.457458
-0.059509
1.096191
1.174316
1.007080
-0.564575
0.572510
0.410767
-0.070801
-0.057983
-0.671387
0.014038
1.034546
0.797729
1.145020
-0.535278
-0.230103
0.617676
-0.101318
-0.180664
0.303345
0.327454
0.780029
-0.513000
0.642700
-0.750732
-0.956421
0.662231
-0.166626
0.816650
0.297241
-0.154724
1.352539
-0.273132
-0.574341
-0.619812
-1.075439
-1.469727
1.445313
0.764160
0.913086
0.026550
0.566406
-0.183411
-0.664063
-0.213928
-0.307007
-1.060791
-0.684814
-0.250854
0.762329
1.041260
0.743408
-0.184937
0.505981
-0.092163
-0.188599
0.205994
0.229797
0.373535
2.275391
0.539856
0.278931
-0.916138
1.026611
0.397034
-0.382996
-0.108032
-0.545044
0.456543
0.219727
0.426941
-1.195068
0.954590
-0.687256
-0.650635
0.524292
0.656738
0.484009
0.543213
-0.708618
-0.653687
-0.645752
-0.177307
-0.516357
0.394897
-1.389160
0.273132
0.297241
-0.093994
-1.000977
0.506592
-0.193481
0.084839
-1.033936
0.312500
-0.142822
-0.584717
-0.379639
0.293274
-0.276489
0.099182
0.613403
-1.160889
0.598145
-0.065918
0.808105
-0.360107
-0.292969
0.858765
0.659790
-0.498047
0.738525
1.035156
0.918579
-0.193787
-0.745850
0.120850
0.068665
-0.332031
0.506897
-0.603027
-0.877075
-0.596924
0.699463
-0.220032
0.227661
0.579224
-0.027466
-0.322266
0.951538
-0.424194
0.396423
-0.844727
-0.476074
1.079102
0.203857
0.780029
0.151367
-1.674805
0.182495
0.315247
-0.828857
-0.430298
0.165100
-1.256104
-0.505371
0.617676
-0.279846
-0.441284
-0.324097
1.630859
0.271912
0.442810
-0.341797
-0.831299
0.035400
0.145264
0.439453
0.422363
0.716553
-0.091553
0.532837
-0.807495
-0.383911
-0.131836
0.140991
0.148926
0.168152
0.514526
-0.993652
0.024109
-0.123291
-0.056152
0.100098
0.189209
-0.850830
0.507813
0.056763
-0.344849
0.195007
-1.625977
1.091309
0.585022
0.017700
-0.202026
-0.081787
-0.805054
0.432129
-1.596680
-0.776367
0.550537
0.751953
-0.474243
-0.373230
0.346680
0.797119
-0.168152
-0.130005
-0.152283
-0.260010
0.321045
0.039978
-0.671387
0.536804
0.422363
0.029602
-0.296021
0.005188
-0.187378
0.732422
-1.699219
0.090027
0.524902
0.293579
0.110474
0.023804
0.463562
0.026855
0.496826
1.811523
0.460205
1.357422
-0.261841
0.289612
-0.025024
-0.438232
0.417480
0.448303
0.844116
-0.021667
-0.754395
-0.111389
-0.606079
0.061646
0.924072
-0.358887
-0.091553
0.389709
-0.729980
0.214844
-0.317993
0.754395
-0.170898
-1.374512
0.829468
1.180420
0.866699
-1.865234
1.791992
-0.504761
0.532227
-1.049194
0.647583
0.234375
0.104980
0.281982
-1.699219
-0.420227
0.171204
-0.400391
0.531616
0.534973
0.416870
-0.917969
0.576782
0.154114
0.258179
-0.588684
0.949097
-0.273438
0.208130
0.705566
-0.245056
-1.273193
0.204163
1.538086
-0.376282
-0.564575
-0.060425
-0.816650
0.919800
0.482178
-1.518555
0.668945
-0.734863
-0.596313
0.408020
-0.715332
0.337219
-0.346680
-0.509949
-0.408936
0.361328
-0.639038
1.213379
-1.284180
0.658264
0.336914
-0.748291
-0.548706
0.074463
-1.811523
-0.036011
1.257324
1.635742
0.193481
-0.343628
0.914307
-0.717773
0.022583
-0.640869
0.097046
-0.717773
-0.742798
0.322266
1.015625
-0.011292
-0.495605
-0.883789
-0.330200
-0.740967
0.432129
-1.140137
-1.472168
-0.310364
-0.581055
-0.455322
0.156860
-0.257568
-0.331421
0.904541
-0.472717
1.146240
0.559387
0.361938
1.250000
0.035706
0.681763
0.720825
0.173340
-0.395508
-1.044922
-1.306152
0.425415
-0.709229
-0.148010
0.035400
-0.395508
0.095825
2.089844
0.249634
0.059814
0.318604
0.283203
-0.719604
-0.125427
-0.228271
0.926514
-0.706787
0.581665
0.698853
0.912476
0.157471
0.229187
-1.129150
0.711060
-0.183716
0.552063
-0.393677
0.008545
0.015259
1.037598
-0.764160
-0.104370
-0.523071
-0.202637
-0.100708
1.442871
-0.039368
0.035095
1.077881
0.214844
-0.221252
0.549622
-0.343323
-0.266113
0.778809
-1.047363
-0.906982
-1.024170
0.656128
0.679626
0.642090
-0.266724
-0.331726
-0.880737
-1.060791
0.456543
0.478516
0.177002
1.228027
0.194702
0.198975
0.169678
-1.260986
-0.275879
-0.595093
0.724487
-0.507202
0.315552
0.175171
0.346680
0.078430
-0.331421
1.152344
0.953369
-0.776978
-0.036621
-1.065063
0.217285
-0.943604
-0.147400
-0.954590
-0.229797
-0.901489
0.359192
-0.174255
0.387573
-0.547485
-0.059204
0.155334
0.643311
-0.731201
-0.608826
-0.831299
0.297241
0.223694
-0.032043
-1.059570
-0.349121
0.654907
1.136475
-0.192871
1.230469
-0.527954
-0.577393
-0.206299
0.695190
-0.873413
0.192871
0.206299
0.728149
0.402832
0.036621
0.761719
0.354004
0.114136
-0.259094
0.578003
-0.710449
-0.925293
0.132446
0.160522
0.451965
0.239258
-0.532532
0.616455
-0.966797
-0.259399
-1.381836
-0.943604
-0.797729
-0.343628
-0.494385
0.819092
-0.916748
0.018005
-0.535889
-0.449524
-0.484009
0.023804
-0.856934
0.758667
1.077881
0.419312
-0.428162
-0.626221
0.366211
-0.803223
-0.698853
0.445557
-0.995483
-1.140137
-1.552734
-0.927734
-0.606079
0.836182
0.872192
-0.292358
-0.047302
-0.692139
0.368347
-1.467285
0.968018
0.481567
-1.273193
0.942993
0.311890
-1.350098
0.155945
1.273193
0.979004
-0.312500
-0.397339
0.089111
1.596680
-0.804443
-0.809937
0.320435
0.357971
-1.202393
0.635986
-0.719604
-0.126953
-0.007935
-0.004883
-0.354614
-0.261841
0.286255
0.507202
0.624390
0.902100
0.012207
-0.176697
-0.237732
0.345764
0.084229
0.275574
-0.266113
-0.059509
1.291504
0.615845
0.635986
-1.108398
0.361633
0.147095
1.088867
-1.303711
-0.874634
-0.058594
0.493774
0.571899
0.274048
-1.262207
0.247498
0.427246
-0.014648
0.610352
0.181885
0.622864
-0.432129
-0.074768
-0.190735
-0.830078
-0.659790
-0.296326
0.797729
0.208740
0.177002
0.744629
-1.357422
-0.072937
0.619507
-0.146484
-0.388794
-0.455322
-0.443726
0.023804
0.256653
-0.564575
1.317139
2.089844
0.007019
1.050415
-0.021667
-0.504761
1.063232
-1.791992
-1.313477
0.077820
1.291504
-0.433655
-0.467529
-0.296936
1.520996
-0.121460
0.355530
-0.118103
0.186157
1.376953
0.037842
0.010376
-0.285034
0.419617
0.085449
-0.178528
0.705566
-1.043091
1.501465
0.178223
0.413208
-1.004639
0.740967
-1.295166
0.298462
0.052490
-0.279541
0.340576
0.379028
-0.975952
0.541382
0.220947
-0.657654
-1.289063
0.175781
-0.305176
-0.764160
0.734253
0.142517
-0.042725
0.446777
-0.964355
0.733032
-0.025635
-0.700073
-1.217041
-0.184021
-1.019897
-0.166016
0.213623
1.130371
-0.413818
0.705566
0.249939
-0.622559
-0.213623
-0.526123
-0.067139
-0.689087
-0.267334
0.324707
2.197266
0.192871
-0.588379
-0.157471
0.427856
-0.658569
-0.518799
-1.884766
-0.325928
-0.045166
-0.903320
0.418701
-0.640259
-0.501099
-0.891724
0.149841
0.407715
0.489502
0.493774
0.653687
-0.224304
-0.828247
-0.704346
0.794067
-1.289063
-0.502014
0.264893
0.189514
-0.329895
-0.314636
-0.015869
-0.857544
-0.519104
0.046387
0.173035
0.891113
-0.438232
1.433105
0.880737
-0.629883
1.081543
-0.551147
1.396484
-0.589905
1.054688
-0.974121
-0.294800
0.032654
-2.060547
-0.194092
-0.384827
-0.492249
0.770264
1.264648
0.925903
1.132813
0.035095
-0.904541
-0.893555
-0.866699
0.459900
0.284119
0.917969
0.903931
0.246582
-1.811523
0.061951
-0.295410
0.111084
-0.456848
0.517273
0.172424
-0.097656
-0.777588
0.619507
0.126953
0.107727
-0.369263
-0.043945
0.599976
1.723633
-0.033264
0.787354
0.653381
-0.889893
-0.298157
0.873413
-0.305786
0.518494
0.328064
-0.373535
-0.343018
-0.591431
-0.897217
0.728760
-0.342407
1.088867
0.050354
-0.610962
0.034180
-0.684204
-0.742798
-1.250000
0.003052
0.005493
0.061035
-0.326538
-0.301208
-0.502319
0.250854
-0.107117
-0.008545
0.919189
1.241455
-0.120544
-1.533203
-0.517273
0.465088
1.496582
0.247803
1.269531
1.146240
1.385498
-0.262146
-0.775146
-0.511475
-0.484009
-0.474854
0.097046
-0.612793
-0.880737
-1.003418
0.255127
-0.703735
-0.842285
-0.818481
0.245972
0.109558
-0.261841
0.210876
-0.104675
0.424805
0.518188
-0.434265
1.036377
-1.010742
0.290527
0.223389
0.286560
-0.924683
1.201172
0.237732
0.412598
0.223999
-0.609131
0.714722
-0.790405
-0.449829
-0.812378
-0.033875
0.409546
-0.016174
-0.875244
0.064697
1.082764
-0.145264
-0.614929
-0.065002
-0.569458
0.725098
-0.472107
0.340576
-0.627441
-0.408325
-1.088867
-0.292664
0.886841
-0.700073
0.427551
-0.010376
-0.547791
0.043335
1.364746
-1.009521
-0.491333
0.148621
-0.697632
-0.982666
1.054688
0.845947
0.245667
0.775146
-0.629883
1.000366
0.316772
0.316162
0.901489
-0.601807
0.885010
-0.112610
0.041504
0.210876
-0.031738
0.576477
-0.540771
-0.792847
0.916748
0.119019
0.769043
1.806641
0.014648
0.425110
0.265503
0.423889
-1.762695
-0.747375
-0.175781
-0.605469
-0.888672
-0.174561
-1.034546
-0.354004
-0.153809
0.402527
-0.085754
-0.422974
0.294800
-0.245361
-0.057068
-0.172119
0.318909
0.147095
-1.223145
-0.149231
-0.076294
0.228882
0.257568
-0.055237
-0.612793
0.032959
-0.153198
1.899414
-0.165405
0.378723
0.079041
-0.440063
0.648193
1.285400
-0.709839
-1.674805
-0.861206
-0.442810
0.520325
-0.372925
-0.026855
0.603027
-0.122681
0.355835
0.349731
-0.999756
-0.570068
0.637207
0.061035
-0.124512
0.061646
-0.831909
0.338135
0.208740
0.797119
0.227051
0.465088
-0.696411
-0.026855
-0.267029
0.447998
0.826416
-0.202026
1.048584
-0.601196
-0.767212
1.179199
0.734863
0.130920
0.108643
-0.030518
0.072327
0.648193
0.207825
1.127930
-0.818481
-1.552734
0.491028
0.023804
-0.206909
-1.231689
-1.311035
-0.998535
-0.258789
-0.588989
-0.307922
-0.180664
0.753784
1.303711
-0.414429
0.097656
-0.370483
0.324097
0.067749
-0.289917
-0.626831
-0.834961
1.115723
0.239868
0.150452
-0.742798
-0.184937
-0.741577
0.296631
0.439148
-1.533203
-0.576782
0.087280
0.786133
-0.082397
0.324707
0.516968
0.156555
0.204468
0.313110
-0.007019
0.119629
0.563965
-0.470581
-0.250854
-0.005493
-0.128174
-0.442810
1.206055
-0.405884
0.574341
-0.158691
-1.075439
-0.104980
-0.058899
-0.135193
-0.345459
0.386047
-0.418091
-0.205688
0.648499
-0.009766
0.087585
-0.459595
0.122986
0.892944
-0.280151
-0.370178
-0.838623
0.903320
-0.998535
-0.508423
0.177612
0.918579
0.266418
-1.078491
0.706177
0.585938
-0.673828
0.843506
-0.775146
-0.341797
0.622559
0.109863
-0.415649
-1.099854
0.123901
-0.698853
-0.224609
1.218262
-0.011597
-1.047363
-0.305786
0.167236
-0.281982
0.403137
-0.126343
1.185303
0.117188
1.180420
0.496826
0.371094
0.446777
0.654297
-0.545044
0.875244
-0.908203
0.668335
-0.085449
0.567322
0.010376
0.026245
0.240784
-0.493164
-0.146790
-0.732422
1.204834
0.639038
-0.150452
-0.012817
-1.202393
-1.152344
0.280151
1.343994
-1.538086
0.466003
-0.154419
0.020142
-0.217896
-1.160889
-0.295410
-0.573120
-0.284424
-0.769653
-0.039368
-1.065674
-1.191406
-0.540771
-0.246582
0.246582
-0.702820
0.166626
-0.101929
-0.781860
-0.346069
-1.057129
-0.078125
0.429382
-0.640869
0.326538
0.726318
0.840454
-0.575867
0.150757
-0.093079
-0.530701
0.028076
-0.119019
1.042480
-0.285950
1.117554
0.061035
0.290527
-1.611328
1.811523
-1.259766
-0.326233
0.092163
-0.112305
-0.097351
0.874023
0.836182
-0.326538
0.281982
0.350952
0.551758
0.310669
-0.549316
0.219116
-0.032654
0.575256
-0.018311
1.060181
-0.458374
0.927734
1.643066
-0.994263
0.159302
-0.110168
0.926514
0.521851
0.462341
-0.198364
0.756836
0.732422
0.822144
0.054321
-0.219421
0.193481
-0.129395
0.540771
-0.514526
1.506348
0.545349
0.417175
-0.165405
-0.192261
0.827637
-1.569824
-0.983887
0.412292
-0.195313
-0.476685
-0.568237
-0.174561
0.251465
-0.039673
-0.390625
-0.936279
0.034180
-0.211792
-0.165710
-0.039673
0.670166
-0.371399
0.863037
-1.392822
-0.221558
0.126343
0.242920
0.758057
-0.158997
-0.309143
-0.162354
-1.048584
-0.034790
-0.053101
-0.056763
0.153198
-1.146240
-0.385742
-0.265808
-0.587769
0.302734
1.328125
-0.712585
-0.147400
-1.301270
0.204468
0.905762
0.737915
0.682983
-1.118164
-0.869751
-0.207520
-0.653687
-1.170654
0.627747
0.241699
-0.612488
0.120850
0.981445
0.139160
0.592957
0.300903
-0.630798
-0.184937
-0.001221
-1.027222
0.552368
-0.134277
1.193848
0.646057
-0.960693
0.628662
0.775146
-1.425781
-0.760803
0.136719
-0.949707
-1.181641
0.087585
-0.523682
0.175476
1.884766
0.311890
-1.158447
1.129150
-0.864868
0.596313
0.914307
0.021667
-0.191040
-0.894775
0.692139
1.437988
-0.843506
0.120850
-0.535278
1.101074
0.614624
-0.195923
-1.079102
-0.100098
-0.165100
0.526123
0.329590
0.672607
0.367432
0.269775
0.111084
0.411987
0.564575
0.216370
-0.289307
0.766602
-0.670776
0.367432
1.049805
0.254822
-0.434570
0.493774
-0.386658
0.623169
-0.076904
-0.877686
-0.672607
0.752563
0.861816
0.663147
0.664673
0.554504
-0.605469
0.638123
0.153809
0.620728
1.156006
1.108398
0.736694
0.895386
-0.180054
1.100464
-1.638184
0.289001
-0.009460
-0.523682
0.146179
0.007935
0.642090
0.057678
-0.474854
0.288696
-1.271973
0.717773
-0.195923
0.094604
0.372314
0.003662
-0.315552
1.379395
0.021057
-0.394287
1.184082
1.391602
-0.048828
-0.151367
0.065308
-1.413574
-0.926514
0.479431
-0.512085
-0.900879
0.663452
-0.106201
0.411377
-0.664673
-0.097046
0.158081
0.704956
1.148682
-0.802002
0.161743
-0.246582
0.334473
-0.352783
-0.137329
-0.672607
-0.203247
0.732422
0.312195
-0.142822
-1.394043
-0.485840
-0.625000
-0.303345
-0.439453
0.028687
-0.730591
-0.573120
0.804443
0.685730
0.078125
-0.097351
-0.255737
-1.132813
-0.792847
-0.996094
-0.745850
-0.523071
0.990601
0.128174
1.044922
-0.485840
1.049805
-0.802002
-0.592651
0.557251
0.786133
-0.963135
-0.151978
0.542603
0.604553
-0.645142
-0.363159
0.195923
0.179749
0.908813
0.407104
0.190125
-0.116577
0.432434
0.154419
0.698853
-0.135498
-0.511475
-0.077515
-0.125122
-0.164795
0.678101
-0.367126
-0.826416
0.366516
0.637817
-0.859375
1.425781
0.095215
-0.258484
-0.899048
-0.267944
0.518188
0.119019
0.902710
1.601563
-0.715942
-0.780640
0.900269
-0.252686
-0.628662
0.718994
1.142578
0.104370
-0.540771
-0.492554
-0.509033
-0.465698
-1.435547
-0.642090
-0.253601
0.621948
-1.591797
-0.620728
0.075378
-0.358887
0.219727
0.408325
-0.082397
-0.054932
0.129395
-0.667114
0.625000
-0.117188
0.148926
-0.534668
-0.461426
0.677490
0.077820
0.809326
0.673828
0.115662
-0.521851
0.970459
-0.445557
0.776978
-0.106201
0.224915
0.993042
0.967407
0.910645
0.014954
1.087646
0.639038
0.599976
-0.762939
1.567383
-0.328064
-0.543213
0.444031
0.614014
0.227661
0.091553
0.006104
-0.251770
-0.224609
-0.650635
-0.359802
-0.880127
-0.126953
0.749512
0.146790
1.337891
1.087036
-0.390015
-1.065674
-0.765381
1.169434
-1.547852
0.891724
0.378418
0.503540
0.443726
-1.728516
-0.121155
-0.440063
0.887451
-1.126709
0.991211
-0.073853
-0.450439
-1.085205
-0.005188
-0.381470
0.386047
0.515747
-0.218506
-0.758972
1.334229
0.278625
-1.195068
0.059814
0.638428
-0.705566
0.077515
-0.596619
0.769653
-1.247559
-1.081543
0.002136
0.159302
-1.457520
0.042114
-0.115051
-0.125122
0.250854
0.211182
0.051270
-0.271606
0.374756
-0.282593
0.083618
-1.269531
0.461426
0.041504
0.969238
0.015564
-0.998535
-1.333008
0.104065
-0.474854
-0.675659
0.591431
-0.448914
0.228271
0.852051
-0.592041
-0.662537
1.293945
-0.116577
0.336304
-0.567932
-0.109558
0.016174
-0.060120
0.388184
0.788574
1.389160
-0.178528
0.191956
-0.054321
0.195923
0.380249
-1.011963
0.292358
0.413208
-0.440674
0.564270
0.451355
0.878906
-0.410156
0.350037
-0.333252
0.295410
-0.028076
-0.388184
-0.456543
-0.291748
-0.845947
0.165100
0.735474
0.295410
-0.200500
0.550537
-0.081177
0.355835
0.017090
-1.223145
0.878906
-0.052490
0.842896
0.087891
-0.314636
-0.620117
-0.203247
0.212708
0.276184
0.928345
-0.999756
-1.280518
0.459595
-0.209961
-0.757446
-0.380859
0.235901
0.968018
-1.059570
0.156250
0.048218
1.000977
0.546875
0.469360
0.031433
0.785522
0.580444
-0.095215
0.017700
-0.269470
-0.183105
1.061401
-0.159607
1.450195
-1.430664
-0.523071
-0.108643
-0.924683
-0.994263
-0.007324
0.616455
-0.767822
0.655212
0.046997
-0.580139
0.314941
-0.686646
0.164490
-0.347900
0.566406
0.250854
0.035095
1.091309
0.880127
0.292358
-0.056763
-0.922852
-0.749512
-1.041260
0.058594
-0.616455
-0.359497
-1.119385
1.287842
-1.376953
-0.027161
-0.737305
-0.036011
-0.317078
0.192566
-0.352783
-0.007935
-0.782471
-0.464478
1.953125
-0.067749
0.874634
-0.631104
0.077820
0.854492
0.595398
-0.334473
0.604248
0.420532
0.091248
0.138550
-0.241089
-0.402832
-0.157471
-0.570068
0.045166
0.151367
0.482788
-0.556641
-0.501404
0.295410
-0.049438
1.320801
-0.771484
0.756226
1.072998
0.459595
0.236206
0.178528
-0.445557
0.139771
-0.223999
1.445313
-0.445557
0.328979
-0.335693
0.601196
0.231323
0.651855
0.390625
0.824585
0.567017
-0.040283
-0.574341
1.479492
0.216675
-0.875854
-1.278076
0.033569
0.068970
1.369629
-1.113281
0.246582
-0.645142
0.729980
-0.640869
0.480347
-0.228577
-0.032654
1.899414
-0.289307
0.016479
-0.523071
-0.209351
-0.922241
0.783081
0.519714
0.020752
1.036377
0.468750
-0.378723
-0.727539
-0.515747
1.001587
-0.535278
1.026611
1.021729
-0.746460
-0.744629
-0.295410
-0.224609
0.805054
-2.265625
0.520020
0.170898
1.557617
1.011963
-0.259399
0.237427
1.291504
0.586853
-0.509033
-1.029663
-0.250549
0.162964
-0.303955
-0.451050
-1.318359
-0.931396
-0.195313
-0.289917
-0.832520
-0.997925
-0.146179
-0.477295
-0.786133
0.933228
0.055542
-0.703125
-1.042480
-0.417480
-0.710449
-0.734253
-1.425781
-0.046387
0.455627
-0.911865
-0.771484
0.625610
-0.202332
0.559082
-0.678711
-0.280762
0.336914
-0.315552
-0.465393
-0.997314
0.059814
-0.265198
-0.275574
-0.665283
-0.471802
-0.159302
-0.589600
0.534668
0.029297
-2.343750
-1.219482
0.241699
0.105591
-0.092163
1.257324
-0.441895
1.071167
-0.448914
0.716553
0.761719
0.237427
-0.177002
-0.284424
-1.206055
-0.390015
-0.366821
0.784912
-0.739136
0.487061
0.454712
-1.118164
1.090698
1.047974
0.208740
0.231018
-0.135193
-1.972656
0.659180
-0.086670
-0.469360
-0.004272
0.311279
1.262207
0.162354
0.670471
0.009766
-1.223145
-0.299072
-0.464478
-0.128479
1.016846
1.291504
0.390320
0.110474
1.213379
-0.795898
0.619507
-0.330811
0.405273
-0.811157
-0.055542
0.288696
-0.496216
0.352478
-0.077820
1.525879
-0.389404
0.036621
-0.003662
0.114441
0.859375
0.358276
-0.328979
0.434570
-0.853882
-0.114136
-0.109253
0.084229
0.213623
0.177002
-0.009155
-0.424805
-0.232544
0.214844
-1.182861
-0.184937
0.603027
0.467834
0.547485
0.827637
0.231934
0.271606
0.549927
0.162659
-0.545044
-0.227966
-0.864258
1.430664
0.173950
-0.182495
0.677490
0.748901
-0.680542
-0.215454
-0.533752
-1.136475
-0.026550
0.089111
-0.993652
0.558777
-0.924072
0.028076
-0.287170
-0.580444
1.072998
0.726318
-0.261841
-0.263062
-0.752563
-0.693970
1.733398
1.231689
0.502319
1.918945
0.500488
-0.038147
0.048218
0.116272
0.122681
0.343018
-0.842285
-1.085205
0.957031
0.809937
0.344543
0.056763
-0.304565
0.648193
0.455322
-1.057129
0.657959
0.835571
-0.575256
1.306152
-0.811768
0.104065
1.293945
-0.763550
0.750122
-1.625977
-1.018066
0.510864
-1.109619
-0.058289
1.437988
0.274353
-1.110840
1.884766
-0.267334
-0.399170
1.086426
-1.447754
0.122681
-0.637817
-0.820923
-0.198975
-0.490112
-0.095215
-1.362305
0.309448
-0.627441
-0.443726
0.935059
-0.836792
0.700684
-0.200195
-0.031128
-0.944824
-0.219421
-0.211792
-0.277710
-0.477905
-0.234680
-0.026550
0.700684
0.217896
-0.515137
-0.754395
0.509949
0.708618
-0.012207
0.621948
-0.958252
-0.238647
-0.294495
-0.858154
-0.874634
-0.876465
1.317139
0.847778
0.278931
-0.202637
1.197510
0.641174
-1.113281
0.106201
0.601807
0.069885
0.264587
0.487366
0.778198
0.143433
-0.791626
-0.371094
0.201416
-0.634766
-0.600891
-0.831299
0.693970
0.313110
0.373535
0.332642
-0.672607
0.500793
-0.711670
-0.594482
0.344238
-0.010986
-1.235352
0.646973
-1.350098
-0.149536
0.683594
0.013428
-0.491943
-1.026611
-0.072937
-0.620728
-1.591797
0.209351
-0.463562
-0.025024
0.562134
0.455322
0.099487
-0.020447
-0.606689
0.026855
-0.003662
-0.143127
0.126038
-0.418701
-1.152344
-1.108398
-0.274353
0.250854
-0.838013
0.766602
-0.678711
-0.382080
0.386963
-0.299377
-0.998535
-0.363770
-1.159668
-0.470581
0.455017
1.352539
-0.849609
-1.132813
-0.498657
-1.107178
-0.344849
-0.451660
-0.043945
-1.208496
-1.284180
1.884766
1.240234
0.426941
1.662598
0.432129
0.535889
-0.616455
0.007935
-0.165405
0.651245
0.174866
0.783081
0.249939
-0.545349
-0.343323
0.019226
-0.236816
-0.668945
-0.404663
-1.591797
-1.033936
-0.795898
-0.035400
-0.106812
-1.101074
0.924683
-0.056763
-1.767578
0.059814
1.138916
0.709229
-0.241699
0.087891
-0.511475
0.158081
0.303650
0.077820
0.502319
0.126953
0.244751
-0.094299
1.213379
-0.524292
-0.286865
0.479431
-1.340332
-0.568237
0.227051
0.478516
0.936279
0.719604
-0.284424
0.418091
0.837402
-1.065674
2.128906
-0.211487
0.337830
-0.336304
-0.065308
-0.108337
-0.877686
0.310669
-0.144348
-0.085449
0.363770
-0.266113
0.321655
0.860596
0.160522
0.397644
-0.254211
-0.273438
0.096436
1.008301
1.340332
-0.288696
0.943604
-0.207214
-0.401611
0.780640
-1.374512
0.739136
0.904541
-0.236206
0.662231
0.906372
-0.117188
-0.937500
-0.971680
-0.422974
-0.393677
-0.480957
-0.172729
0.822144
0.156860
-1.669922
0.412598
-1.126709
0.504761
-0.451660
-0.153198
-0.041504
1.048584
0.202637
-0.118103
0.720215
-0.908813
0.882568
-0.471191
0.097961
-0.671082
0.380859
0.886230
0.764160
-1.114502
0.718994
-0.041504
-0.751953
0.322876
0.917969
0.023804
-1.129150
-0.133057
0.837402
-0.363159
-0.608215
-1.325684
-0.484619
0.532227
0.419006
0.722656
0.126343
-0.905151
0.187073
1.469727
0.492554
0.582275
0.476685
-0.939941
0.399170
1.811523
0.240784
0.576782
-1.135254
0.656738
-0.892944
-1.208496
-0.348206
0.354614
-0.613403
-0.778809
-0.111694
1.026611
0.202026
0.030823
0.468445
-0.335693
0.315552
-1.625977
-1.601563
0.647583
0.809326
0.532837
-0.688477
0.289917
0.045776
-1.060181
0.133667
-0.554199
-0.982056
0.679321
-1.259766
-0.429688
-0.009766
-0.678711
-1.469727
0.345459
-1.284180
-0.498047
-0.395508
0.750732
0.614929
0.149231
-0.235291
-0.404053
0.328369
-0.438843
-1.000977
-0.028076
-0.045471
-0.050049
0.646362
1.630859
-0.072632
0.124512
-1.318359
0.908203
-0.662231
0.153809
0.054321
0.444641
-0.983276
-0.148010
-0.542297
-0.317688
-0.155640
-1.977539
-0.180359
0.806274
1.621094
-0.810547
-0.255127
-0.178833
0.406799
-0.623779
0.578613
-0.415649
-0.316162
0.346985
-1.259766
0.375061
0.163574
-0.365601
-0.682373
-0.936890
1.621094
0.090942
0.880737
-0.357971
-0.066833
0.877075
0.977783
-0.667725
-0.165100
1.367188
-1.450195
0.032959
0.546875
0.659180
-0.581665
0.195007
0.911865
-1.120605
-0.632324
0.146484
-0.366516
-0.369873
0.045776
0.448303
0.033264
-0.324097
-0.630493
-0.767822
-0.610962
0.264282
1.173096
0.749512
-0.773315
0.960083
1.260986
0.481567
-0.717163
0.512695
0.250854
0.056152
-1.169434
1.523438
0.453491
-1.164551
-0.422363
-0.017090
0.563965
0.952148
0.002747
0.466919
0.058289
0.027771
-1.029053
-0.307007
1.291504
0.763550
0.899658
0.854492
0.903320
0.189819
1.281738
0.429077
0.023193
0.146790
0.778198
1.706543
-0.053101
-0.586548
-0.001831
-0.747070
-0.012207
-0.815430
0.559692
-0.197144
-0.312500
-0.011902
0.328979
-0.297241
0.171204
0.020752
0.742798
0.093994
1.413574
-1.015625
0.351563
-0.620728
-1.324463
0.311890
0.736084
-0.124207
1.425781
1.030273
-0.020447
-0.409546
0.537720
0.778198
0.135498
1.024170
0.223389
-0.203247
-0.683594
-0.632324
-0.232544
-0.184021
0.159302
0.632019
0.106201
0.313110
-0.054932
0.055542
-1.254883
0.533447
-0.254517
-1.469727
0.108032
0.899658
0.920410
0.179443
-0.297241
-0.793457
0.751343
0.266418
0.342407
0.508118
-0.110474
-0.693970
0.482788
0.753174
0.631714
0.009766
-0.533447
0.319824
-0.424805
0.921631
0.239258
0.394287
0.451355
-0.787354
1.164551
-0.455933
0.253296
-1.121216
-0.021057
-0.637817
-0.122681
0.767212
1.462402
0.131226
1.202393
-0.872803
-0.643311
0.265503
0.261841
-0.384521
-0.210266
0.901489
-1.184082
-1.091309
0.535278
-0.864258
0.167236
1.329346
-1.179199
-0.346069
-1.452637
0.096436
0.247803
-1.046143
1.182861
0.703735
1.191406
-0.214844
0.483704
-1.293945
-1.293945
-0.067749
-1.538086
-0.025024
1.260986
1.787109
-0.402832
0.274353
0.673218
0.303955
0.050049
0.350952
-0.623779
0.212402
-0.718994
0.007324
-0.878906
0.124512
0.628052
-0.614319
0.289612
-0.585327
0.286560
-0.011597
-0.604248
0.916138
-0.177307
1.300049
0.045776
-1.242676
0.376587
0.076904
0.689087
-0.463867
0.894165
-0.578613
0.198975
-0.482483
-0.243225
-0.932007
-0.414734
-0.651855
-0.018616
1.009521
-0.817871
-0.830078
-0.023193
0.460815
1.499023
0.477905
0.930176
-0.444336
0.056763
-1.169434
1.054688
0.092163
-0.532227
1.120605
0.232544
-0.484619
-0.649109
0.297852
0.598145
0.241089
-0.162354
0.111084
0.994873
0.118408
-0.259399
-0.661316
-0.118713
0.425415
0.481567
0.883789
0.514221
0.315552
0.600586
0.290527
-0.364685
-0.117798
0.328979
-0.250854
-0.524292
-0.206299
0.902100
0.327148
0.942383
-0.415039
0.616455
-1.640625
-0.393982
0.733032
1.176758
-0.088501
0.903320
-0.374756
0.102539
-0.419312
-0.517273
0.796509
1.204834
-0.143738
-0.228271
-0.226135
-0.006104
-0.072021
-0.129089
-0.003967
-0.806885
0.387573
-0.606384
1.350098
-0.274658
-0.190430
-0.471191
-0.617065
0.994873
0.432129
0.815430
0.673218
0.054321
-0.274658
-0.499268
1.115723
2.109375
-0.379639
-0.808105
0.006714
0.514221
0.282898
0.291138
0.761719
0.109253
0.527344
-1.982422
-0.732422
-0.902100
-0.011902
0.154724
0.088196
0.328064
0.021057
-0.562134
-0.760498
-0.245667
0.969849
-1.523438
0.769043
0.586548
-2.031250
-1.116943
-0.018616
-1.213379
0.492859
-0.418701
1.030884
-0.836792
1.148682
-0.650635
-0.883179
0.762329
-0.066223
-0.393066
0.175781
0.126953
0.781250
-1.043701
-0.495911
-0.469360
-0.189819
-1.060791
0.642090
-0.317383
0.218506
-0.290222
-0.070801
-0.053406
0.644531
-0.724487
0.280457
-0.639038
0.260315
-0.272217
0.096436
0.227661
-0.070190
0.606079
-0.565186
-0.070190
1.147461
-0.466309
-1.484375
0.014038
-0.197144
-0.235901
-0.028687
0.248413
0.828857
1.016846
0.206909
0.529480
-0.512085
0.648804
-0.272522
-0.317383
-0.355835
0.427856
0.213623
0.523376
0.003662
-0.018005
0.450745
1.164551
0.524902
-0.311279
0.183105
-0.381470
-1.398926
-0.440674
0.140381
-0.643311
-0.369263
-0.612793
0.178223
1.101074
0.408325
-0.812378
-0.938110
-0.241089
0.405273
0.552979
0.083923
0.332947
0.167847
-0.164185
-0.188599
-0.981445
0.102539
1.159668
0.137329
2.148438
-0.601807
0.576172
1.567383
-1.041870
-0.122375
-2.026367
1.276855
-0.382080
0.463867
-0.184326
0.055237
0.977783
0.050049
1.345215
-0.313721
-0.185852
-0.416260
-0.500488
-0.751953
0.100098
-0.182190
2.050781
0.694885
-1.023560
0.310669
-0.196533
-0.598755
-0.743408
-0.598145
0.592651
0.185242
-0.654907
-0.748901
0.325012
-1.102295
-1.313477
0.060120
0.881958
0.200500
0.623169
0.173950
0.354614
0.445862
0.478516
1.376953
0.401001
0.394897
-1.182861
-0.105896
0.460205
-0.508423
-0.784912
-1.160889
0.845337
-0.043030
-0.267334
0.042114
1.290283
0.343018
0.445862
-0.905762
-1.045532
-0.268250
0.328979
1.408691
0.425415
0.565186
-0.574341
-0.204468
-1.248779
1.071777
1.023560
0.844727
0.258179
-0.139160
-0.788574
1.246338
0.467224
-0.085754
-1.072998
1.185303
0.202637
-1.418457
0.384216
-0.587769
1.113281
-0.790405
0.746460
0.561523
0.435181
1.718750
-0.880737
0.123901
0.426636
0.048828
-1.313477
-0.770874
1.081543
1.655273
-0.209351
0.503845
0.819702
0.086060
-0.641479
-1.157227
-0.446167
-0.181274
0.059204
0.059814
0.251160
-0.938721
-1.279297
-1.508789
-0.628052
-0.004883
-0.298462
-0.437927
-0.324707
-0.728760
-0.938721
-0.890503
-0.637817
0.292358
0.592041
0.385742
-0.347290
-0.115967
0.208740
-0.930786
-0.355225
0.357056
-0.167847
0.098267
-0.175171
-0.211182
0.624390
0.938721
0.144653
-0.344238
-1.101074
0.322266
-0.081482
-0.109863
1.716309
-1.134033
-0.694580
0.788574
-0.285339
-0.003662
0.342407
-0.209961
-0.405273
-1.057129
0.021362
-0.048828
0.373535
0.850830
-0.229492
-0.016479
0.736084
0.123291
-0.369568
0.202026
0.227051
-0.548706
-0.397339
-0.036926
-0.739136
0.232849
-0.584717
0.755615
0.281372
-0.395508
-0.520020
-0.819092
-1.105957
0.222473
0.235901
0.836792
-0.791016
-0.103149
0.149841
0.079651
1.323242
-1.325684
0.593262
0.049438
-0.525208
-0.642090
0.635681
-0.049438
0.065308
-0.533447
-0.001831
1.088867
0.206299
-1.772461
0.477600
-0.448608
-1.223145
-0.670166
-0.606079
-0.592041
0.072021
-0.494385
-0.626831
-0.292358
1.035156
0.263977
0.337219
1.386719
0.133057
-0.600586
-1.069336
-0.700684
-0.163269
1.240234
-0.329285
-0.845947
-0.054932
-1.489258
0.929565
1.472168
0.465393
0.213013
0.570068
-0.034485
-1.601563
-0.072632
-0.932617
0.604553
-0.594482
0.343018
-0.466309
0.696411
1.045532
-1.552734
1.013184
0.653687
0.012207
1.770020
-0.206299
1.101074
0.073853
1.402588
-0.775757
-0.137939
-0.261841
-0.243530
-0.398865
-0.316772
-1.069336
-0.312195
0.098877
0.344238
1.535645
1.064453
0.355835
0.518188
-0.829468
0.527344
-0.725708
-1.113281
-0.244751
-0.772095
-0.043335
1.241455
0.208740
0.174561
-0.054321
-0.409546
0.988770
0.378418
-1.345215
0.900269
-0.585327
-0.164490
0.422974
0.745239
0.612793
0.566406
-0.178223
0.928955
-0.238953
-0.715332
-1.093750
0.144653
0.161133
0.054321
-0.785522
0.398865
-0.018311
-0.631409
-0.361633
0.425415
-1.311035
0.885010
-1.215820
0.021362
1.325684
0.552368
0.383301
-1.193848
0.053711
0.602417
0.189819
0.493164
-0.456543
-0.247192
-0.450439
-0.075073
1.733398
0.952759
0.790405
0.061035
-0.468445
1.992188
-0.029907
0.482178
-0.112000
0.292358
0.578613
-0.109253
-1.260986
-0.025635
0.469971
-0.568237
-0.177612
-0.255127
1.596680
0.283203
0.088806
-0.677490
0.484009
0.315552
0.311584
-0.194092
-0.938110
-0.102539
0.429688
-0.313721
0.161133
0.287170
0.486450
-0.387573
-0.108032
0.172729
0.025635
0.126953
1.073608
-0.097656
-0.322876
-0.709839
0.786133
0.015869
0.879517
0.030518
0.337830
-0.454712
-0.021362
-0.100708
-0.798340
0.249634
-0.571289
0.392456
0.140381
0.405273
-0.495911
0.745239
-0.783691
0.131531
-0.003967
-0.388794
-1.228027
0.183716
0.437622
0.725708
0.419922
0.789185
-0.431519
0.502930
-0.247803
-0.588989
0.729980
0.277405
-0.514526
0.053711
1.279297
-0.441284
-0.674133
0.336914
-0.135803
0.404053
0.722656
0.924683
0.219727
-0.056763
-0.184631
0.518188
0.421753
0.743408
-0.416260
1.132813
-0.358276
-0.436401
0.914307
0.977783
0.393372
0.245361
1.499023
0.767822
-0.384521
-0.131531
-0.482483
0.347290
0.520325
0.269470
-0.781860
0.525513
-0.242920
-0.476685
0.392456
0.822144
0.059204
0.737305
0.841064
0.202637
0.180054
-0.081482
-0.368958
0.191956
0.325317
0.903931
0.401611
0.939331
-0.304565
-0.797729
0.360718
-0.383301
1.372070
-0.953369
0.736084
0.423279
0.823364
0.192261
0.329590
0.821533
1.704102
0.974121
0.195618
0.270386
0.263977
-0.571899
-0.180664
-0.300903
0.535889
-0.770264
1.286621
-0.253296
-1.081543
0.168457
-0.266113
-0.629272
1.450195
0.145874
-1.057129
-0.852661
-0.025635
-0.731812
0.784302
-0.468140
0.990601
0.610352
0.636597
-1.589355
0.029297
0.265503
-0.223389
0.345459
0.416565
0.718994
0.089111
-0.220337
-0.079041
-1.086426
-0.031738
-0.574341
1.004639
0.220337
0.266724
-0.364380
-0.527039
-0.544434
0.012817
0.413818
-0.186157
-1.464844
-0.140991
-0.484619
0.741577
0.913086
-0.232239
1.010742
-0.094604
-0.366516
0.266724
-0.217896
-0.995483
0.099487
0.294189
0.025635
1.318359
-0.091858
-1.992188
-0.631714
-0.085449
0.191650
1.633301
-0.242310
-0.526123
-0.803223
0.341187
0.033569
-0.178223
-0.787354
-0.809937
0.383301
-0.303955
0.988770
0.598145
-0.706177
-1.420898
-0.711670
0.055542
-0.245972
0.191650
-0.823364
-1.002197
-0.996704
-1.479492
0.592651
-0.614014
1.306152
-0.188904
1.420898
0.158691
0.406799
0.295410
-1.323242
-0.329895
-0.190735
0.958252
0.112610
0.994873
-0.614624
-0.621338
0.159302
-0.562744
-0.320435
-0.550537
0.728149
-0.140381
0.009155
-0.312500
0.878906
-0.771484
0.388184
-0.704346
0.072021
-0.737305
-0.767822
0.823364
-1.306152
0.183716
-0.113525
-0.243530
0.618591
-0.090332
-0.040894
0.124512
0.429688
0.234985
-0.113220
0.034180
0.975952
0.239868
0.573730
-0.182800
0.690308
0.597839
-0.056152
-0.496216
0.028381
-1.126709
0.838013
0.424805
0.114746
1.236572
-0.946045
0.544434
-0.672302
-0.494995
0.552979
-0.454407
-0.050659
-0.279541
0.267944
0.261230
-0.379028
0.665894
-0.383606
0.702515
0.018616
-0.433960
-0.334473
-0.288696
1.608887
-0.806885
1.481934
0.469360
0.778198
-0.567017
0.505981
0.845947
0.129089
-0.953979
0.178223
0.092163
-0.195923
0.697632
0.456848
0.343933
-0.353088
-0.410767
-0.739746
-0.363159
0.936890
0.366211
-1.291504
-0.178223
0.184937
-0.047913
0.371094
1.250000
-0.050659
-0.018311
0.478210
-0.096436
-1.831055
-0.550232
0.044556
0.837402
-0.551758
0.285645
-0.022583
-0.361938
0.266113
0.276489
-1.040649
0.650635
-0.478821
0.587769
-0.590820
0.475769
0.758057
-0.114136
-1.364746
-0.340881
-0.585327
0.629272
-0.537720
0.066833
0.528564
-1.210938
-0.657654
1.760254
1.584473
0.726318
-0.005798
-0.981445
0.468140
0.205688
0.158081
0.019531
1.086426
1.202393
1.024170
-1.016846
-1.591797
0.881958
1.464844
0.103149
1.324463
-1.274414
-0.153503
-0.169678
0.251465
-0.996094
0.025330
0.545349
0.691528
-0.364380
0.876465
0.571289
-0.362854
0.597534
1.481934
-0.689697
-1.018066
1.289063
0.289917
0.087280
-0.483398
-0.454712
-0.133972
0.267334
0.854492
-0.140076
-0.028076
-0.598145
0.214844
0.376282
0.458984
-0.369873
0.037842
-0.274353
0.534668
0.007324
-0.034180
-0.057983
-1.264648
-0.551147
-0.274963
0.879517
1.130371
0.229492
-1.525879
-0.876465
0.233154
1.232910
0.389404
1.643066
-0.111084
0.411377
-1.025391
-0.216064
0.186157
-1.082764
-0.472717
1.486816
-0.329590
0.266724
0.300598
0.008545
0.504761
1.019897
-1.052246
-0.779419
0.621338
0.520935
-1.420898
1.650391
-0.035400
-0.177307
-0.387573
-1.486816
1.346436
0.025635
-0.914307
0.339661
0.036621
-0.689697
0.263977
-0.008545
-1.007690
-0.038452
0.225525
0.508423
0.657043
-0.477295
-0.200806
-0.466919
-1.062012
-0.766602
-0.149536
0.866699
0.021973
0.076904
-0.861816
0.634155
0.181885
-0.366821
1.713867
0.140381
-0.571899
-0.113525
-0.049438
-0.630493
-0.527344
0.140991
-0.740356
0.674438
1.437988
-1.274414
0.500488
-0.195007
0.854492
0.261841
-0.639648
1.569824
0.097351
0.115051
-0.451355
-0.356750
0.005493
1.228027
1.147461
0.425720
-0.858765
-0.264893
0.540771
0.368347
0.688477
0.548096
0.257874
0.498047
-0.007935
0.320129
-0.615845
1.047363
0.960693
0.939941
-1.320801
0.211792
-0.988770
-0.543823
1.359863
0.224609
-0.210571
1.772461
-0.063782
0.667725
0.164185
1.223145
0.420837
-0.267639
0.064087
1.087646
-0.065308
0.249634
-1.411133
0.401611
-0.450439
-0.823975
-0.047302
0.637207
0.429688
-1.806641
-1.718750
-0.272522
-0.304565
-1.589355
0.686646
-0.068970
0.029602
0.487061
-0.166016
-0.039673
-0.439453
-0.054626
0.874023
-0.047607
-0.231323
0.742188
0.097961
-0.364380
-0.704956
-0.352783
-0.937500
0.027771
0.144043
-0.200195
0.883179
0.160217
-0.850830
-1.072998
1.943359
-0.895996
0.085754
-0.038452
-0.419312
0.097656
-0.485535
0.407715
-0.532837
-0.053711
0.291443
0.305176
0.250549
-0.719910
0.249329
-0.016785
-0.020752
0.581970
0.309448
-0.812378
-0.260620
0.006714
0.701294
0.595703
-0.670166
-0.639648
-1.031494
0.863647
0.913086
-0.418701
-0.381470
1.250000
-0.582886
-0.299072
-0.297241
0.906372
0.178528
-0.049438
-0.823975
0.595703
0.711670
0.546265
-0.530396
0.325928
0.021362
-0.584106
0.003662
0.924683
0.745239
-0.338745
-0.083618
0.948486
1.679688
1.140137
-0.232544
-0.800781
1.019287
1.066895
1.398926
-0.107422
-1.279297
0.755005
0.091553
-0.135803
0.914917
-0.667114
-1.403809
0.576782
0.135498
0.537720
-0.470276
-0.270996
0.914307
0.872192
-0.056152
-0.101318
-0.816650
0.723267
-0.148315
-0.046997
0.342102
-0.545044
0.747986
-0.300293
0.572510
2.080078
0.208130
-0.491028
1.045532
-0.709839
0.030518
0.111084
0.220032
-0.894775
0.430908
0.658569
-0.212097
-1.748047
-0.274048
-0.182495
-0.694580
-0.678101
-1.006470
0.347900
-0.892944
-1.545410
1.359863
0.373535
-0.195313
-0.690918
-1.030273
-0.537109
-0.451660
-0.417786
0.008545
-1.477051
-0.459290
-0.723267
0.607910
-0.242615
0.326843
-0.656128
-1.335449
0.104370
0.942383
0.034790
0.018616
0.722656
0.875854
0.695190
0.345154
2.246094
-0.654297
-0.840454
-0.113525
0.769043
-0.988159
2.216797
0.314331
0.368347
0.081177
-0.650635
-0.786743
0.675659
-0.179443
0.114746
0.179749
1.369629
0.320740
-2.363281
0.258484
0.345459
-0.603333
0.161743
0.828247
0.639648
0.313110
-0.022583
-0.736694
-0.018921
0.768433
0.520020
0.332947
0.103149
-0.598450
-0.404358
-0.235291
-0.737915
0.436707
1.542969
-0.065918
-0.545654
0.888062
-1.457520
0.229797
0.059814
0.269165
-0.988770
-0.408630
-0.249023
-0.278320
0.444336
0.220642
0.289307
0.758057
-0.964355
0.613403
0.016479
-0.175781
-0.649414
0.939941
0.700684
-0.563660
0.018921
0.665283
-0.051270
-0.385132
-0.413208
-0.587158
0.404663
-0.592651
0.894775
-0.729370
0.077515
-0.278015
1.173096
0.092773
0.067749
1.035156
-0.524292
2.031250
0.745850
-0.785522
-0.051880
-0.578003
0.075378
-0.771484
0.654907
-0.241699
0.842896
-0.184326
0.702515
-0.396118
-0.643311
0.013733
-0.867920
1.021729
0.165405
0.194397
-0.202026
0.903320
0.298462
-1.281738
-0.262451
0.402222
-0.388794
-0.000305
-0.140381
0.057068
0.767822
-0.534668
0.097656
-0.054932
1.005859
0.472717
0.463867
-0.187988
-1.182861
-0.104065
-1.099854
0.253296
-1.008911
-0.595093
-0.160828
-0.533447
0.633545
0.070190
0.926514
-0.112305
-0.603638
0.626831
0.277405
0.205383
1.281738
-0.400085
0.034790
-0.083313
0.616455
-0.921631
-0.098877
1.049805
0.927124
1.025391
0.135193
0.625000
0.892334
-0.059814
-0.258789
0.417175
0.114136
1.162109
0.299377
-0.745239
0.149536
-0.463867
-1.176758
-0.991821
0.746460
-0.009155
-0.191650
-0.285339
0.926514
-0.860596
-1.923828
-0.438843
-0.183105
-0.237732
-0.775146
-0.110168
1.250000
0.317688
-0.673828
0.507202
-0.444336
-0.381470
-0.087280
0.958252
1.445313
-1.430664
0.427551
0.101318
0.168152
-0.648804
1.640625
0.882568
0.036011
0.143433
-0.518188
-0.802612
-0.621338
-0.088501
-0.819092
-0.809937
1.206055
0.268555
0.837402
0.913696
0.515747
-0.384216
0.138550
0.646362
0.343628
0.574951
-0.243835
0.428467
0.472107
0.508423
-0.267334
0.270996
-0.772705
0.816040
-1.291504
0.294189
-0.261230
0.563660
-0.161743
-1.850586
-0.017395
0.703125
0.195618
0.204468
-0.159912
-1.041870
0.262146
-0.417175
-0.570068
1.075439
-0.137329
0.510864
0.218506
-0.589294
0.880737
-0.712891
-0.361633
-0.591125
0.012817
0.256958
0.826416
-0.056152
-1.545410
-0.617065
-0.136719
0.707397
-1.376953
0.219727
1.669922
0.045166
0.265503
0.261841
-0.873413
1.146240
0.923462
-0.535889
0.708008
0.654297
-0.244141
0.332031
-0.404358
-0.858154
-0.955811
-0.802002
0.210876
0.371094
-0.259705
0.898438
-0.292358
0.369568
0.636597
-0.335999
-0.842285
0.471802
0.466003
0.962524
-1.309814
0.228271
-0.678101
0.449219
0.501099
-0.803833
0.072632
0.011597
1.445313
-0.517578
-0.870972
0.773315
-0.105591
-0.075073
-0.873413
-0.043030
-0.418396
-1.694336
-1.306152
-0.076294
1.079102
0.308228
-0.523682
0.663452
-1.057129
0.939941
-0.537109
-0.403137
0.287476
0.122986
0.230103
1.042480
0.203247
-1.477051
-0.872803
0.845947
-0.413208
0.476074
-0.057983
0.289917
-0.018921
-0.994263
0.207520
-0.812378
-0.159912
-0.042114
-0.513306
0.236816
1.442871
-1.099243
-0.022278
0.752563
-0.688171
-1.071777
0.687256
0.951538
0.237427
0.371399
-1.171875
-0.137634
-0.725708
-0.416260
-1.151123
0.104980
0.290222
0.147705
1.017456
1.179199
-0.704346
0.890503
-0.250244
0.307617
0.750732
-0.618286
0.144958
-1.169434
0.852051
0.571289
-0.144653
-0.635376
-0.824585
0.440979
0.018005
-0.377808
0.448303
-1.085815
-0.534668
-0.407715
-0.599670
-0.302734
0.145874
0.592041
-0.925903
0.129089
-0.308228
-0.356445
-0.141602
0.190430
-0.856323
0.292358
0.357971
-0.270691
1.328125
-1.005859
-0.280762
0.758057
-0.197144
0.125427
-0.805664
-0.515442
-0.211792
-0.218506
0.093994
-0.521851
1.070557
1.904297
0.826416
-0.620728
0.216675
1.506348
0.491943
0.200195
-0.858765
-0.310974
-0.906982
-0.672913
-0.682373
-0.217590
-0.908813
0.169373
1.269531
-0.690918
-0.147705
-0.248413
-1.269531
1.168213
-1.285400
-1.342773
0.584717
0.062866
-0.008545
-0.690613
-0.592041
0.737915
-1.513672
0.963745
-0.083008
-1.113281
0.567017
-1.317139
0.427246
0.819092
0.054016
-0.375366
1.801758
-0.411072
-1.021729
-0.657043
0.237732
0.435791
0.319214
0.268860
-1.035156
0.712280
-0.411072
0.123901
-0.674438
0.645752
-0.297546
-0.554810
1.987305
0.912476
1.210938
1.127319
-0.654907
0.593262
-0.470886
-0.157471
0.418091
0.339355
0.212402
-0.106201
0.136108
0.222168
-0.559692
-0.712891
-0.037537
0.148315
-0.213013
0.916138
0.973511
-0.598145
-0.464172
1.218262
0.018921
1.691895
-0.569458
-0.324097
-0.018616
-0.192871
0.653381
-0.514526
-0.158081
-0.111084
0.835571
-0.584106
0.963135
1.104736
0.451660
-1.180420
-0.050354
-0.615845
0.900269
-0.275269
0.385742
0.791626
0.489807
-0.338440
-0.428162
0.267029
-0.631104
1.295166
1.235352
0.348511
-0.057983
0.358276
-0.989990
-0.279541
-0.696411
-0.336914
-0.018005
-0.915527
0.374146
0.924072
-0.254517
0.250244
0.016785
-1.076660
1.530762
-0.988770
0.048828
0.496826
1.137695
-0.314026
-0.479736
-0.715637
-0.719604
-0.940552
1.214600
-1.243896
-1.115723
-0.273438
0.739746
0.334473
0.352173
0.428467
-1.003418
0.900879
0.588989
-0.078125
-0.543823
0.623169
0.328674
0.928955
-1.209717
-0.622559
-0.589600
-0.433960
-0.012817
-0.404663
-1.276855
0.181580
0.848999
0.021362
-0.530396
-0.020142
-0.023804
0.825195
1.389160
0.711670
-0.369568
-0.726318
-0.212402
-1.300049
-0.621338
0.865479
-0.485229
-0.458374
0.878906
0.023804
0.486145
0.932617
-0.641479
0.549927
0.230103
-0.285034
-0.733643
0.913086
-0.588379
0.122070
0.413208
0.803833
0.468140
-0.590210
-0.379639
0.024414
-0.464478
-0.493774
0.941772
0.756226
1.142578
-0.589600
0.090637
0.535278
-0.922241
-0.222778
1.140137
-0.126953
0.474243
0.168762
0.513306
-0.858765
0.001526
0.156250
0.184937
0.515137
1.085205
-0.668945
-0.285645
-0.017700
0.348511
-0.158081
0.096130
-0.180054
0.062866
0.220032
0.042114
-0.755005
0.633545
0.365601
0.933228
0.634155
-1.331787
0.734253
0.120544
0.302124
0.170898
0.330505
0.063782
0.336914
0.153198
-0.274048
0.454712
-0.093384
1.337891
-1.718750
-0.012817
-0.166626
2.197266
-1.269531
1.297607
-0.659180
1.220703
0.503540
0.839233
1.126709
-0.247192
-0.543213
0.454407
-0.731201
-0.911255
-1.000977
-0.342712
-1.074829
-0.259094
-0.264587
-0.397339
0.318909
1.088867
-0.054321
1.218262
-0.440674
0.009460
0.414429
0.382690
0.325928
-0.290833
1.403809
-0.483398
-0.546265
-0.620117
0.382996
0.419617
-0.416870
0.744629
-1.018066
-0.768433
0.823975
-0.930786
0.188293
-0.887451
0.508423
0.559692
-0.856934
-0.836182
-0.208130
0.312500
0.920410
0.178833
0.584717
1.004639
-0.768433
-1.074219
0.310059
-1.064453
0.025330
0.934448
0.702515
0.469360
-0.769043
-1.318359
1.097412
-0.449219
0.654907
-0.547485
0.679321
1.801758
0.571899
1.657715
0.365601
-0.159912
-0.960693
1.322021
-0.754395
-1.136475
0.251160
-0.800171
0.278931
0.451660
0.885010
-0.816650
0.396729
-0.594788
-0.310364
1.394043
-0.282593
0.963135
0.101624
1.196289
0.134277
0.919800
-0.104675
0.000000
1.599121
0.094910
-1.276855
-1.080322
-0.410767
-0.059814
1.403809
-0.022583
0.117798
0.650635
-0.151672
-0.579224
-0.585327
-0.433960
0.021667
0.283203
0.644226
0.128784
-0.357361
0.570068
0.209351
-0.775757
0.009155
-0.124817
0.323486
1.146240
0.609741
0.471191
0.318298
1.552734
1.107178
-0.517578
-0.482788
-0.545349
-0.125732
-0.786743
-0.000916
-1.063232
1.171875
-0.372925
0.095215
-0.635376
0.153809
-0.754395
-0.428467
-0.126953
-0.306091
-0.744934
-0.014343
-0.325317
0.391235
0.870361
-0.870361
-0.953369
-0.342407
0.349121
0.831909
-0.415649
-1.134033
0.157166
-0.614319
-0.108032
-0.061340
-0.614624
0.690918
0.407715
-0.361328
0.358887
-0.032349
-0.860596
0.669250
0.314331
0.412598
0.397949
0.859375
-0.832520
0.024414
-1.112061
-0.906372
-0.427246
-0.548096
1.264648
0.184937
1.577148
0.323792
-1.036987
-0.352783
0.463257
-0.729980
-0.756226
0.351257
-1.087646
-0.333862
-0.297241
0.422058
-0.499268
-0.678101
1.113281
-0.271606
0.162048
0.464478
-0.170593
1.132813
-0.864258
-1.523438
-0.548706
-0.645142
-0.339966
-0.016174
-1.035156
0.905762
0.103760
-0.437927
-0.216064
-0.401917
-0.438232
0.105896
-0.244446
-0.366516
1.254883
1.282959
1.166992
-0.712585
-0.521240
-1.635742
2.119141
-0.378723
0.088501
-0.266113
-0.177307
0.133057
-1.170654
0.317993
-0.162354
-0.202637
1.730957
-0.273132
-0.916748
-0.100098
0.806274
-0.068970
0.546875
0.031433
0.503845
0.514526
0.515747
-0.659790
0.318604
0.032043
1.215820
0.148315
0.228271
-0.105591
0.801392
0.376587
-1.157227
-0.455322
0.632629
0.862427
-0.139771
-0.032349
-1.179199
0.992432
0.462036
-0.704651
-0.277100
0.492554
0.082397
0.103455
0.560303
-0.034485
-0.117798
0.308228
-0.556335
0.608521
0.832520
-1.516113
-0.432129
1.093750
-0.525513
0.054321
-0.397949
-0.163879
0.611572
0.998535
-1.130371
-1.153564
0.792847
-0.236206
0.737305
0.693665
0.251465
-1.094971
1.220703
0.942383
-1.099854
-0.916748
0.954590
-0.167847
0.214844
0.322876
-0.566711
1.296387
-0.860596
0.258484
0.472717
-0.252686
-1.188965
0.676880
-0.726318
0.530396
0.834961
0.355225
0.648804
0.220337
-0.001831
-0.220032
0.407715
0.807495
0.383301
-0.359192
0.269165
0.004272
1.503906
0.943604
0.775146
-0.551758
0.698547
0.442505
-0.863037
0.330200
-0.281982
-0.848999
-0.026550
0.125122
-0.631714
-1.047363
-0.043335
0.223389
0.584106
-0.648804
-0.852051
0.210266
-0.449524
-0.108643
0.155640
0.032654
-0.292358
-0.563660
-0.394897
-0.798950
0.013428
1.303711
0.147400
-1.494141
0.568848
-0.106201
-0.729370
1.704102
0.737305
0.353394
0.469666
0.957031
-0.887451
-0.323486
0.199585
0.234375
-0.207520
-0.225830
-0.709839
0.039673
0.333252
0.628967
-1.193848
0.920410
-0.476074
0.675659
0.043945
1.240234
-0.131226
-0.791626
0.215454
0.136108
0.014038
-0.723877
-1.572266
0.257263
-1.459961
0.211487
-0.240479
0.415039
0.121155
-1.550293
0.621948
1.474609
-1.302490
0.356750
0.032349
1.791992
-1.057129
0.049438
0.115051
-0.375366
-0.718384
-1.801758
-0.256348
-0.456543
0.360107
-0.664368
-0.501709
-1.674805
-0.776367
0.022278
-0.182495
1.523438
-0.290222
0.138550
0.791626
0.567322
0.888062
-0.067139
0.596924
0.263672
-1.691895
-0.299072
0.260620
-0.477905
0.441895
0.028076
0.510254
0.140991
0.271912
0.411072
0.024414
0.247803
0.001526
-0.493164
0.128784
-0.314636
-0.175781
-0.120544
-2.294922
0.900879
1.625977
0.034790
-0.524902
-0.029297
0.286865
-0.428772
0.704956
0.162354
-0.767822
0.700989
-0.225220
0.919189
-2.382813
-0.018921
0.393066
0.172729
-0.104675
2.128906
0.643616
-0.245972
-0.621948
0.615234
-0.639648
1.467285
-0.004578
-0.830078
-0.096436
0.818481
-1.674805
-0.991211
-0.202026
0.448608
0.103760
0.979614
0.534058
0.269470
0.000610
0.273438
0.454102
0.604248
0.172119
0.295105
0.078735
-0.483398
-0.310974
-0.758057
-0.300293
0.838623
0.094910
-0.532532
-0.006104
-0.117493
-0.065308
0.200806
0.673218
0.429688
-1.068115
0.480957
-2.080078
-0.716248
-0.380249
-0.037842
1.003418
0.390015
0.532837
0.933228
0.186768
0.115662
0.724487
-0.595093
-0.144043
0.187378
-0.590820
0.287170
0.675049
0.013123
-0.369263
-0.219727
-0.179443
1.041260
-0.373535
0.937500
0.555420
1.234131
0.073242
-0.757446
-0.326843
0.374756
-1.289063
-0.770874
-0.001221
0.618286
-1.190186
1.337891
-0.493774
0.224915
-0.018005
-0.348511
0.154724
0.329590
-0.853882
-0.244141
-0.685425
0.230713
-0.117798
-0.508423
-0.888672
1.239014
-1.359863
-1.027832
0.194702
-0.066833
-0.113525
0.686035
-1.026001
0.290527
0.117798
-0.211182
0.574341
-0.123596
0.940552
1.894531
0.894775
0.773315
0.633545
0.116882
0.896606
-0.511475
0.202332
0.756836
-0.037231
0.461121
0.626221
0.496826
-0.768433
-0.975342
0.013428
0.397644
-1.364746
0.108337
0.281677
-0.372925
0.529175
-0.278931
-0.754395
-0.127258
0.620728
-0.389404
-0.975342
0.219421
0.507813
0.645752
0.192261
0.693970
-1.051025
0.906372
1.223145
-0.114746
0.336304
0.296021
0.509033
-0.917358
-0.123901
-0.326843
1.091309
0.912476
0.671997
-0.355835
-0.407104
-0.396729
0.190430
-1.525879
0.340576
-0.777588
1.021729
0.375977
0.206604
-1.180420
-0.629272
0.086670
0.761719
-0.387268
1.418457
0.202942
-1.115723
1.171875
0.226440
-0.321045
-0.902100
-0.948486
0.431824
0.072632
0.104980
0.339966
-0.814209
-0.359497
-0.274658
0.075989
-0.115662
1.126709
-0.142822
0.979614
0.095825
-0.376587
1.535645
0.525208
0.112305
-1.168213
0.455017
0.117188
0.326538
-0.302734
0.831299
-1.094971
0.632324
0.596924
-0.003052
-0.064087
0.223083
-1.301270
-0.474854
0.490723
-0.986328
-0.230103
-0.498962
-0.094604
0.008545
-0.273438
1.171875
0.064087
0.486450
0.218506
0.653076
-0.919189
0.742798
-0.234985
-0.227661
1.201172
1.325684
0.170898
0.399780
0.231018
1.342773
0.178833
0.356750
-0.264282
0.042725
-0.238647
-0.367432
-0.081177
-0.233459
-1.577148
0.948486
-1.055908
-0.968628
-0.772095
-0.195313
0.651855
-0.346375
-0.117188
0.332642
0.258179
0.897827
0.770264
-0.003662
0.095825
-0.731812
0.266113
0.367432
0.042114
0.893555
-0.491943
-0.487061
0.770264
1.053467
-1.320801
1.586914
1.142578
-0.193481
-0.228882
-0.151978
-0.750427
0.116882
-0.755005
-0.877075
0.330200
0.636597
-0.383911
-0.049438
-0.756836
0.123291
0.494385
-0.254822
0.657959
-0.718384
-0.547485
-1.199951
0.980835
0.101929
-0.226135
-1.318359
0.036011
-0.983887
0.584106
-0.298767
0.185852
-0.188293
0.303955
0.328674
-0.470276
-0.105591
-0.803833
0.115967
-1.262207
-0.187988
-1.145020
-0.534058
0.877686
-0.108337
0.045166
-0.687256
0.484924
0.133057
-1.520996
-0.673218
0.253906
0.819092
-0.581970
0.184631
-0.320435
0.387878
-0.835571
0.968018
-0.258789
0.267334
0.455322
1.713867
0.303345
-1.606445
0.866699
0.261230
0.482178
0.224304
-0.693970
-0.140076
-0.336304
0.482178
-0.489502
1.093750
-0.188599
-0.494995
0.821533
-0.337524
0.049438
0.493774
-0.349121
0.742188
0.213318
-0.217285
-0.283508
-0.002136
0.564575
-0.340576
0.046997
1.118164
-0.335999
-1.352539
0.022583
-0.119324
-0.809326
-0.662231
-0.471802
0.712280
-1.379395
0.556641
0.213623
-0.325928
-0.565796
0.457153
-0.627136
-0.378113
-0.383301
0.123291
0.729370
-0.192261
0.107422
0.351563
1.459961
-0.139771
0.566406
-0.567017
-1.005249
-0.021973
-0.126038
-0.013428
-0.776978
0.577698
-0.431519
-1.840820
0.825195
-0.596619
-0.183105
-0.657959
-0.877686
0.994263
-1.236572
-0.310669
0.791016
0.023804
-0.574951
0.184326
-1.217041
-1.095581
0.767212
1.010132
0.531006
-0.496826
0.234375
0.292358
-0.421753
0.212402
-0.307922
-0.338745
0.460815
0.286255
-0.669556
-1.193848
-0.341797
0.335693
1.004639
0.863037
-1.635742
0.594482
-0.310059
-0.306091
0.190430
0.818481
0.083923
1.308594
0.954590
0.550537
0.106506
1.378174
-0.931396
-0.972900
0.028992
-1.402588
0.242004
-0.092163
-0.303650
0.233154
-0.294800
0.717163
0.336914
0.847778
-0.625000
-0.583496
-0.495605
1.660156
-0.521240
-0.287781
0.189819
0.388794
0.608521
0.877075
-0.288086
0.156555
-0.284424
1.212158
-0.116577
1.174316
-0.278931
0.931396
0.455322
-0.182495
0.234375
0.000610
0.396729
-2.285156
0.513916
0.047302
-0.473022
-0.502930
-1.403809
-0.595703
-0.966797
0.314941
0.836792
0.711670
0.041199
-0.631714
-1.379395
0.434265
0.117798
0.530396
-1.228027
0.492859
-0.499268
0.598755
0.991211
0.228577
-0.108948
0.635376
-0.576477
-0.243530
-0.703125
0.307312
-0.303345
0.285339
0.103760
1.042480
0.671997
-0.966797
-0.717773
0.557251
0.521851
-0.046387
-0.349121
0.021057
-0.533447
-0.019531
0.258789
-1.140137
0.266724
0.124512
-0.050964
-0.738220
0.136108
-1.369629
1.176758
-0.351563
0.112000
-0.487976
-0.090332
0.408020
0.375366
0.987549
-0.555725
-0.197754
0.475159
-0.808105
0.033569
0.696716
0.998535
-0.647888
-0.039063
0.204773
0.908813
-0.061951
0.204773
-0.551147
-1.235352
0.640869
0.384216
-0.084839
-0.340576
-0.481567
-0.078125
-0.102539
0.523071
0.363770
0.254822
0.271912
-0.565796
-0.934448
-1.520996
0.173340
0.748291
0.987549
1.048584
0.488586
-0.073853
-0.497131
0.554810
0.503540
0.826416
-1.121826
0.032654
0.709229
0.301819
-0.256958
0.233154
0.792847
1.481934
-0.571899
0.019226
-0.047302
-1.075439
-1.865234
-0.790405
0.413818
1.635742
-1.381836
-0.032959
-1.114502
-0.644531
0.300903
-0.811768
0.511475
0.603027
-0.777588
0.985718
-0.349121
-0.772095
-0.051880
0.673218
0.966187
0.467224
0.032349
-0.474854
0.387878
-0.077515
-0.906372
0.241089
-1.221924
0.845337
0.399780
0.112305
0.481567
0.648804
0.263062
-0.453491
-0.491638
-0.147705
-0.531616
1.413574
-0.121155
-1.103516
0.853882
0.557861
0.264282
-0.309753
-0.700073
0.069580
0.338745
-0.645752
-0.083008
-0.263672
1.024170
0.323486
-0.097046
0.220337
-0.177002
-1.065063
0.134277
-0.238342
-0.377197
0.574036
0.108643
-0.767212
0.663452
0.526733
-0.021667
0.487671
0.044556
0.335693
-0.520020
-0.075073
-1.501465
-0.287781
0.522156
-0.649414
-0.370483
-0.966797
-0.763550
0.442200
-0.878296
0.215759
0.992432
0.399170
0.015564
-0.178833
1.020508
-0.667725
-0.513000
1.594238
0.227051
0.933228
0.746460
-1.175537
-1.358643
0.028076
0.053711
0.047302
-0.845337
-1.574707
0.283203
-1.757813
-0.196533
-0.352173
-0.678711
0.348816
1.345215
0.166016
0.318604
-0.094910
-1.381836
0.750122
1.467285
-0.205078
-0.743408
1.538086
-0.648193
0.281982
1.420898
0.820313
0.574341
1.391602
0.351257
0.154724
-0.613403
-0.160522
0.814209
0.766602
0.958862
0.176086
-0.379028
-0.371399
0.682983
-0.612793
-0.693359
-0.446777
-0.601196
-0.271912
0.770264
-2.119141
-0.409546
0.432739
-0.407104
0.237427
0.150146
-0.418701
1.224365
-0.051880
1.352539
0.492249
0.932617
0.191040
0.865479
-0.894775
-0.111084
-0.338745
-2.021484
-0.925903
-0.604858
0.496216
0.540771
-0.689087
-0.286255
-1.645508
-0.581055
-0.307617
-0.220947
0.015869
-1.036377
-1.315918
-1.057129
-0.758667
-0.763550
0.081787
1.704102
0.747070
1.082764
0.438843
-0.621033
-0.166016
0.132446
0.273438
0.834351
0.471802
-0.188599
0.185242
0.450134
-0.514526
0.954590
0.479736
-0.067749
0.363770
0.580750
-1.193848
0.220947
-0.737305
-0.767822
0.056763
0.784302
-0.560608
0.680542
-1.007080
0.442505
-0.259094
0.930176
-0.554199
-1.757813
-1.286621
-0.286255
-0.160828
-0.172729
-0.068359
0.187378
-0.676880
-0.571289
-0.653687
0.726929
0.224609
-0.321045
-0.026245
-0.140991
-0.510864
-0.210571
1.555176
-0.386353
-0.688477
-1.109619
0.027466
-0.203247
0.634155
0.151367
0.783691
-0.426636
0.433655
0.515747
1.267090
0.349121
-0.711365
0.751953
-0.108643
0.177917
0.209351
-0.491333
0.725098
1.223145
0.209351
0.052490
0.862427
-0.296631
-0.205383
-0.009155
-1.496582
0.122070
0.379944
0.971069
-0.556641
0.441895
-0.391541
-0.105591
-0.520630
0.995483
0.036621
-0.937500
-1.169434
-0.811768
0.263672
-0.760498
1.752930
0.650940
-0.982666
0.041504
1.027832
0.120850
-0.755920
-0.326538
-1.105957
0.481567
0.610657
0.017700
-0.012207
-1.025391
-0.036621
0.595093
-1.311035
-0.474548
0.439453
0.583801
0.508423
-0.515137
-0.377808
-0.459595
2.197266
-0.427551
0.276184
-1.287842
-1.276855
0.501709
-0.744629
0.661621
0.465088
-0.258179
-0.089722
0.808716
-1.733398
-0.126953
-0.553589
0.324097
-0.339050
1.071777
0.641479
-0.542908
-1.738281
-0.477295
0.380859
0.035706
0.969849
-0.465698
-1.811523
-0.605469
0.924072
0.048523
0.285645
-0.447998
1.044922
0.339355
-0.446167
-0.780640
0.990601
0.117188
1.601563
-0.684204
-0.340576
0.708923
-0.057373
0.217896
0.466003
0.334473
1.077271
0.172119
0.617676
0.802612
0.651245
-0.223083
1.284180
0.614014
0.296021
-1.033936
-0.158081
0.229492
-1.706543
0.463562
0.057068
0.762939
0.848999
-0.371704
0.333862
1.003418
-0.549927
0.732422
0.175476
0.963135
0.118408
-0.091553
0.388794
0.324097
-0.122375
2.421875
-1.115723
-0.147095
-0.418701
1.036377
0.395813
-0.181274
0.061035
0.613403
-0.897217
-0.427856
-0.257568
0.291138
-0.534058
-0.069275
0.922852
-0.046997
-1.215820
0.802612
0.078735
-0.379333
0.399170
0.178223
-0.896606
0.623779
1.400146
1.442871
0.025024
0.137329
-0.554810
0.180054
0.225830
-0.223999
-0.289307
0.465088
0.071411
-1.047974
0.073853
0.455627
0.294189
0.738525
0.344543
0.820313
0.493774
-0.778809
1.151123
-1.201172
1.158447
0.294189
-0.118103
-0.498047
-0.223389
-0.752258
-0.452881
0.173950
0.591431
-0.339355
0.553589
0.439453
0.173035
1.381836
-0.897217
0.080566
0.721436
-0.584412
0.703125
-0.119629
0.059204
0.569458
1.513672
0.567627
-0.878906
-1.992188
0.493774
0.155334
-1.320801
-0.067139
-1.367188
0.180359
0.533447
-0.265808
-0.594788
0.787354
-1.574707
-0.328979
0.609741
-0.061340
0.083923
0.576782
0.173340
-1.090088
-0.508423
0.106812
1.263428
1.370850
-0.021362
-0.602112
0.234985
0.256653
0.989990
-0.673828
-0.294189
0.321045
0.305786
-1.437988
-0.267334
-0.406799
-0.894775
-0.187073
0.061646
-0.839844
0.486450
1.257324
-0.260315
-0.895386
-1.042480
0.395203
-0.925293
-0.234375
1.706543
0.295410
0.528564
0.245972
0.187378
-0.087280
1.479492
0.410767
-0.338440
0.065308
-0.637207
-0.881348
-1.909180
-1.218262
-0.422668
-0.635681
-0.093994
0.455322
-0.162964
-0.086060
0.059204
1.051025
0.566406
-0.778809
0.474854
1.674805
0.858154
0.108337
0.026855
1.063232
0.869141
-1.241455
0.205383
-0.297852
-0.108032
-0.026855
-0.531616
-0.819092
1.296387
-0.675659
1.160889
-0.460205
0.783691
0.987549
0.554810
0.565186
-0.287476
1.616211
0.860596
1.175537
-0.819092
-0.670776
-1.567383
0.791626
0.737915
0.814819
-0.025024
-1.132813
1.197510
0.199890
0.864868
1.021729
0.872803
-0.839233
0.292358
-0.109558
-0.289307
-0.062561
0.618896
-0.218506
-1.547852
0.635376
1.027222
-0.889893
-0.301514
0.421448
-0.897827
-0.809937
-0.601196
-0.323181
0.268250
-0.476074
-0.359192
0.960693
-0.421143
0.160522
0.641479
0.101624
1.243896
-0.635986
0.318909
-1.306152
-0.059204
-0.559692
0.236206
0.107117
0.729675
-0.310669
1.669922
-0.545349
0.065613
0.330200
-0.209961
-1.206055
0.087280
-0.039673
0.130920
1.221924
-0.086060
-1.660156
0.134888
-0.726318
-0.447083
0.072937
-0.874023
0.256348
-1.320801
-0.117188
-1.000977
-0.770264
-0.359192
-0.134583
-0.654297
-0.718384
1.046143
-0.035706
0.009766
-0.446777
0.092163
-0.640564
-0.216675
0.401001
1.491699
1.647949
0.541077
-0.066833
0.905762
0.237427
0.257874
-0.685425
0.021362
-0.023804
-0.838623
1.006470
0.491333
-0.368042
-1.645508
-0.108032
-0.505066
-0.150146
0.172119
-0.057373
1.865234
-0.389404
-0.147095
-0.955811
-0.140991
0.944214
0.623169
0.316162
0.054321
1.352539
0.154419
-0.357056
-0.325317
0.905151
-0.656738
0.432129
0.789185
-1.231689
0.107727
1.151123
0.097656
0.549316
0.054932
0.144043
0.131226
-0.550842
1.542969
0.359497
0.332031
0.942383
0.213623
-1.638184
-0.292358
-0.529175
-0.099487
0.255737
-0.633240
-0.706177
0.512085
-0.241699
-0.692749
0.352783
0.213013
-0.160522
0.658569
-0.311890
0.585327
-0.121460
-0.577698
-0.737305
0.787964
-0.849609
0.360718
0.339661
-0.156250
1.040039
-0.736694
-1.119385
-1.564941
0.265503
-0.981445
0.380859
-0.310059
0.050964
0.375977
-0.172119
0.278931
-1.455078
-0.235596
0.574341
0.261536
-0.932007
0.935059
0.683594
0.723877
-0.205994
-0.807495
0.582886
-0.233459
-0.356750
-1.079102
0.017700
-1.054688
1.304932
1.304932
0.422363
0.151978
1.049805
-0.590820
0.347290
0.562744
0.691528
0.580139
0.200806
-0.408936
0.114746
-0.174255
-0.058594
-0.550537
0.725708
-1.077271
0.056152
-0.606079
0.416260
0.709839
-0.428162
0.853271
-0.607910
-0.809937
-0.553589
0.162964
-0.473633
-0.455933
0.773926
0.947266
0.037537
0.065002
0.724487
0.079346
-0.119324
-0.410767
0.686646
0.346375
0.593262
0.338745
-0.864258
1.418457
0.108032
-1.363525
-0.202637
0.855713
0.556641
-0.379639
0.524902
0.419312
0.797729
-0.585327
0.193481
-0.001831
-1.474609
-0.177917
-0.476074
-0.701294
-1.525879
0.411987
-0.270996
-1.088867
0.047913
-0.471802
-0.424500
0.049744
-1.120605
-0.520630
-0.039978
0.019531
0.854492
0.122681
-0.541992
0.165405
-0.405884
-0.155640
-0.099487
0.027466
-0.533447
0.479126
0.909424
-0.355225
0.661621
0.086060
-1.102295
0.520020
0.104370
-0.001221
0.516968
0.732422
-0.604248
-0.444946
-0.269165
-0.246582
-0.015869
-1.445313
-0.073242
-0.351563
-1.235352
0.358276
-0.769043
-0.071411
1.188965
0.112915
0.649414
0.640869
-1.501465
-0.260315
-0.233765
0.237427
1.357422
0.463867
-0.936279
-0.478821
-0.205383
-0.875244
-0.328064
0.187683
-0.721436
-0.070801
-0.268555
-0.410461
-0.918579
-0.184021
0.120239
-0.732422
0.381470
0.952759
-0.936890
-0.076904
-0.744019
-0.304565
-0.188293
-0.289917
-1.026611
0.733643
0.084229
-0.074158
0.442505
0.311279
0.586548
1.058350
-1.385498
0.369263
0.311279
-0.858765
-1.247559
0.458984
-0.159912
0.602417
0.031128
-1.063232
0.261536
0.711670
-0.573730
0.388489
-0.810547
0.154419
-0.322266
0.269470
0.832520
-0.130005
0.446777
1.826172
-0.326538
0.099182
-0.032959
0.524292
-0.406799
-0.289612
0.708008
0.788574
0.769653
-0.292969
0.522461
-0.090942
-1.196289
-1.104736
-0.587769
-0.381470
0.484924
0.197754
0.224304
0.820313
0.685425
-0.338440
-1.796875
-0.523071
-1.169434
1.123047
0.119019
0.298157
-0.184937
0.068359
-0.234985
0.147095
0.038452
0.067749
-0.065918
-1.201172
0.474243
1.367188
-0.453796
-0.288086
-0.270996
0.023193
0.841064
-0.026855
-1.440430
-0.046997
0.510254
0.136108
-0.035400
0.413818
0.732422
-0.504150
-0.054932
-0.187988
0.454407
0.324707
-0.121460
0.460205
-0.959473
0.206909
0.385132
-0.703735
0.079651
-0.294800
-0.136719
-0.852661
0.917358
-0.184937
-0.778198
-0.500488
1.052246
-0.710449
-0.897217
-0.190430
-1.914063
0.021362
-0.094604
-1.083984
-0.005493
1.767578
0.355225
0.161438
0.986328
0.891113
-0.424194
-0.850220
-0.697632
0.461426
0.723267
-0.046997
-1.308594
0.820313
0.615845
-0.012207
2.138672
-0.398560
-0.289001
-0.151978
-0.547485
-0.579224
-1.138916
0.612793
-0.451050
0.379944
0.548706
-1.584473
-0.417175
-0.388794
-0.600281
-0.430298
-0.510864
-0.958252
0.148315
-0.160828
0.540466
0.962524
-1.176758
-0.346680
-1.105347
0.243530
0.732422
-0.109863
-0.209045
-1.560059
1.387939
-1.665039
-1.372070
0.031738
0.608521
0.878906
0.339966
0.108643
-1.469727
-0.651550
-1.184082
-1.123047
-0.463867
0.266724
-0.531311
-0.185547
-0.452576
-0.424805
-0.146484
-0.549316
-0.073853
-1.036377
-0.183105
0.224609
0.039978
-0.728455
0.611572
-1.235352
0.481567
1.262207
0.230103
-0.415039
-0.250244
-0.473633
-1.000977
-1.024780
-0.746460
0.484924
-0.651855
-1.103516
0.042725
0.318604
-0.977173
1.286621
0.773315
-0.439453
0.103760
0.201721
-0.202026
0.422974
1.005249
0.058594
-0.202637
-0.646973
-0.888672
-0.977783
-0.654297
-0.493164
-0.040588
-0.269775
0.457153
0.194397
-0.390625
0.487366
0.309448
-0.938110
-0.227051
-0.677185
0.327454
-0.860596
-0.292358
-0.341187
0.341187
-0.367432
0.573120
-1.016235
-0.836182
0.019836
-0.614624
0.889893
1.055298
0.236816
0.309448
-0.381775
0.470886
0.176392
1.027832
-0.915527
0.714111
0.412292
0.042419
0.614014
-0.180969
1.096191
-0.771484
-1.181641
-0.585938
2.001953
0.750732
-0.527954
-0.294800
0.161133
-0.365601
0.571289
-0.153809
0.427856
-0.031128
