0.082650
0.004929
0.007313
0.041530
0.080691
0.038154
-0.013213
-0.007820
-0.024547
-0.004673
-0.014826
-0.076344
-0.043815
-0.013077
-0.042680
-0.025626
-0.019282
-0.034967
-0.037627
-0.012017
-0.018698
-0.003092
-0.004543
0.024183
0.000721
-0.036323
-0.018832
-0.017126
-0.039605
-0.041776
-0.049268
-0.050810
-0.053768
-0.060850
-0.065479
-0.052968
-0.040454
-0.035901
-0.052786
-0.046169
-0.040812
-0.039180
-0.040288
-0.041232
-0.026667
-0.015682
-0.012973
0.014335
0.004344
-0.005336
0.000328
-0.005938
-0.008861
0.006650
0.013982
0.037477
0.049520
0.022203
0.017401
0.020069
0.016299
0.010571
0.000920
-0.010525
0.020585
0.031208
0.025420
0.024432
0.021060
0.028823
0.035685
0.018958
0.012282
0.000890
-0.001199
-0.003077
0.010356
0.023147
0.035001
0.029573
-0.001906
0.020380
0.014070
0.003475
-0.005221
-0.001067
0.000531
0.004845
-0.008902
-0.019653
-0.034683
-0.025392
-0.032977
-0.031604
-0.028242
-0.016016
-0.028799
-0.046638
-0.029879
-0.037058
-0.049902
-0.043824
-0.041813
-0.026424
-0.025277
-0.012829
-0.025597
-0.036952
-0.033105
-0.031858
-0.020370
-0.036211
-0.034200
-0.042729
-0.044803
-0.032851
-0.048010
-0.044306
-0.039883
-0.038508
-0.039981
-0.037546
-0.033317
-0.035393
-0.014593
-0.015633
-0.010211
-0.012684
-0.008959
-0.005508
-0.011171
0.002951
0.003427
0.010551
-0.004407
-0.005788
-0.013761
-0.017716
-0.026894
-0.018372
-0.003749
-0.007607
-0.004285
-0.003775
0.013688
0.016441
0.025153
0.028240
0.031116
0.038601
0.026054
0.024611
0.028093
0.025781
0.028106
0.033551
0.045467
0.049265
0.051519
0.044443
0.033357
0.019404
0.035282
0.035362
0.024690
0.027482
0.028763
0.033738
0.025366
0.033027
0.027526
0.044728
0.046520
0.045628
0.042735
0.034752
0.030568
0.033374
0.029955
0.042156
0.036598
0.041897
0.041882
0.041414
0.039831
0.035608
0.033098
0.021007
0.021601
0.024775
0.027494
0.020815
0.027773
0.030027
0.032792
0.026332
0.021754
0.020958
0.016886
0.009224
0.008289
0.019122
0.017105
0.014507
0.017677
0.016945
0.010142
0.010757
0.008077
0.004011
0.003034
-0.007743
-0.016959
-0.004059
-0.001766
-0.005335
-0.003059
0.001167
-0.003583
-0.010147
-0.011542
-0.019123
-0.017687
-0.020049
-0.013722
-0.006989
-0.011738
-0.014798
-0.010585
-0.011671
-0.006460
0.006122
0.003688
0.010678
0.019379
0.015812
0.015545
0.017392
0.026017
0.021571
0.015182
0.016897
0.015170
0.007835
0.013529
0.004020
0.004399
0.011054
0.019022
0.015784
0.012239
0.020008
0.015620
0.017931
0.015578
0.016073
0.020545
0.018524
0.021976
0.023943
0.018757
0.027855
0.034603
0.029282
0.025698
0.023565
0.022596
0.020588
0.023908
0.017282
0.026090
0.036068
0.029423
0.030711
0.044620
0.046959
0.051249
0.058956
0.053334
0.055178
0.057034
0.053124
0.051981
0.049202
0.053437
0.058372
0.063300
0.073109
0.063155
0.056541
0.057976
0.054282
0.060304
0.059966
0.065570
0.067336
0.064259
0.063876
0.065696
0.062856
0.068370
0.067915
0.068864
0.080097
0.074103
0.077102
0.087829
0.089181
0.088693
0.096892
0.092136
0.091123
0.091783
0.093127
0.092616
0.091447
0.091259
0.096277
0.099859
0.099913
0.107747
0.106273
0.109896
0.105584
0.101275
0.095459
0.094392
0.103672
0.110797
0.110986
0.104569
0.111975
0.114768
0.115929
0.105422
0.115269
0.120151
0.131966
0.127272
0.115863
0.120128
0.110797
0.114060
0.114188
0.107262
0.106084
0.107537
0.104727
0.102903
0.100305
0.100674
0.100463
0.103846
0.111015
0.107687
0.111173
0.103413
0.108864
0.109359
0.110448
0.112157
0.108950
0.108553
0.111829
0.110252
0.110075
0.106351
0.104180
0.104953
0.108646
0.098118
0.097505
0.093477
0.101442
0.110824
0.116015
0.112363
0.124367
0.115803
0.117687
0.114129
0.124687
0.110900
0.108801
0.108598
0.106865
0.110632
0.121022
0.119130
0.107123
0.106938
0.111551
0.117872
0.109523
0.102859
0.108074
0.095734
0.096235
0.094160
0.096389
0.099757
0.098391
0.093447
0.096187
0.090835
0.091858
0.104964
0.109020
0.109592
0.113035
0.114858
0.117067
0.122360
0.125050
0.131068
0.133426
0.142701
0.143647
0.148348
0.142489
0.157080
0.149661
0.154572
0.165007
0.158384
0.151446
0.145380
0.146071
0.140029
0.140413
0.148450
0.141690
0.146816
0.142541
0.136988
0.141342
0.137919
0.134596
0.133737
0.131768
0.125426
0.115391
0.114412
0.119984
0.122617
0.128172
0.134454
0.127158
0.125894
0.122575
0.118804
0.117114
0.120399
0.116949
0.117230
0.108121
0.110924
0.116230
0.116265
0.120665
0.123558
0.129198
0.134538
0.134550
0.130088
0.129231
0.125361
0.116114
0.112462
0.111108
0.117842
0.118941
0.116351
0.120881
0.122881
0.125351
0.124908
0.116376
0.108512
0.114508
0.113029
0.110791
0.112217
0.099259
0.103859
0.102497
0.109054
0.096205
0.098461
0.094030
0.098618
0.094357
0.093606
0.089219
0.089972
0.090444
0.086886
0.089920
0.091384
0.087162
0.097350
0.105140
0.101588
0.094471
0.098902
0.096262
0.102347
0.100618
0.107014
0.102629
0.097774
0.097563
0.107256
0.100787
0.108938
0.111613
0.104081
0.107553
0.106187
0.106222
0.107484
0.110218
0.104465
0.097099
0.102604
0.109366
0.101456
0.102073
0.096095
0.108559
0.113871
0.122486
0.115338
0.121502
0.125016
0.128656
0.126092
0.128475
0.133704
0.129809
0.121765
0.122671
0.115520
0.115180
0.112938
0.113820
0.117095
0.117817
0.113939
0.111803
0.107030
0.107945
0.105067
0.104446
0.101496
0.100738
0.100110
0.106066
0.107678
0.110075
0.103856
0.109944
0.106045
0.100306
0.102026
0.107953
0.108100
0.103956
0.101870
0.092735
0.094020
0.099987
0.101038
0.094311
0.087929
0.080559
0.078871
0.085820
0.091904
0.090602
0.096621
0.100559
0.097299
0.100036
0.099022
0.101601
0.099272
0.100020
0.099603
0.100501
0.102000
0.101412
0.105918
0.112950
0.114927
0.108209
0.102735
0.106822
0.108057
0.101257
0.101627
0.092428
0.100646
0.101327
0.095517
0.090866
0.091356
0.089748
0.085542
0.086979
0.088474
0.086938
0.090011
0.093986
0.100117
0.103527
0.103024
0.100437
0.098856
0.096244
0.093126
0.095397
0.089868
0.081822
0.086855
0.085087
0.088212
0.089991
0.087975
0.086254
0.088252
0.087727
0.096184
0.103857
0.107032
0.105675
0.108606
0.104847
0.105617
0.104428
0.100697
0.103008
0.105691
0.112289
0.112977
0.109183
0.105879
0.111393
0.113919
0.113405
0.110267
0.107436
0.107348
0.107761
0.113081
0.116235
0.119971
0.119428
0.113169
0.113134
0.107549
0.106540
0.103101
0.099293
0.105107
0.104086
0.102137
0.100436
0.104220
0.097061
0.092197
0.094476
0.098070
0.098867
0.094176
0.091716
0.093812
0.092970
0.092628
0.087906
0.091839
0.096246
0.103610
0.108014
0.108147
0.108496
0.110207
0.115634
0.112282
0.110941
0.109572
0.107545
0.105067
0.104582
0.101727
0.101289
0.110436
0.120978
0.120270
0.114609
0.121980
0.121944
0.114838
0.112919
0.105153
0.100314
0.102436
0.103810
0.110626
0.109254
0.111371
0.116977
0.106676
0.112042
0.113763
0.108639
0.110775
0.105068
0.108990
0.111419
0.109682
0.113558
0.100962
0.097386
0.101619
0.091159
0.090922
0.090474
0.091977
0.096200
0.086420
0.089573
0.086581
0.089869
0.092392
0.088486
0.086167
0.081644
0.084806
0.087913
0.094535
0.089995
0.083510
0.076287
0.080367
0.086360
0.087577
0.089044
0.081450
0.080546
0.079245
0.081954
0.082960
0.078782
0.078693
0.070999
0.069452
0.074986
0.070823
0.072290
0.074771
0.078334
0.075359
0.084836
0.085158
0.083707
0.090507
0.096024
0.095078
0.096676
0.096610
0.094870
0.091744
0.092527
0.089277
0.087210
0.085860
0.090979
0.091330
0.094298
0.094650
0.099545
0.098384
0.098873
0.100323
0.095256
0.097073
0.094853
0.097230
0.094954
0.090689
0.086855
0.089793
0.084535
0.081394
0.085450
0.083066
0.086377
0.088189
0.088400
0.086558
0.084833
0.080164
0.079455
0.078052
0.083352
0.083328
0.074308
0.073024
0.075689
0.073646
0.070889
0.073142
0.072089
0.077935
0.078961
0.081948
0.083058
0.085578
0.087638
0.082653
0.085918
0.081450
0.077176
0.075264
0.071020
0.069362
0.071138
0.068525
0.069491
0.070743
0.074882
0.071931
0.069911
0.070723
0.067030
0.071951
0.074086
0.077623
0.081907
0.080362
0.079300
0.081168
0.076308
0.070798
0.075874
0.076491
0.076951
0.079916
0.076923
0.078440
0.076301
0.075167
0.077757
0.082850
0.082984
0.080379
0.079330
0.079161
0.075426
0.075721
0.083354
0.082711
0.082886
0.082356
0.086544
0.085225
0.086254
0.082248
0.082176
0.080075
0.076250
0.077534
0.073786
0.074016
0.074671
0.072964
0.069295
0.072676
0.073902
0.076359
0.074628
0.077234
0.071894
0.075912
0.075870
0.073530
0.074735
0.073714
0.074570
0.078062
0.081024
0.080241
0.079654
0.079239
0.078032
0.077149
0.073848
0.071757
0.067473
0.071428
0.073047
0.071114
0.067082
0.069682
0.070803
0.078998
0.084627
0.085453
0.088782
0.085686
0.086586
0.085164
0.083678
0.081656
0.075339
0.075872
0.074975
0.070657
0.074014
0.072397
0.075623
0.071907
0.075311
0.077258
0.078202
0.082243
0.082690
0.081702
0.082724
0.083768
0.087621
0.087458
0.085234
0.088337
0.088225
0.087353
0.086395
0.093183
0.091624
0.089828
0.092022
0.092868
0.097456
0.099147
0.098950
0.100404
0.103441
0.099708
0.102741
0.107553
0.114758
0.114713
0.116262
0.114846
0.115326
0.119141
0.116998
0.121073
0.122812
0.118975
0.116736
0.122401
0.126761
0.126851
0.123036
0.123794
0.121529
0.121736
0.123227
0.127767
0.127378
0.125527
0.121945
0.121298
0.115536
0.115044
0.116876
0.114017
0.115406
0.114307
0.114937
0.112575
0.115710
0.111278
0.112092
0.111335
0.116444
0.122025
0.123530
0.125412
0.119123
0.114658
0.109750
0.106635
0.106202
0.098897
0.100781
0.091459
0.093861
0.098844
0.096137
0.098481
0.097133
0.096563
0.100269
0.104138
0.101165
0.099650
0.095651
0.099109
0.098134
0.098168
0.097519
0.101804
0.099076
0.095354
0.093246
0.096822
0.102094
0.093797
0.097654
0.089321
0.090296
0.086392
0.078358
0.083475
0.087567
0.085265
0.081329
0.080960
0.077981
0.078801
0.079741
0.077572
0.077112
0.079621
0.080788
0.086143
0.084125
0.082686
0.084020
0.087735
0.083018
0.084484
0.087383
0.091180
0.086638
0.087998
0.084591
0.089009
0.082321
0.083523
0.087939
0.084823
0.081539
0.075535
0.068633
0.064373
0.067457
0.065380
0.069615
0.071958
0.077096
0.074998
0.074707
0.076918
0.075236
0.076136
0.076203
0.077161
0.077233
0.078221
0.078055
0.077790
0.077951
0.076061
0.077764
0.073154
0.074890
0.084856
0.081809
0.084024
0.081949
0.077967
0.074284
0.071018
0.066824
0.063969
0.067555
0.073170
0.062743
0.064004
0.061884
0.061312
0.059302
0.053689
0.056388
0.056356
0.061049
0.059142
0.056929
0.060624
0.060818
0.058195
0.055269
0.054520
0.057749
0.055590
0.055809
0.056641
0.055162
0.053069
0.049930
0.048074
0.045279
0.042330
0.035759
0.033896
0.039782
0.037059
0.035833
0.034844
0.033281
0.034007
0.025050
0.027179
0.030880
0.027999
0.030592
0.032492
0.032432
0.028565
0.027888
0.028108
0.027684
0.027131
0.026677
0.025582
0.026134
0.024859
0.024128
0.023259
0.020257
0.020660
0.018235
0.018075
0.016544
0.010439
0.008619
0.004463
0.002043
-0.002209
-0.002558
-0.005287
-0.006495
-0.011124
-0.013906
-0.020961
-0.015913
-0.014919
-0.017022
-0.018182
-0.021185
-0.022096
-0.021953
-0.022064
-0.021116
-0.023099
-0.024783
-0.020179
-0.019617
-0.022683
-0.024624
-0.029443
-0.032673
-0.033012
-0.030363
-0.027472
-0.029761
-0.031169
-0.027599
-0.029247
-0.031755
-0.035051
-0.036082
-0.036868
-0.036753
-0.036109
-0.038742
-0.038697
-0.037612
-0.040504
-0.044992
-0.047016
-0.044599
-0.046353
-0.047598
-0.045887
-0.043648
-0.045029
-0.047439
-0.045343
-0.039795
-0.042179
-0.043338
-0.042214
-0.040402
-0.041009
-0.037927
-0.040983
-0.039953
-0.042124
-0.041801
-0.041453
-0.041587
-0.044271
-0.045339
-0.041115
-0.045464
-0.041508
-0.035855
-0.032398
-0.034472
-0.036736
-0.036087
-0.032753
-0.028987
-0.027399
-0.029334
-0.027550
-0.028258
-0.029910
-0.029436
-0.027824
-0.023329
-0.027606
-0.026581
-0.029958
-0.026997
-0.026444
-0.023889
-0.025074
-0.025547
-0.020306
-0.020243
-0.019463
-0.022440
-0.025031
-0.023802
-0.024548
-0.026637
-0.031647
-0.027064
-0.027432
-0.028448
-0.029065
-0.029543
-0.036341
-0.035421
-0.032690
-0.033336
-0.032854
-0.030937
-0.025975
-0.022869
-0.022853
-0.027827
-0.027957
-0.026094
-0.020607
-0.021400
-0.018562
-0.019302
-0.011606
-0.014403
-0.014849
-0.018356
-0.017057
-0.020975
-0.019186
-0.021172
-0.018837
-0.015368
-0.017419
-0.016477
-0.013412
-0.019127
-0.019852
-0.021701
-0.022195
-0.022561
-0.022717
-0.026716
-0.026272
-0.018816
-0.015780
-0.018819
-0.018838
-0.017289
-0.017479
-0.021899
-0.019192
-0.020433
-0.018357
-0.013439
-0.015852
-0.015164
-0.015324
-0.017390
-0.019296
-0.017804
-0.017923
-0.021270
-0.022251
-0.021302
-0.022499
-0.022189
-0.021880
-0.017947
-0.017726
-0.015318
-0.016096
-0.013248
-0.014659
-0.017758
-0.019626
-0.022169
-0.023777
-0.024119
-0.022789
-0.024339
-0.026595
-0.027790
-0.027443
-0.026659
-0.024637
-0.025378
-0.026358
-0.024889
-0.025806
-0.026769
-0.025077
-0.025080
-0.027054
-0.030263
-0.030671
-0.029748
-0.028572
-0.030070
-0.027361
-0.023413
-0.020948
-0.024246
-0.021237
-0.021274
-0.025468
-0.027504
-0.028321
-0.028082
-0.029869
-0.028980
-0.027463
-0.028367
-0.027761
-0.029713
-0.026293
-0.032281
-0.032391
-0.032193
-0.032507
-0.037077
-0.035097
-0.037957
-0.039106
-0.042273
-0.038002
-0.037955
-0.038473
-0.039901
-0.038926
-0.039503
-0.039417
-0.044681
-0.044714
-0.043420
-0.043690
-0.040132
-0.040946
-0.039669
-0.039856
-0.044006
-0.045516
-0.045433
-0.043918
-0.043439
-0.046151
-0.046888
-0.047573
-0.049662
-0.051177
-0.047071
-0.048353
-0.049620
-0.050067
-0.049486
-0.049822
-0.049033
-0.047534
-0.048429
-0.046905
-0.049057
-0.046678
-0.045183
-0.040403
-0.042060
-0.044448
-0.044744
-0.047000
-0.047854
-0.045527
-0.047946
-0.051443
-0.051699
-0.052107
-0.054947
-0.056265
-0.057031
-0.058765
-0.059696
-0.057972
-0.058421
-0.056146
-0.057149
-0.053685
-0.056269
-0.056356
-0.058215
-0.058864
-0.057623
-0.057773
-0.057696
-0.060815
-0.061679
-0.060397
-0.063028
-0.060816
-0.065469
-0.064362
-0.064535
-0.065174
-0.064564
-0.068335
-0.069841
-0.073598
-0.074808
-0.072845
-0.074014
-0.074008
-0.074016
-0.071408
-0.072958
-0.074300
-0.071562
-0.068464
-0.067412
-0.066896
-0.063821
-0.061607
-0.059515
-0.059815
-0.062352
-0.059246
-0.062203
-0.054713
-0.056200
-0.058803
-0.060622
-0.061642
-0.060756
-0.061901
-0.064260
-0.064748
-0.064628
-0.062333
-0.059585
-0.057972
-0.060035
-0.058498
-0.057569
-0.056409
-0.053896
-0.053774
-0.051784
-0.051713
-0.055056
-0.054477
-0.051100
-0.052859
-0.057954
-0.059632
-0.061113
-0.061152
-0.061896
-0.061004
-0.060544
-0.062753
-0.062048
-0.060719
-0.063902
-0.067248
-0.066594
-0.064732
-0.062966
-0.064484
-0.063826
-0.063296
-0.065419
-0.066653
-0.061891
-0.065821
-0.064207
-0.065529
-0.066958
-0.065960
-0.064907
-0.064778
-0.062611
-0.060855
-0.062661
-0.062217
-0.065372
-0.064957
-0.066305
-0.070224
-0.071680
-0.073297
-0.071586
-0.072274
-0.075032
-0.077552
-0.077353
-0.075087
-0.076409
-0.072601
-0.071871
-0.068046
-0.070043
-0.075062
-0.072142
-0.071805
-0.073910
-0.069351
-0.066517
-0.065509
-0.065077
-0.065635
-0.069750
-0.069599
-0.067497
-0.064178
-0.064891
-0.064160
-0.067413
-0.067553
-0.068001
-0.066602
-0.067301
-0.064515
-0.060795
-0.057512
-0.057674
-0.057874
-0.056567
-0.054781
-0.052817
-0.049078
-0.049739
-0.051208
-0.051801
-0.049739
-0.050283
-0.045929
-0.048019
-0.047135
-0.050923
-0.050009
-0.050318
-0.053372
-0.050617
-0.050325
-0.046506
-0.048456
-0.045136
-0.044353
-0.047098
-0.048865
-0.046516
-0.048624
-0.047019
-0.045177
-0.047837
-0.047920
-0.049992
-0.048780
-0.046663
-0.045434
-0.041661
-0.040292
-0.041075
-0.041680
-0.041018
-0.040043
-0.042233
-0.043922
-0.043599
-0.045856
-0.045890
-0.044155
-0.044440
-0.045379
-0.045705
-0.044425
-0.041290
-0.037908
-0.040042
-0.036590
-0.036540
-0.037022
-0.039128
-0.041230
-0.041684
-0.043821
-0.045793
-0.044729
-0.041787
-0.040653
-0.038204
-0.038977
-0.040448
-0.041539
-0.040932
-0.040741
-0.037671
-0.038570
-0.037081
-0.036131
-0.037052
-0.037887
-0.036082
-0.034090
-0.034783
-0.033704
-0.033939
-0.032536
-0.033129
-0.030119
-0.028266
-0.027828
-0.028481
-0.031215
-0.034665
-0.034467
-0.033272
-0.034486
-0.032896
-0.032315
-0.035450
-0.033237
-0.030847
-0.029769
-0.031045
-0.030646
-0.030273
-0.033711
-0.028521
-0.027435
-0.026622
-0.028639
-0.026779
-0.029617
-0.029790
-0.030552
-0.031225
-0.032334
-0.032366
-0.034201
-0.035959
-0.036488
-0.037526
-0.042837
-0.044649
-0.046855
-0.047682
-0.046185
-0.050393
-0.047493
-0.051772
-0.053769
-0.051586
-0.049777
-0.047880
-0.049166
-0.049144
-0.050522
-0.051144
-0.052520
-0.051863
-0.051183
-0.053642
-0.052582
-0.051243
-0.047563
-0.049850
-0.050264
-0.050556
-0.051451
-0.051404
-0.050198
-0.054473
-0.053418
-0.053135
-0.052739
-0.053010
-0.054232
-0.054059
-0.054280
-0.052657
-0.054156
-0.054278
-0.054955
-0.054288
-0.057397
-0.055788
-0.055042
-0.052471
-0.053387
-0.051926
-0.049332
-0.047995
-0.044575
-0.043197
-0.043005
-0.043999
-0.044750
-0.045972
-0.048061
-0.047994
-0.047924
-0.047760
-0.045396
-0.047738
-0.045171
-0.043328
-0.046895
-0.048700
-0.048219
-0.049912
-0.053348
-0.052753
-0.055138
-0.053403
-0.051609
-0.050213
-0.049751
-0.050297
-0.050046
-0.050896
-0.051687
-0.055526
-0.054852
-0.050684
-0.049756
-0.053810
-0.055555
-0.058375
-0.059246
-0.055341
-0.053326
-0.049132
-0.049093
-0.046220
-0.044068
-0.041915
-0.041457
-0.040526
-0.041375
-0.043460
-0.046313
-0.044189
-0.043190
-0.041965
-0.043293
-0.040247
-0.035654
-0.039872
-0.038460
-0.038171
-0.037569
-0.040079
-0.041322
-0.039676
-0.038410
-0.036374
-0.031623
-0.032071
-0.031899
-0.033129
-0.033092
-0.031214
-0.032546
-0.032586
-0.035936
-0.037312
-0.039086
-0.037667
-0.035326
-0.033999
-0.033223
-0.034291
-0.036267
-0.036753
-0.035914
-0.038186
-0.035889
-0.038760
-0.035598
-0.033553
-0.034930
-0.036436
-0.038030
-0.038173
-0.037721
-0.034555
-0.032833
-0.031651
-0.034031
-0.036205
-0.037326
-0.033252
-0.032315
-0.029359
-0.030325
-0.028458
-0.027000
-0.024045
-0.024604
-0.029735
-0.028988
-0.029045
-0.030121
-0.028068
-0.028710
-0.026669
-0.024503
-0.023823
-0.025142
-0.026790
-0.028403
-0.027061
-0.024172
-0.025556
-0.024523
-0.024573
-0.024107
-0.026434
-0.025788
-0.025558
-0.022530
-0.019729
-0.020023
-0.020753
-0.020102
-0.020357
-0.024677
-0.023779
-0.022229
-0.019248
-0.020819
-0.019367
-0.022478
-0.022179
-0.020545
-0.019153
-0.019482
-0.017659
-0.020216
-0.022100
-0.020989
-0.024189
-0.023880
-0.022574
-0.020992
-0.020827
-0.017101
-0.013660
-0.011426
-0.009766
-0.012350
-0.012445
-0.011701
-0.010312
-0.011282
-0.011259
-0.013743
-0.014268
-0.017496
-0.014424
-0.014630
-0.017276
-0.018101
-0.018005
-0.016901
-0.013812
-0.012630
-0.013360
-0.016437
-0.022406
-0.022559
-0.023376
-0.021982
-0.024032
-0.021118
-0.020777
-0.016801
-0.015483
-0.016358
-0.017166
-0.015279
-0.014329
-0.017969
-0.015332
-0.013666
-0.012798
-0.011311
-0.013586
-0.015025
-0.011134
-0.012075
-0.013354
-0.014968
-0.014700
-0.011682
-0.015218
-0.018433
-0.020225
-0.024083
-0.019501
-0.020606
-0.023486
-0.024745
-0.024349
-0.021590
-0.019664
-0.020584
-0.021462
-0.020005
-0.016747
-0.021093
-0.024611
-0.024891
-0.023338
-0.025415
-0.024807
-0.020609
-0.019759
-0.022096
-0.023969
-0.023364
-0.024104
-0.019959
-0.020144
-0.020347
-0.021269
-0.021787
-0.024586
-0.026906
-0.029706
-0.026929
-0.027832
-0.027286
-0.027244
-0.025971
-0.023597
-0.021730
-0.021601
-0.028362
-0.028531
-0.031418
-0.033373
-0.034374
-0.034641
-0.035882
-0.037725
-0.037330
-0.036811
-0.038944
-0.035913
-0.036465
-0.037344
-0.038774
-0.036983
-0.033973
-0.036773
-0.034205
-0.034769
-0.038333
-0.037101
-0.039016
-0.038144
-0.036992
-0.036391
-0.035646
-0.038504
-0.036879
-0.038539
-0.038521
-0.040876
-0.038963
-0.038289
-0.038234
-0.038141
-0.036846
-0.035957
-0.036841
-0.037042
-0.034425
-0.033966
-0.032647
-0.032126
-0.031820
-0.033106
-0.033126
-0.028581
-0.025677
-0.027174
-0.023719
-0.025415
-0.027199
-0.025783
-0.023392
-0.024566
-0.024333
-0.026814
-0.026173
-0.028464
-0.027786
-0.029068
-0.026481
-0.028095
-0.029114
-0.028382
-0.026559
-0.024144
-0.023824
-0.021443
-0.019633
-0.019046
-0.021871
-0.023126
-0.027156
-0.028783
-0.028728
-0.028220
-0.024482
-0.024125
-0.029212
-0.026709
-0.025928
-0.025596
-0.025088
-0.023471
-0.020250
-0.016075
-0.014392
-0.013193
-0.010722
-0.007378
-0.009004
-0.011291
-0.012038
-0.013341
-0.010054
-0.008948
-0.011816
-0.011883
-0.019382
-0.017610
-0.016582
-0.016713
-0.012784
-0.010699
-0.012579
-0.012861
-0.010207
-0.012029
-0.010688
-0.013803
-0.014774
-0.017962
-0.019847
-0.022185
-0.020790
-0.022840
-0.022688
-0.022444
-0.022769
-0.021450
-0.019467
-0.016692
-0.015709
-0.011867
-0.010091
-0.010891
-0.012385
-0.007826
-0.006114
-0.007348
-0.005907
-0.003576
-0.002429
-0.000868
0.000941
0.003748
0.003013
-0.000083
-0.004134
-0.003387
-0.000519
-0.000634
-0.001916
-0.004184
-0.003302
-0.005124
-0.008053
-0.011754
-0.010419
-0.010819
-0.009275
-0.006408
-0.005364
-0.005297
-0.005449
-0.009349
-0.006447
-0.006585
-0.002200
-0.002741
-0.002781
-0.000110
0.001582
-0.000474
-0.002060
0.000129
-0.001158
-0.001965
-0.005378
-0.002101
0.000311
0.001603
0.003647
0.003981
0.005929
0.006915
0.006644
0.009418
0.006067
0.006555
0.003030
0.002441
0.002979
0.006326
0.003298
0.004931
0.007502
0.011073
0.014953
0.016989
0.017350
0.018184
0.018585
0.022418
0.023528
0.021389
0.026111
0.024455
0.023101
0.025829
0.028940
0.030513
0.029570
0.030700
0.032028
0.033725
0.032847
0.030339
0.028501
0.027741
0.028130
0.029553
0.028141
0.028075
0.034837
0.032362
0.032360
0.037300
0.038808
0.039772
0.038312
0.037511
0.041837
0.040103
0.041830
0.040753
0.040042
0.039516
0.034754
0.036832
0.037641
0.037837
0.034873
0.038214
0.036056
0.039763
0.037555
0.038542
0.036757
0.035128
0.032111
0.036552
0.035852
0.037843
0.037524
0.038034
0.037577
0.038391
0.037756
0.035871
0.031487
0.029298
0.025881
0.024906
0.024905
0.022263
0.023079
0.022554
0.017696
0.019776
0.017235
0.016389
0.020278
0.016735
0.018392
0.016887
0.016157
0.019349
0.017086
0.018955
0.019549
0.022249
0.020382
0.017452
0.014766
0.014548
0.011121
0.009680
0.011712
0.013115
0.014618
0.014114
0.013985
0.011176
0.016330
0.013314
0.010895
0.009609
0.008137
0.006526
0.007347
0.006145
0.010009
0.009279
0.009321
0.011913
0.015382
0.016431
0.016683
0.015935
0.016467
0.016654
0.017278
0.014866
0.015171
0.012792
0.009891
0.010547
0.010271
0.008001
0.009188
0.007867
0.009394
0.009373
0.008287
0.008531
0.010309
0.009285
0.008793
0.007915
0.011936
0.012082
0.003977
0.003755
0.003842
0.003859
0.004249
0.001975
0.001462
0.002820
0.003318
0.004601
0.008421
0.007692
0.010199
0.014038
0.010387
0.014028
0.016194
0.014396
0.015628
0.016590
0.017979
0.017666
0.016943
0.014615
0.014478
0.014774
0.014730
0.013930
0.013383
0.015972
0.018685
0.014619
0.013946
0.016432
0.014022
0.013289
0.010026
0.009754
0.012012
0.014747
0.013409
0.012509
0.011825
0.012463
0.010426
0.010592
0.013798
0.014764
0.014618
0.016531
0.015954
0.017499
0.014105
0.017143
0.018573
0.015386
0.019540
0.020382
0.019388
0.017905
0.019894
0.020261
0.024599
0.026885
0.027042
0.027202
0.027441
0.024560
0.023027
0.022783
0.020728
0.021517
0.020150
0.018575
0.021490
0.017833
0.017156
0.015075
0.015747
0.018022
0.014306
0.015258
0.015571
0.019871
0.019580
0.020132
0.021968
0.025036
0.023505
0.023901
0.022687
0.022253
0.024795
0.025883
0.025437
0.024672
0.022848
0.023746
0.023083
0.021554
0.019550
0.020116
0.024003
0.026443
0.030095
0.028545
0.031716
0.031465
0.030339
0.026701
0.026542
0.028498
0.027154
0.029903
0.028484
0.030476
0.028116
0.027126
0.026555
0.022177
0.022479
0.022305
0.022104
0.017810
0.022647
0.024699
0.025364
0.027750
0.029900
0.030878
0.033319
0.033354
0.030853
0.031821
0.030934
0.028696
0.026968
0.030407
0.026323
0.025387
0.026886
0.025489
0.022914
0.024317
0.025199
0.023347
0.026464
0.027811
0.027349
0.029888
0.029952
0.026495
0.025651
0.025232
0.026171
0.027641
0.028405
0.027671
0.028198
0.027991
0.025103
0.026615
0.028165
0.026914
0.023679
0.024185
0.023446
0.027882
0.028684
0.030798
0.033112
0.031336
0.030596
0.028930
0.025853
0.024540
0.023859
0.022831
0.019885
0.018371
0.019438
0.018317
0.017578
0.019588
0.016831
0.018297
0.018078
0.020014
0.015872
0.015703
0.016563
0.015825
0.016028
0.016560
0.017612
0.017881
0.017321
0.020184
0.019836
0.015959
0.019055
0.020614
0.020777
0.017599
0.016069
0.013894
0.012672
0.012382
0.010552
0.008391
0.008198
0.009693
0.010631
0.010968
0.011786
0.010447
0.007647
0.009436
0.010191
0.009420
0.012573
0.012490
0.014712
0.015304
0.013200
0.013216
0.012124
0.010975
0.007078
0.006313
0.005524
0.008724
0.008929
0.008009
0.007180
0.008447
0.008614
0.008215
0.009304
0.008436
0.004172
0.002758
0.002636
0.000618
0.000630
0.001465
0.001043
0.000210
-0.002709
-0.005595
-0.006808
-0.005461
-0.007077
-0.003278
-0.003950
-0.004789
-0.004412
-0.002621
-0.003686
-0.005487
-0.008694
-0.005874
-0.008375
-0.009145
-0.009766
-0.011053
-0.006997
-0.009804
-0.009933
-0.011615
-0.012396
-0.013085
-0.013685
-0.013666
-0.016280
-0.015394
-0.016866
-0.017451
-0.017242
-0.016554
-0.016699
-0.015613
-0.017576
-0.021714
-0.021201
-0.019125
-0.021736
-0.025090
-0.022391
-0.022773
-0.021856
-0.020264
-0.020304
-0.021259
-0.019502
-0.021463
-0.022365
-0.018807
-0.016929
-0.017734
-0.020165
-0.017486
-0.019580
-0.021192
-0.018594
-0.020183
-0.019729
-0.021054
-0.018573
-0.021343
-0.020199
-0.021799
-0.023117
-0.023645
-0.025170
-0.025030
-0.026326
-0.025844
-0.022433
-0.019727
-0.022482
-0.020936
-0.017910
-0.015062
-0.015518
-0.015466
-0.017636
-0.018703
-0.019727
-0.020084
-0.021889
-0.018628
-0.019490
-0.020376
-0.021867
-0.024640
-0.024520
-0.023394
-0.027322
-0.028094
-0.027924
-0.027922
-0.028720
-0.029157
-0.029984
-0.029774
-0.033469
-0.033496
-0.032017
-0.034511
-0.033395
-0.034630
-0.032549
-0.032092
-0.031677
-0.031535
-0.029967
-0.031325
-0.030939
-0.030452
-0.030960
-0.031229
-0.027852
-0.024863
-0.028611
-0.031003
-0.031767
-0.030256
-0.027808
-0.029378
-0.028824
-0.028863
-0.028152
-0.028432
-0.030458
-0.029747
-0.031288
-0.033937
-0.034196
-0.035922
-0.036665
-0.035407
-0.034737
-0.035892
-0.034767
-0.035228
-0.032273
-0.030292
-0.028906
-0.031099
-0.033534
-0.032012
-0.030674
-0.032879
-0.033162
-0.035653
-0.035399
-0.040263
-0.038223
-0.039461
-0.038486
-0.039444
-0.038406
-0.041091
-0.040609
-0.042270
-0.042517
-0.044215
-0.043726
-0.042551
-0.040737
-0.040810
-0.042271
-0.042562
-0.040771
-0.040038
-0.039845
-0.041780
-0.041374
-0.041239
-0.040687
-0.039068
-0.040067
-0.038657
-0.038354
-0.037926
-0.037445
-0.034969
-0.035934
-0.036688
-0.035117
-0.035123
-0.034706
-0.034265
-0.033741
-0.033753
-0.033717
-0.033586
-0.036042
-0.037523
-0.038804
-0.040517
-0.043497
-0.043870
-0.043487
-0.044853
-0.042677
-0.042888
-0.042338
-0.042498
-0.040800
-0.040283
-0.038739
-0.039559
-0.041896
-0.041568
-0.040160
-0.040057
-0.042747
-0.042534
-0.042072
-0.042038
-0.041331
-0.041927
-0.039981
-0.040042
-0.038036
-0.034536
-0.035291
-0.036458
-0.034338
-0.035716
-0.035049
-0.034365
-0.035642
-0.038297
-0.039947
-0.039850
-0.038533
-0.036910
-0.035736
-0.036287
-0.037613
-0.038232
-0.038194
-0.037510
-0.036831
-0.036431
-0.037200
-0.037042
-0.039626
-0.038843
-0.038496
-0.038854
-0.037919
-0.037317
-0.034826
-0.035491
-0.035494
-0.034404
-0.035070
-0.036850
-0.035954
-0.033404
-0.031758
-0.031080
-0.030265
-0.028162
-0.029593
-0.028302
-0.030894
-0.032362
-0.033098
-0.028577
-0.027108
-0.028794
-0.029176
-0.026134
-0.025528
-0.028466
-0.030225
-0.032384
-0.032404
-0.031315
-0.031199
-0.032673
-0.030572
-0.029089
-0.030130
-0.033055
-0.032577
-0.033153
-0.035043
-0.036631
-0.034714
-0.035789
-0.034249
-0.032229
-0.032995
-0.034363
-0.035431
-0.032338
-0.032500
-0.030787
-0.028743
-0.028502
-0.028018
-0.029290
-0.029376
-0.029269
-0.028025
-0.029215
-0.028408
-0.027821
-0.026944
-0.023534
-0.021849
-0.023308
-0.025164
-0.020876
-0.021906
-0.022197
-0.022023
-0.018355
-0.018366
-0.020382
-0.021468
-0.024503
-0.027124
-0.024088
-0.023488
-0.024393
-0.024478
-0.025558
-0.024308
-0.023877
-0.024632
-0.025211
-0.024655
-0.021361
-0.021846
-0.019474
-0.018399
-0.016395
-0.017558
-0.015926
-0.016665
-0.014455
-0.016102
-0.015326
-0.015884
-0.018678
-0.021580
-0.020076
-0.019676
-0.022416
-0.023721
-0.021508
-0.019900
-0.021583
-0.020964
-0.021549
-0.021100
-0.021712
-0.020959
-0.018929
-0.018394
-0.018494
-0.021679
-0.020750
-0.020733
-0.019529
-0.018866
-0.018568
-0.015880
-0.018510
-0.015323
-0.016924
-0.014337
-0.013324
-0.012275
-0.012380
-0.012253
-0.011048
-0.009998
-0.008321
-0.006656
-0.004052
-0.004571
-0.003838
-0.000571
0.003276
0.002072
0.001609
-0.001121
-0.003010
-0.001738
-0.003469
-0.002690
-0.001882
-0.002166
-0.002434
-0.001748
0.003132
0.003637
0.003557
0.004758
0.005061
0.004217
0.003294
0.005904
0.005377
0.007013
0.008939
0.007915
0.006063
0.004900
0.004886
0.007808
0.006895
0.004089
0.002931
0.003571
0.001343
0.002085
-0.000934
-0.005059
-0.007032
-0.007965
-0.007051
-0.007716
-0.005024
-0.004837
-0.004660
-0.005332
-0.002188
0.000781
-0.000992
-0.003067
-0.004086
-0.004614
-0.002603
0.002011
0.000278
0.003378
0.005115
0.004444
0.004590
0.002728
0.000712
0.000213
-0.001781
-0.002269
-0.003215
-0.002540
-0.001445
-0.002532
-0.004718
-0.004660
-0.002822
-0.006331
-0.005051
-0.005340
-0.007548
-0.008588
-0.009665
-0.009694
-0.006693
-0.005626
-0.005261
-0.005945
-0.006771
-0.007605
-0.007682
-0.006761
-0.009580
-0.010422
-0.010337
-0.011433
-0.013207
-0.010002
-0.009559
-0.009545
-0.011388
-0.010907
-0.013375
-0.014627
-0.015100
-0.012872
-0.013638
-0.013637
-0.011522
-0.010317
-0.012127
-0.013900
-0.016281
-0.014672
-0.011837
-0.007913
-0.007364
-0.011123
-0.013190
-0.014455
-0.012448
-0.015529
-0.014761
-0.012520
-0.010750
-0.008011
-0.008136
-0.007821
-0.010022
-0.010804
-0.006501
-0.006329
-0.004942
-0.004963
-0.003331
-0.004131
-0.004591
-0.004700
-0.000384
0.000940
0.000835
-0.000552
0.001427
-0.002234
0.000234
-0.001294
0.002006
0.000602
0.003752
0.003273
0.002310
-0.000923
-0.001081
-0.002121
-0.001563
-0.000711
-0.001964
-0.003378
-0.004436
-0.004691
-0.004913
-0.006859
-0.004986
-0.003140
-0.002406
-0.000054
0.003129
0.003331
0.004408
0.005146
0.006967
0.009038
0.010776
0.008287
0.012634
0.015120
0.016376
0.012796
0.014046
0.016270
0.016762
0.017283
0.013140
0.017117
0.014186
0.013622
0.012847
0.014231
0.009613
0.008475
0.011987
0.011604
0.010960
0.011180
0.012907
0.012378
0.012161
0.009995
0.009575
0.007263
0.003027
0.005601
0.004392
0.003174
0.001757
0.000789
0.000970
0.006410
0.008867
0.012972
0.012932
0.014313
0.014245
0.016578
0.016392
0.019907
0.022220
0.023598
0.022607
0.020148
0.021885
0.022650
0.024440
0.023158
0.021835
0.023615
0.024820
0.023807
0.022466
0.023414
0.023467
0.025669
0.025012
0.024888
0.024673
0.025437
0.023529
0.029591
0.032739
0.035162
0.036448
0.040831
0.039554
0.038829
0.038208
0.037971
0.036037
0.032414
0.032997
0.030960
0.031620
0.032763
0.033436
0.033995
0.033375
0.033532
0.031968
0.031265
0.028178
0.026834
0.026462
0.026759
0.024065
0.023438
0.019647
0.018719
0.016745
0.016237
0.016010
0.014719
0.016256
0.015910
0.016506
0.017711
0.020317
0.021701
0.021660
0.022731
0.023116
0.022474
0.020798
0.020026
0.020695
0.021441
0.020866
0.023432
0.022130
0.024436
0.023568
0.025357
0.022719
0.024233
0.025692
0.027756
0.024734
0.023473
0.023306
0.024070
0.022000
0.021341
0.022941
0.022630
0.020786
0.023847
0.024742
0.029116
0.028338
0.024816
0.026528
0.027539
0.028193
0.030646
0.029669
0.030130
0.031986
0.033208
0.031535
0.033845
0.031835
0.031611
0.031328
0.029779
0.028691
0.028722
0.028126
0.030462
0.031726
0.028004
0.028953
0.031575
0.032643
0.034603
0.030961
0.032475
0.031412
0.031921
0.034697
0.033495
0.036317
0.035123
0.038528
0.036334
0.034089
0.038779
0.037499
0.036938
0.036067
0.036145
0.037278
0.039705
0.040720
0.039695
0.040122
0.042272
0.044133
0.042630
0.041937
0.040540
0.040175
0.040182
0.039930
0.038948
0.042667
0.043188
0.045237
0.044572
0.044599
0.043306
0.040566
0.038562
0.035174
0.034279
0.035247
0.036507
0.037243
0.039576
0.037768
0.036098
0.037140
0.037189
0.038170
0.034419
0.034258
0.035240
0.036539
0.036142
0.038372
0.038426
0.035862
0.033701
0.032155
0.032883
0.033618
0.034334
0.035008
0.035508
0.032587
0.031390
0.029317
0.031209
0.031664
0.030763
0.027907
0.031621
0.030596
0.032061
0.029656
0.029906
0.029109
0.029350
0.025454
0.020355
0.024914
0.024040
0.024803
0.024027
0.023466
0.022276
0.024838
0.027206
0.025116
0.029091
0.028322
0.029378
0.032120
0.030627
0.035269
0.033110
0.034643
0.034908
0.035049
0.035230
0.037128
0.038116
0.033866
0.032360
0.035473
0.035315
0.033614
0.035415
0.038548
0.041646
0.038742
0.037679
0.038631
0.037877
0.040108
0.035849
0.034881
0.031935
0.033765
0.036997
0.039399
0.038296
0.037653
0.039532
0.039195
0.037153
0.034687
0.032529
0.031542
0.031039
0.032568
0.031762
0.032402
0.033435
0.032123
0.032347
0.033258
0.031528
0.030922
0.028615
0.023726
0.021414
0.021221
0.022609
0.025137
0.022994
0.021524
0.021181
0.023859
0.022439
0.020794
0.019613
0.020321
0.020405
0.019432
0.019945
0.019907
0.021248
0.021361
0.020042
0.022385
0.022574
0.024184
0.025211
0.022502
0.023872
0.022707
0.019974
0.018165
0.018032
0.018458
0.015713
0.015949
0.016098
0.016759
0.016768
0.015836
0.013037
0.012241
0.009169
0.012387
0.012454
0.011698
0.011821
0.013772
0.012044
0.012201
0.010942
0.014482
0.012781
0.013646
0.013902
0.013731
0.015803
0.010990
0.010734
0.011184
0.011764
0.012167
0.010596
0.013084
0.016924
0.019513
0.018785
0.016389
0.017852
0.017879
0.020564
0.017473
0.019857
0.020182
0.020001
0.018059
0.018612
0.019090
0.017518
0.016538
0.015981
0.015128
0.011382
0.011496
0.010453
0.010909
0.010012
0.009130
0.007959
0.007025
0.008131
0.008713
0.007007
0.006800
0.008127
0.006548
0.005442
0.005520
0.005760
0.005547
0.007245
0.004532
0.008265
0.008849
0.008175
0.005688
0.006082
0.006335
0.008133
0.005377
0.006704
0.005654
0.004935
0.003127
-0.001802
-0.003389
-0.003886
0.000425
-0.002081
-0.000726
-0.000252
-0.000838
-0.001732
-0.002588
-0.002258
-0.001778
-0.004576
-0.004766
-0.005843
-0.004755
-0.003600
-0.003745
-0.003601
-0.005479
-0.005956
-0.007720
-0.009303
-0.010247
-0.009796
-0.009970
-0.009127
-0.009861
-0.010065
-0.011819
-0.012882
-0.010762
-0.012315
-0.012343
-0.013054
-0.010895
-0.009611
-0.011321
-0.011649
-0.009907
-0.010173
-0.009047
-0.005101
-0.005599
-0.004921
-0.004261
-0.003490
-0.004616
-0.004289
-0.002602
-0.002841
0.000375
0.000378
0.000294
0.001529
0.000621
0.000886
-0.001330
-0.000580
-0.000845
-0.003605
-0.005668
-0.006304
-0.007040
-0.009505
-0.007211
-0.005223
-0.005591
-0.005660
-0.003865
-0.005813
-0.004048
-0.004518
-0.004786
-0.003197
-0.003271
-0.001082
-0.000326
0.001658
0.002660
0.001420
0.001870
0.002078
0.003065
0.002043
0.002143
0.002744
0.001013
0.001288
-0.002021
-0.003418
-0.003772
-0.004588
-0.004735
-0.005393
-0.005717
-0.008703
-0.010587
-0.010277
-0.012878
-0.013567
-0.012852
-0.016151
-0.015639
-0.015083
-0.016393
-0.015339
-0.014336
-0.013145
-0.014113
-0.013015
-0.012982
-0.015950
-0.016632
-0.019547
-0.018414
-0.019280
-0.019973
-0.021983
-0.022261
-0.023387
-0.024118
-0.024076
-0.023562
-0.023220
-0.022590
-0.023742
-0.021984
-0.025878
-0.026225
-0.026294
-0.026878
-0.028709
-0.030678
-0.032627
-0.032237
-0.027719
-0.027169
-0.027166
-0.026624
-0.025036
-0.025962
-0.024537
-0.024880
-0.025889
-0.024692
-0.026162
-0.029294
-0.025133
-0.027005
-0.027186
-0.027699
-0.025385
-0.025742
-0.025475
-0.022733
-0.021243
-0.024175
-0.023015
-0.023956
-0.025092
-0.025318
-0.025512
-0.024070
-0.027713
-0.027555
-0.025048
-0.024684
-0.025166
-0.024629
-0.027044
-0.029315
-0.030779
-0.029816
-0.029934
-0.030942
-0.032113
-0.032430
-0.034754
-0.033698
-0.032760
-0.032815
-0.032285
-0.032514
-0.034113
-0.038088
-0.039575
-0.038082
-0.040487
-0.041234
-0.040502
-0.041323
-0.040366
-0.042623
-0.043675
-0.041409
-0.041939
-0.044052
-0.043567
-0.041886
-0.042150
-0.044574
-0.045726
-0.043266
-0.043684
-0.045379
-0.045635
-0.043880
-0.042856
-0.042737
-0.039749
-0.039608
-0.040330
-0.041072
-0.039911
-0.040829
-0.039677
-0.037850
-0.038870
-0.038760
-0.037209
-0.034670
-0.032899
-0.032072
-0.033375
-0.031631
-0.030326
-0.025739
-0.026801
-0.027831
-0.028344
-0.025930
-0.023647
-0.023164
-0.024029
-0.023712
-0.023107
-0.025286
-0.026291
-0.027186
-0.029990
-0.031818
-0.031003
-0.029423
-0.031632
-0.031083
-0.032045
-0.031981
-0.032246
-0.031586
-0.028218
-0.028169
-0.028519
-0.028578
-0.029433
-0.027025
-0.028025
-0.027121
-0.026652
-0.025355
-0.024435
-0.026017
-0.027883
-0.030100
-0.032038
-0.031937
-0.031511
-0.032653
-0.033709
-0.035708
-0.034657
-0.036088
-0.036014
-0.034170
-0.034369
-0.034717
-0.033917
-0.035735
-0.035527
-0.036114
-0.037865
-0.035124
-0.034671
-0.035143
-0.035015
-0.034523
-0.033224
-0.033933
-0.032584
-0.031536
-0.032821
-0.034906
-0.032961
-0.031430
-0.030248
-0.029064
-0.030018
-0.029624
-0.025922
-0.024945
-0.024555
-0.026191
-0.027154
-0.028593
-0.025173
-0.026027
-0.028167
-0.027427
-0.027727
-0.027322
-0.026821
-0.026926
-0.029226
-0.029187
-0.031444
-0.033807
-0.033652
-0.035530
-0.035998
-0.034791
-0.034374
-0.033663
-0.033721
-0.035734
-0.034148
-0.035994
-0.034562
-0.034108
-0.033737
-0.033619
-0.032756
-0.032097
-0.034027
-0.035308
-0.034612
-0.031520
-0.032234
-0.034797
-0.036017
-0.031411
-0.030454
-0.033122
-0.033075
-0.030380
-0.031703
-0.030151
-0.029085
-0.027033
-0.027933
-0.027340
-0.028184
-0.026164
-0.029499
-0.032783
-0.034144
-0.033316
-0.033229
-0.032817
-0.033616
-0.031548
-0.030843
-0.029871
-0.030374
-0.032443
-0.033722
-0.034785
-0.037297
-0.035618
-0.037824
-0.037852
-0.039080
-0.039204
-0.038209
-0.037575
-0.038677
-0.038934
-0.040099
-0.039001
-0.037922
-0.036185
-0.036294
-0.035146
-0.037890
-0.039402
-0.039239
-0.041630
-0.041809
-0.041493
-0.041983
-0.042772
-0.042983
-0.044500
-0.044924
-0.045376
-0.045407
-0.044119
-0.046377
-0.048342
-0.049078
-0.049085
-0.047379
-0.047705
-0.049924
-0.050143
-0.047608
-0.042777
-0.042888
-0.042965
-0.041170
-0.040932
-0.041023
-0.039049
-0.038808
-0.040511
-0.043144
-0.043870
-0.044870
-0.042560
-0.041679
-0.041934
-0.043775
-0.043521
-0.041559
-0.042403
-0.042309
-0.042877
-0.043906
-0.041932
-0.042020
-0.043821
-0.044433
-0.043869
-0.041474
-0.040657
-0.042226
-0.041569
-0.042795
-0.044429
-0.042138
-0.043192
-0.043756
-0.045359
-0.046291
-0.046119
-0.044474
-0.041111
-0.041360
-0.041696
-0.043869
-0.043219
-0.041876
-0.042026
-0.043309
-0.041948
-0.042885
-0.043392
-0.042155
-0.042244
-0.043920
-0.044730
-0.044599
-0.043969
-0.044540
-0.044543
-0.045871
-0.046071
-0.047111
-0.045800
-0.044359
-0.044008
-0.041631
-0.042339
-0.045101
-0.045608
-0.046095
-0.046443
-0.045346
-0.045321
-0.042728
-0.041058
-0.040086
-0.039918
-0.042352
-0.044274
-0.044771
-0.044310
-0.043218
-0.041548
-0.041133
-0.043415
-0.043664
-0.046690
-0.046948
-0.046147
-0.047716
-0.046971
-0.047791
-0.048242
-0.048372
-0.048565
-0.044890
-0.044563
-0.042635
-0.044253
-0.047293
-0.049120
-0.047502
-0.049017
-0.047699
-0.047521
-0.047520
-0.049140
-0.045667
-0.043174
-0.042733
-0.043742
-0.042913
-0.045145
-0.044621
-0.045287
-0.046132
-0.043721
-0.044408
-0.044427
-0.044224
-0.044445
-0.044424
-0.045923
-0.044337
-0.044562
-0.042696
-0.040715
-0.038748
-0.038689
-0.036541
-0.036474
-0.037248
-0.036704
-0.038606
-0.039312
-0.040941
-0.039060
-0.040918
-0.041798
-0.042912
-0.043948
-0.044886
-0.042915
-0.040385
-0.038954
-0.035682
-0.037580
-0.037609
-0.036197
-0.037928
-0.039264
-0.037946
-0.038690
-0.036704
-0.035246
-0.033317
-0.034369
-0.034989
-0.033895
-0.034212
-0.032994
-0.033244
-0.033016
-0.030966
-0.033429
-0.032952
-0.034351
-0.032841
-0.029620
-0.031094
-0.030269
-0.029783
-0.027399
-0.027119
-0.025706
-0.024165
-0.026705
-0.025799
-0.023862
-0.025592
-0.024903
-0.025180
-0.024347
-0.025710
-0.025197
-0.026072
-0.023453
-0.024801
-0.024398
-0.023118
-0.021120
-0.020042
-0.019247
-0.019210
-0.022036
-0.020831
-0.022558
-0.023028
-0.021504
-0.021871
-0.022500
-0.021743
-0.023800
-0.021578
-0.022797
-0.021507
-0.019882
-0.018024
-0.016554
-0.017088
-0.017248
-0.015151
-0.012587
-0.013370
-0.015137
-0.018810
-0.020701
-0.021446
-0.019937
-0.020894
-0.020296
-0.019038
-0.019865
-0.020211
-0.022444
-0.021035
-0.019295
-0.019656
-0.020192
-0.020397
-0.019968
-0.018207
-0.020331
-0.019477
-0.019200
-0.020543
-0.019775
-0.020385
-0.017857
-0.017351
-0.019029
-0.019393
-0.017826
-0.016215
-0.016764
-0.019953
-0.021387
-0.021096
-0.022144
-0.021464
-0.024802
-0.027709
-0.026859
-0.024958
-0.026896
-0.027916
-0.028860
-0.029268
-0.029017
-0.031902
-0.030863
-0.033068
-0.032162
-0.031155
-0.030847
-0.030842
-0.032149
-0.033485
-0.034283
-0.034082
-0.035610
-0.036770
-0.036855
-0.035231
-0.032938
-0.030039
-0.029039
-0.027183
-0.028859
-0.028066
-0.029890
-0.031841
-0.031233
-0.031399
-0.030712
-0.032261
-0.032581
-0.034920
-0.033121
-0.032413
-0.031909
-0.031350
-0.033969
-0.035364
-0.034836
-0.032856
-0.032720
-0.031675
-0.030770
-0.029865
-0.027854
-0.026630
-0.026936
-0.024055
-0.023217
-0.020426
-0.020543
-0.020564
-0.020792
-0.019910
-0.017820
-0.016435
-0.017527
-0.018393
-0.016423
-0.016827
-0.018045
-0.016460
-0.016203
-0.016092
-0.015469
-0.013893
-0.012269
-0.013955
-0.013105
-0.013865
-0.014059
-0.015041
-0.012523
-0.013263
-0.011691
-0.012190
-0.011537
-0.012596
-0.013343
-0.012660
-0.012919
-0.010483
-0.009277
-0.007973
-0.012027
-0.014165
-0.015461
-0.015597
-0.014827
-0.013085
-0.013620
-0.014061
-0.013848
-0.012378
-0.011131
-0.011711
-0.010445
-0.008206
-0.008462
-0.007601
-0.009962
-0.007661
-0.009344
-0.007466
-0.007126
-0.005824
-0.007643
-0.007834
-0.003500
-0.005102
-0.007101
-0.005012
-0.004752
-0.005907
-0.005405
-0.004866
-0.004253
-0.003042
-0.004694
-0.004671
-0.004915
-0.006840
-0.007530
-0.008423
-0.007868
-0.008627
-0.010184
-0.009658
-0.007191
-0.007085
-0.006192
-0.004268
-0.008546
-0.008075
-0.008137
-0.005301
-0.005135
-0.003880
-0.002277
-0.003415
-0.004360
-0.005053
-0.005093
-0.008105
-0.008500
-0.006800
-0.006020
-0.007184
-0.006830
-0.004999
-0.006883
-0.007956
-0.005306
-0.003768
-0.003993
-0.000717
-0.002042
-0.001997
-0.001504
-0.000886
-0.001335
-0.000684
-0.000806
0.000263
-0.002230
-0.001874
-0.003532
-0.006511
-0.010062
-0.009957
-0.009546
-0.008524
-0.006112
-0.005347
-0.004339
-0.005008
-0.004999
-0.008368
-0.008407
-0.008917
-0.005486
-0.008275
-0.006228
-0.009036
-0.010537
-0.008116
-0.008394
-0.007957
-0.006270
-0.005065
-0.002561
-0.002379
-0.002214
-0.000877
-0.003721
-0.003794
-0.003585
-0.005394
-0.006084
-0.007378
-0.006369
-0.005201
-0.002537
-0.003411
-0.004528
-0.004276
-0.004566
-0.004031
-0.005159
-0.004229
-0.002791
-0.003212
-0.004667
-0.004387
-0.005924
-0.004948
-0.004282
-0.003693
-0.003432
-0.001811
-0.000148
0.000952
-0.000042
-0.000930
-0.002561
-0.003049
-0.005477
-0.006095
-0.006443
-0.004498
-0.004252
-0.004425
-0.004051
-0.003079
-0.002639
-0.002662
-0.001067
0.000179
-0.001145
-0.002619
-0.002442
-0.001265
-0.001986
-0.001957
0.001753
0.000636
0.001234
0.003545
0.005085
0.006860
0.010365
0.012290
0.013227
0.013803
0.013682
0.013509
0.013074
0.014958
0.013013
0.012355
0.013237
0.012040
0.010630
0.009484
0.008751
0.009952
0.009730
0.009256
0.007705
0.009511
0.008973
0.006668
0.006143
0.005547
0.005971
0.005248
0.007214
0.005267
0.007742
0.007747
0.008073
0.005469
0.001510
0.000482
0.000786
0.002678
0.003851
0.004369
0.004302
0.004155
0.003444
0.002548
0.006847
0.007430
0.010802
0.009858
0.010023
0.010408
0.012349
0.017095
0.017053
0.013896
0.013865
0.011652
0.010248
0.012271
0.013272
0.014490
0.015545
0.015575
0.015042
0.015864
0.016826
0.017379
0.019603
0.018563
0.014077
0.014016
0.012098
0.010773
0.011148
0.010218
0.011545
0.013663
0.015120
0.016642
0.017181
0.019573
0.018146
0.019258
0.021835
0.022553
0.023951
0.025512
0.024106
0.021799
0.021395
0.022777
0.023430
0.024560
0.023666
0.024682
0.024286
0.025444
0.024203
0.024281
0.024718
0.023489
0.025257
0.026449
0.027555
0.028197
0.029071
0.031682
0.030495
0.030892
0.032170
0.030761
0.032719
0.031610
0.030731
0.029213
0.030777
0.030647
0.030255
0.030418
0.029318
0.027994
0.029217
0.030705
0.033445
0.034547
0.033106
0.035517
0.032440
0.030386
0.030972
0.032970
0.031856
0.031239
0.031832
0.028699
0.028654
0.027031
0.028450
0.029444
0.031684
0.033275
0.033800
0.034895
0.037122
0.037312
0.038141
0.039773
0.039598
0.039795
0.040858
0.040004
0.042020
0.042512
0.041782
0.044584
0.043707
0.041491
0.040617
0.041144
0.043348
0.043876
0.043696
0.040443
0.038890
0.037520
0.036002
0.037019
0.039361
0.040962
0.041365
0.042085
0.042121
0.042567
0.042773
0.047657
0.049216
0.048873
0.051342
0.051744
0.049546
0.048896
0.049408
0.051644
0.048425
0.047027
0.043903
0.047082
0.047190
0.048088
0.052934
0.054813
0.054566
0.055370
0.055944
0.054066
0.052248
0.048959
0.046991
0.043896
0.044842
0.045117
0.045581
0.045556
0.047271
0.046056
0.041490
0.041908
0.042981
0.044297
0.044146
0.047136
0.051220
0.050971
0.050782
0.051625
0.047640
0.046054
0.045838
0.046634
0.044973
0.044594
0.045086
0.043435
0.045495
0.045018
0.045120
0.045590
0.043474
0.044637
0.045083
0.044981
0.045934
0.044241
0.045645
0.044866
0.042442
0.044666
0.039177
0.039694
0.037817
0.036806
0.034209
0.032826
0.034847
0.035671
0.032506
0.032422
0.030643
0.029561
0.026117
0.024122
0.023378
0.021502
0.022210
0.022739
0.020955
0.022845
0.023122
0.024533
0.024475
0.024222
0.024005
0.024632
0.026656
0.028506
0.027040
0.027446
0.026105
0.026249
0.023332
0.026867
0.025276
0.024467
0.023402
0.022926
0.023203
0.025698
0.026501
0.024318
0.023025
0.023020
0.021954
0.021020
0.024575
0.019415
0.016807
0.016564
0.017079
0.016985
0.018109
0.014734
0.015582
0.015225
0.013127
0.013284
0.015873
0.017695
0.017034
0.018126
0.017367
0.013153
0.013969
0.014688
0.015852
0.016993
0.016322
0.016011
0.017642
0.020292
0.020457
0.018561
0.016716
0.013387
0.012127
0.014596
0.014585
0.011402
0.012416
0.012555
0.010223
0.011450
0.014641
0.013740
0.014697
0.014347
0.013197
0.015377
0.017495
0.017749
0.018919
0.021474
0.021985
0.021235
0.022883
0.022199
0.020669
0.020968
0.019974
0.020883
0.020143
0.023362
0.025599
0.026490
0.028922
0.027237
0.030288
0.030946
0.032999
0.032263
0.032709
0.032452
0.033099
0.033490
0.030922
0.030751
0.026992
0.026588
0.026762
0.027791
0.024712
0.023793
0.024504
0.021787
0.023977
0.023846
0.024602
0.025892
0.025827
0.024957
0.023343
0.022950
0.023834
0.024671
0.026360
0.026594
0.028435
0.027852
0.027203
0.025004
0.026167
0.025613
0.024024
0.023489
0.022634
0.023279
0.021452
0.022197
0.024345
0.022711
0.022904
0.024390
0.020127
0.018942
0.020265
0.022248
0.020967
0.020783
0.020737
0.020894
0.018942
0.019116
0.020134
0.019514
0.018543
0.020484
0.020015
0.019560
0.021250
0.019918
0.021738
0.022898
0.022909
0.020938
0.020171
0.021405
0.020337
0.020460
0.018475
0.017808
0.017969
0.018036
0.018061
0.018625
0.018986
0.019125
0.017475
0.016441
0.016487
0.019148
0.017702
0.020836
0.021023
0.023241
0.026783
0.027730
0.028631
0.030207
0.030248
0.030372
0.031010
0.029565
0.026295
0.027817
0.025926
0.027106
0.027367
0.026813
0.024074
0.021868
0.021119
0.019881
0.018169
0.019362
0.018306
0.020868
0.022082
0.021180
0.021773
0.020909
0.021312
0.021522
0.021135
0.020506
0.019917
0.018959
0.017042
0.017807
0.016050
0.015236
0.013557
0.012119
0.011169
0.013125
0.013463
0.016296
0.014960
0.016115
0.016516
0.015896
0.016122
0.017751
0.017564
0.018983
0.016844
0.018267
0.017722
0.014974
0.013727
0.013737
0.013603
0.013983
0.012397
0.012979
0.014180
0.016730
0.018673
0.020224
0.020439
0.021672
0.020783
0.018683
0.017802
0.016697
0.016382
0.015961
0.015975
0.016019
0.015486
0.015875
0.016287
0.016542
0.018481
0.017518
0.015429
0.014236
0.013675
0.012424
0.011639
0.011800
0.011274
0.010076
0.011750
0.011963
0.013357
0.011747
0.011345
0.010269
0.012881
0.015130
0.013053
0.012299
0.011890
0.011208
0.011007
0.009231
0.010363
0.009727
0.008634
0.008944
0.008656
0.009710
0.010010
0.009134
0.008476
0.006966
0.004826
0.005024
0.004804
0.007522
0.009552
0.009587
0.011842
0.012397
0.012806
0.011028
0.011228
0.011092
0.011539
0.011618
0.010690
0.012995
0.011166
0.011456
0.013366
0.015625
0.017002
0.016936
0.017060
0.017660
0.018341
0.019983
0.015920
0.015529
0.015998
0.015677
0.014672
0.016525
0.017258
0.017210
0.019054
0.020778
0.021402
0.021301
0.021389
0.021533
0.024143
0.025140
0.025195
0.027881
0.028759
0.028732
0.028110
0.027487
0.028376
0.029688
0.028101
0.029204
0.028516
0.030327
0.030897
0.032944
0.034282
0.032396
0.031883
0.031856
0.033295
0.031315
0.032039
0.033387
0.034225
0.035219
0.035375
0.033194
0.033666
0.034010
0.035922
0.033789
0.032381
0.033982
0.035303
0.035596
0.036388
0.036856
0.037148
0.035483
0.036309
0.037694
0.037827
0.039567
0.039630
0.038929
0.038032
0.036721
0.038224
0.038262
0.039919
0.041952
0.041557
0.041415
0.043218
0.044038
0.043582
0.042767
0.041479
0.039825
0.041852
0.041554
0.042728
0.044019
0.044710
0.045724
0.046761
0.045525
0.045155
0.046500
0.046302
0.047834
0.049624
0.049390
0.051115
0.049715
0.048653
0.049718
0.050939
0.051083
0.052230
0.053306
0.053916
0.055401
0.056863
0.055808
0.055847
0.054752
0.053868
0.054740
0.054950
0.052808
0.052170
0.054227
0.055270
0.055461
0.057122
0.058650
0.060982
0.061532
0.062546
0.062020
0.062199
0.063941
0.063849
0.061446
0.061853
0.060422
0.060857
0.060806
0.061583
0.062746
0.062248
0.063371
0.063727
0.064080
0.064990
0.066455
0.063876
0.061882
0.060391
0.061956
0.062286
0.064023
0.062738
0.061390
0.059603
0.058957
0.059518
0.060954
0.060937
0.061827
0.061804
0.062318
0.061364
0.062272
0.063525
0.064797
0.065486
0.064896
0.063447
0.064848
0.064270
0.064548
0.061866
0.060746
0.058845
0.060460
0.058566
0.058432
0.058349
0.056870
0.058204
0.058624
0.059488
0.058964
0.059631
0.062888
0.061706
0.058945
0.058730
0.059286
0.059853
0.059702
0.062263
0.063328
0.062194
0.059956
0.058765
0.059916
0.061359
0.062706
0.062246
0.061938
0.062908
0.065266
0.065070
0.062559
0.063660
0.063660
0.066269
0.067251
0.068583
0.067489
0.067922
0.068446
0.065994
0.065531
0.064937
0.065824
0.067563
0.070061
0.071214
0.069785
0.071287
0.071317
0.072064
0.071104
0.069961
0.070986
0.069997
0.071468
0.071223
0.072606
0.071667
0.072216
0.073149
0.073530
0.073952
0.074170
0.074525
0.078173
0.077284
0.074862
0.073768
0.073400
0.073989
0.073532
0.073204
0.073894
0.073830
0.074565
0.075063
0.077260
0.076164
0.077319
0.077944
0.079995
0.079598
0.079765
0.080274
0.081189
0.083508
0.086262
0.084677
0.083804
0.085235
0.087625
0.089742
0.089065
0.087564
0.089387
0.089512
0.090137
0.088631
0.087927
0.086957
0.089177
0.088979
0.087463
0.088263
0.089032
0.089811
0.091600
0.089620
0.089305
0.088327
0.091605
0.090071
0.087274
0.087125
0.085886
0.086907
0.084820
0.083362
0.083160
0.084117
0.083733
0.082333
0.083452
0.084907
0.088257
0.087839
0.088291
0.086307
0.086943
0.085502
0.084295
0.084202
0.082711
0.082981
0.083893
0.086451
0.085114
0.088513
0.086420
0.084702
0.083379
0.081947
0.082286
0.085136
0.086759
0.086862
0.084621
0.086371
0.088587
0.085974
0.086934
0.088130
0.087169
0.086130
0.083557
0.083870
0.084063
0.083504
0.081973
0.082897
0.084581
0.085811
0.086412
0.085918
0.088652
0.087457
0.085896
0.086202
0.087310
0.083314
0.082346
0.084772
0.084642
0.084705
0.086099
0.083464
0.086128
0.086828
0.086124
0.086667
0.086949
0.087907
0.084915
0.086065
0.086959
0.087074
0.086347
0.087150
0.088742
0.090084
0.091645
0.090197
0.086355
0.085499
0.089187
0.087570
0.087648
0.085949
0.085910
0.085990
0.084864
0.086062
0.086332
0.086232
0.086635
0.086457
0.086980
0.090682
0.093779
0.094768
0.095352
0.094503
0.094317
0.100684
0.101340
0.099795
0.098536
0.095272
0.093154
0.094358
0.092633
0.091098
0.090134
0.089322
0.089955
0.091505
0.093052
0.091045
0.091631
0.091018
0.089886
0.087303
0.087165
0.087161
0.086229
0.086524
0.087186
0.087877
0.084053
0.082965
0.083974
0.082902
0.083273
0.083470
0.082339
0.081745
0.080772
0.081079
0.079041
0.080411
0.081620
0.080762
0.079166
0.077968
0.078217
0.075451
0.075261
0.077277
0.075730
0.074928
0.075621
0.077333
0.076422
0.076603
0.076077
0.075197
0.074411
0.078224
0.077852
0.075730
0.077386
0.074890
0.073023
0.073244
0.072498
0.073141
0.071123
0.072489
0.071229
0.072911
0.071866
0.073467
0.074078
0.075009
0.074847
0.074924
0.074007
0.076198
0.074803
0.075258
0.072986
0.072391
0.071628
0.071665
0.071840
0.072428
0.076379
0.077115
0.076619
0.075166
0.073395
0.073043
0.071385
0.071196
0.070955
0.070886
0.070687
0.070461
0.071557
0.073592
0.074028
0.075936
0.076833
0.076476
0.075191
0.077226
0.075307
0.073886
0.073394
0.075050
0.074270
0.073816
0.075483
0.075032
0.075636
0.076106
0.073965
0.072846
0.072771
0.072543
0.071326
0.072515
0.072959
0.072321
0.072693
0.075085
0.075841
0.074895
0.072953
0.070276
0.072971
0.073574
0.072860
0.072222
0.072794
0.072410
0.073512
0.073017
0.072565
0.071057
0.073711
0.072091
0.070120
0.070773
0.073165
0.072967
0.074699
0.075085
0.075242
0.075294
0.073466
0.073892
0.072429
0.071784
0.070487
0.070122
0.069832
0.071761
0.070380
0.072287
0.073866
0.071480
0.070472
0.073821
0.075926
0.076450
0.078860
0.077550
0.078655
0.080865
0.079718
0.078586
0.076241
0.078538
0.077415
0.074509
0.074213
0.074579
0.076606
0.077444
0.074260
0.073119
0.072605
0.072738
0.074119
0.072969
0.073075
0.072851
0.070189
0.071573
0.071147
0.072055
0.074388
0.071552
0.072459
0.070184
0.068922
0.070507
0.067218
0.067834
0.067146
0.071963
0.074367
0.074391
0.071688
0.070344
0.069554
0.070101
0.071102
0.072513
0.073742
0.072061
0.069782
0.068331
0.068134
0.068354
0.068220
0.068947
0.070606
0.071151
0.072450
0.072486
0.074740
0.075852
0.074735
0.073740
0.073319
0.070468
0.070781
0.069009
0.065813
0.067576
0.065631
0.064960
0.064849
0.068013
0.069172
0.068123
0.066757
0.066484
0.067860
0.066132
0.064472
0.064598
0.064665
0.065429
0.065420
0.065077
0.065755
0.065800
0.064306
0.063336
0.063770
0.061848
0.060706
0.063399
0.064322
0.061872
0.063031
0.062615
0.063522
0.062906
0.062347
0.064168
0.064667
0.065944
0.063864
0.062833
0.063855
0.064938
0.062437
0.064645
0.066297
0.066050
0.066671
0.066026
0.066100
0.067022
0.066820
0.065152
0.065033
0.062344
0.062598
0.062774
0.064723
0.067971
0.068053
0.068311
0.066755
0.066940
0.067696
0.068075
0.065437
0.066095
0.065303
0.065116
0.063734
0.062135
0.062223
0.063158
0.063756
0.064257
0.062886
0.062179
0.062561
0.059533
0.058150
0.061230
0.060367
0.058625
0.057948
0.058569
0.059927
0.061775
0.061097
0.062466
0.060450
0.061618
0.063303
0.062422
0.062335
0.063421
0.062140
0.063543
0.063454
0.062073
0.061103
0.062937
0.061099
0.060082
0.062429
0.062833
0.066332
0.065809
0.065889
0.065488
0.065717
0.066361
0.068482
0.070174
0.070291
0.072363
0.072780
0.072436
0.072675
0.073426
0.072068
0.072269
0.073445
0.073559
0.074030
0.075259
0.072695
0.074898
0.074825
0.073215
0.071962
0.071776
0.073052
0.072354
0.073501
0.071491
0.069005
0.068132
0.069377
0.069109
0.071863
0.069376
0.070595
0.066186
0.064672
0.064913
0.062487
0.061790
0.059502
0.061999
0.062133
0.063026
0.062513
0.061768
0.063517
0.063304
0.063166
0.065080
0.065810
0.065745
0.066673
0.064384
0.064435
0.063915
0.063344
0.062695
0.062473
0.062766
0.060983
0.060831
0.059798
0.058508
0.058843
0.058755
0.058265
0.060038
0.058671
0.059760
0.061827
0.061560
0.059490
0.060816
0.058658
0.059728
0.058710
0.059297
0.059509
0.057820
0.057812
0.058333
0.056764
0.058001
0.057222
0.058681
0.061033
0.060209
0.061294
0.062327
0.063808
0.065268
0.064842
0.064389
0.064428
0.062155
0.061853
0.061182
0.058281
0.057955
0.055900
0.057158
0.055535
0.055174
0.052735
0.053674
0.053967
0.054636
0.056411
0.057677
0.059189
0.059358
0.058845
0.055022
0.053836
0.052875
0.052913
0.050727
0.050769
0.052743
0.054678
0.054657
0.051912
0.050124
0.052780
0.052645
0.052374
0.054037
0.052850
0.053551
0.054295
0.054184
0.055506
0.056448
0.056953
0.053540
0.052976
0.051150
0.050996
0.052357
0.052666
0.051902
0.054781
0.054080
0.052854
0.050616
0.049463
0.049876
0.051204
0.053311
0.052244
0.051188
0.050070
0.050130
0.046970
0.045466
0.047875
0.046064
0.046656
0.046598
0.046283
0.044278
0.041980
0.041335
0.042427
0.039677
0.039314
0.037712
0.037284
0.037359
0.035406
0.034899
0.036484
0.037674
0.038650
0.039757
0.039280
0.038971
0.038262
0.038008
0.037694
0.037605
0.036511
0.033732
0.031340
0.027760
0.027738
0.028904
0.030808
0.028618
0.027534
0.025706
0.025812
0.026112
0.026105
0.026729
0.027339
0.026739
0.024612
0.023763
0.022973
0.023897
0.020803
0.021494
0.023108
0.022005
0.022466
0.023236
0.023832
0.023351
0.022285
0.021418
0.021530
0.019281
0.017806
0.017274
0.016894
0.016269
0.017395
0.017213
0.016162
0.017084
0.016296
0.014789
0.016357
0.013617
0.013362
0.012448
0.014564
0.014482
0.013947
0.013101
0.014422
0.014348
0.014788
0.016473
0.016495
0.015524
0.013444
0.013094
0.013004
0.011803
0.012405
0.014066
0.014301
0.014282
0.013334
0.013793
0.013536
0.012259
0.013336
0.012412
0.009884
0.009249
0.008333
0.008475
0.008828
0.009228
0.009580
0.008608
0.010816
0.009481
0.008512
0.006995
0.005361
0.006156
0.005845
0.004859
0.003100
0.002531
0.003572
0.002640
0.003768
0.004730
0.004254
0.003703
0.005244
0.006693
0.005967
0.006857
0.005376
0.004900
0.008212
0.008039
0.007125
0.006218
0.009059
0.006005
0.005331
0.004401
0.006579
0.005148
0.007693
0.006910
0.007115
0.010288
0.010072
0.012011
0.012180
0.013228
0.014743
0.015653
0.017064
0.015914
0.015277
0.015327
0.013670
0.013617
0.014334
0.013347
0.012714
0.011641
0.008205
0.010581
0.010421
0.009467
0.009294
0.011437
0.011293
0.010092
0.012048
0.011487
0.013492
0.015596
0.012693
0.011834
0.009939
0.011439
0.010847
0.011042
0.010563
0.010380
0.009711
0.010322
0.010503
0.011364
0.010981
0.010225
0.010108
0.010869
0.011877
0.010821
0.013280
0.012545
0.011283
0.010507
0.011194
0.011527
0.012130
0.012811
0.014655
0.014129
0.013939
0.012503
0.014306
0.014917
0.014343
0.012428
0.010041
0.009866
0.011775
0.014381
0.015612
0.015167
0.014136
0.013954
0.015812
0.017190
0.018930
0.019443
0.017044
0.017858
0.020710
0.020264
0.019586
0.018408
0.017463
0.016750
0.015516
0.018030
0.017334
0.016504
0.019733
0.021356
0.019624
0.020587
0.020199
0.017550
0.018815
0.019194
0.017889
0.019763
0.021602
0.023231
0.024789
0.024104
0.021225
0.019940
0.022949
0.023048
0.021404
0.021120
0.019982
0.019815
0.021079
0.019940
0.018099
0.015469
0.013918
0.012489
0.011774
0.012906
0.015187
0.015792
0.017049
0.017437
0.017875
0.016779
0.017391
0.018148
0.018897
0.017673
0.017581
0.017420
0.016884
0.015153
0.013922
0.011422
0.012256
0.013779
0.014123
0.015767
0.016167
0.015545
0.016475
0.016353
0.016698
0.016564
0.016123
0.014612
0.012387
0.013174
0.016142
0.015250
0.016355
0.018960
0.016282
0.018236
0.019550
0.018149
0.021205
0.022303
0.022664
0.024277
0.025025
0.025464
0.025404
0.026542
0.028260
0.028547
0.027253
0.024775
0.023495
0.023404
0.023599
0.023893
0.021477
0.020433
0.019324
0.018236
0.018480
0.017527
0.018797
0.017414
0.015955
0.016039
0.016105
0.015194
0.014666
0.016064
0.014382
0.012045
0.009017
0.009014
0.010206
0.010262
0.010302
0.009655
0.010376
0.013158
0.011737
0.010343
0.011953
0.011843
0.010220
0.009564
0.011707
0.010150
0.010600
0.010068
0.009560
0.010346
0.010200
0.010048
0.011360
0.009806
0.008388
0.010134
0.010092
0.009790
0.007906
0.008417
0.008307
0.008194
0.008383
0.009120
0.010556
0.010730
0.010632
0.010771
0.010501
0.010040
0.007537
0.008361
0.009214
0.011193
0.010075
0.010155
0.009859
0.008476
0.007804
0.008049
0.008765
0.008461
0.006034
0.004344
0.006259
0.007462
0.007492
0.007723
0.006096
0.005036
0.005600
0.006565
0.003831
0.004585
0.005981
0.006120
0.003793
0.006379
0.007246
0.005560
0.005074
0.005333
0.005399
0.006352
0.008248
0.008169
0.007703
0.008027
0.008308
0.008145
0.006629
0.009637
0.009527
0.010157
0.010598
0.011900
0.013009
0.013588
0.016134
0.014539
0.014817
0.014101
0.015587
0.016852
0.017260
0.015852
0.015701
0.015955
0.016593
0.018150
0.017601
0.019828
0.018704
0.018326
0.018954
0.017479
0.014006
0.014215
0.013074
0.013503
0.011644
0.013063
0.014389
0.013898
0.012603
0.012027
0.010821
0.010508
0.011091
0.011709
0.009291
0.010880
0.010065
0.011039
0.009636
0.008554
0.007702
0.008714
0.010051
0.011046
0.012677
0.013964
0.015076
0.014685
0.014377
0.013950
0.013671
0.015101
0.013761
0.012586
0.013113
0.012911
0.011712
0.010785
0.010257
0.010220
0.010214
0.009367
0.009957
0.011512
0.013376
0.012457
0.012933
0.013568
0.013777
0.013242
0.012734
0.011475
0.012262
0.012370
0.013888
0.012659
0.011864
0.012037
0.012373
0.013815
0.015435
0.015020
0.014471
0.015416
0.013433
0.013338
0.013473
0.013650
0.010988
0.009970
0.009934
0.009250
0.009694
0.008881
0.008118
0.007626
0.007775
0.007912
0.008144
0.008618
0.008518
0.011489
0.009315
0.006822
0.007843
0.008363
0.008092
0.008249
0.007271
0.007809
0.008985
0.008335
0.007894
0.006865
0.005642
0.004175
0.006137
0.005826
0.004228
0.004113
0.002536
0.004751
0.005048
0.003824
0.003492
0.002464
0.004240
0.003124
0.003898
0.004965
0.004349
0.002024
0.001985
0.001532
0.002687
0.001497
0.001140
0.002550
0.001735
0.000769
0.000003
-0.000027
0.000916
0.000570
-0.000394
-0.001500
-0.001752
-0.001956
-0.003132
-0.002335
-0.004620
-0.005974
-0.006860
-0.006398
-0.003790
-0.004052
-0.005217
-0.004932
-0.006155
-0.004506
-0.004963
-0.005800
-0.006061
-0.007035
-0.006888
-0.008144
-0.008052
-0.007525
-0.006997
-0.007008
-0.005667
-0.005874
-0.008187
-0.009268
-0.008569
-0.007194
-0.005043
-0.004590
-0.004407
-0.004075
-0.000745
-0.000179
0.000810
0.001531
0.001078
0.001883
0.000908
0.001627
0.003269
0.003263
0.002771
0.001299
0.002452
0.002402
0.001513
0.000171
-0.000148
-0.000695
-0.001537
-0.002069
-0.002731
-0.003234
-0.003451
-0.004026
-0.002397
-0.003332
-0.001952
-0.002033
-0.001527
-0.000387
0.001913
0.001893
0.002216
0.002938
0.002049
0.002650
0.002397
0.002616
0.003174
0.004298
0.002665
0.003172
0.002900
0.001623
0.002477
0.003857
0.005508
0.005278
0.007132
0.008691
0.009947
0.010518
0.011127
0.009995
0.012623
0.013677
0.012209
0.011129
0.011015
0.011599
0.011758
0.012449
0.010033
0.009326
0.009898
0.010262
0.008935
0.009722
0.008896
0.010439
0.010750
0.010086
0.008498
0.008566
0.007159
0.007231
0.008249
0.007403
0.007178
0.006890
0.007298
0.003714
0.003455
0.001772
0.000523
-0.000911
-0.000780
-0.002016
-0.001824
-0.001379
-0.001840
-0.003104
-0.005331
-0.001811
-0.001184
-0.001854
-0.003022
-0.003461
-0.002686
-0.004534
-0.003908
-0.002392
-0.000999
-0.000417
-0.000714
0.000185
0.001476
0.000543
0.000382
0.000361
-0.000296
0.001440
-0.000098
-0.000576
-0.000638
-0.001489
-0.001730
-0.001312
-0.001057
-0.000310
0.001680
0.001754
0.001360
0.000383
-0.002266
-0.003487
-0.002884
-0.003495
-0.004597
-0.004659
-0.005706
-0.005035
-0.006341
-0.006459
-0.004497
-0.005324
-0.006477
-0.006558
-0.007777
-0.008299
-0.007533
-0.008512
-0.010580
-0.011368
-0.012383
-0.010697
-0.009523
-0.008043
-0.008440
-0.008563
-0.006779
-0.006341
-0.005734
-0.005421
-0.005819
-0.005283
-0.005502
-0.009224
-0.007143
-0.008154
-0.008689
-0.009286
-0.011036
-0.011552
-0.012241
-0.010840
-0.010558
-0.008657
-0.008158
-0.009141
-0.008726
-0.008150
-0.006493
-0.007677
-0.010212
-0.007721
-0.009761
-0.009071
-0.008560
-0.009014
-0.008130
-0.010930
-0.009490
-0.008906
-0.010032
-0.009254
-0.008210
-0.008692
-0.007746
-0.007754
-0.008799
-0.009677
-0.010148
-0.010598
-0.011446
-0.009494
-0.011226
-0.012822
-0.011982
-0.012991
-0.015607
-0.016135
-0.018141
-0.016019
-0.015724
-0.013037
-0.013561
-0.012383
-0.011889
-0.013004
-0.013050
-0.011853
-0.012464
-0.013023
-0.014910
-0.018728
-0.018666
-0.019968
-0.017173
-0.016032
-0.015647
-0.016978
-0.016080
-0.014945
-0.011658
-0.011524
-0.013136
-0.013969
-0.013064
-0.010266
-0.010197
-0.009720
-0.009207
-0.010991
-0.012520
-0.012542
-0.012828
-0.013328
-0.014375
-0.015325
-0.013102
-0.014610
-0.013535
-0.013562
-0.012908
-0.015614
-0.012483
-0.012843
-0.012112
-0.013827
-0.011074
-0.010704
-0.012438
-0.012494
-0.012821
-0.012327
-0.011370
-0.010586
-0.010756
-0.012891
-0.013080
-0.012696
-0.010911
-0.009430
-0.011550
-0.010267
-0.009396
-0.008045
-0.010482
-0.011338
-0.010923
-0.011365
-0.012970
-0.011918
-0.012416
-0.013327
-0.014514
-0.013041
-0.013274
-0.013178
-0.011784
-0.010644
-0.010426
-0.010873
-0.011052
-0.009396
-0.010979
-0.009481
-0.009368
-0.007303
-0.004871
-0.003030
-0.003432
-0.003674
-0.002591
-0.004959
-0.004958
-0.004492
-0.003995
-0.003448
-0.006818
-0.007314
-0.007545
-0.009252
-0.008359
-0.007614
-0.007154
-0.008182
-0.008192
-0.006531
-0.005593
-0.006633
-0.006539
-0.007806
-0.007569
-0.007305
-0.007476
-0.008148
-0.007615
-0.006822
-0.006909
-0.006216
-0.006373
-0.006310
-0.007272
-0.004914
-0.006881
-0.008625
-0.009018
-0.009600
-0.012191
-0.012642
-0.012430
-0.012973
-0.012806
-0.012234
-0.009153
-0.009984
-0.009478
-0.008504
-0.007113
-0.007042
-0.006036
-0.006248
-0.004493
-0.004474
-0.002533
-0.000715
0.000827
0.000477
0.000552
0.000901
0.000429
0.000315
-0.000038
-0.001251
-0.000169
-0.000924
-0.001765
-0.001781
-0.001397
-0.000119
-0.001336
-0.002309
-0.001392
-0.002339
0.000212
0.000268
0.001800
0.002897
0.004375
0.005835
0.004501
0.003018
0.003327
0.002928
0.002475
0.002752
0.004351
0.004168
0.003034
0.003055
0.005155
0.006309
0.006217
0.008272
0.008581
0.008530
0.008396
0.008341
0.010071
0.009505
0.008375
0.008179
0.008980
0.009533
0.007119
0.009775
0.012387
0.012365
0.011692
0.012941
0.012186
0.015318
0.014581
0.014567
0.014010
0.012659
0.014007
0.015276
0.016086
0.016819
0.014416
0.013689
0.011835
0.010810
0.008288
0.010303
0.010505
0.009801
0.011029
0.011250
0.012496
0.009304
0.011157
0.012342
0.012881
0.012643
0.013718
0.014071
0.015147
0.015549
0.013829
0.012684
0.014426
0.014948
0.015942
0.016884
0.018213
0.018339
0.017229
0.015525
0.017060
0.017287
0.015992
0.015832
0.015368
0.017088
0.017227
0.018770
0.019482
0.019847
0.020676
0.020531
0.020003
0.022748
0.022903
0.022975
0.023723
0.023654
0.022687
0.020206
0.019954
0.020680
0.020218
0.017090
0.017148
0.017452
0.015497
0.015103
0.015641
0.017819
0.019826
0.019130
0.018721
0.017444
0.017741
0.016830
0.016309
0.014782
0.014145
0.016030
0.017154
0.019543
0.019090
0.018858
0.020301
0.020253
0.019695
0.019504
0.021408
0.021694
0.022782
0.020616
0.019624
0.020660
0.018832
0.018918
0.018566
0.018614
0.016840
0.015701
0.015751
0.016707
0.016474
0.017253
0.016781
0.017425
0.017345
0.018858
0.017393
0.018577
0.020534
0.019881
0.019272
0.018348
0.018358
0.020022
0.021994
0.021016
0.021443
0.020088
0.019244
0.019775
0.019155
0.017335
0.018209
0.017977
0.016354
0.014794
0.012712
0.011791
0.012118
0.012159
0.012201
0.012736
0.013675
0.014480
0.015346
0.014849
0.016329
0.016243
0.016000
0.015828
0.016810
0.015474
0.014926
0.016346
0.016173
0.016902
0.017555
0.018854
0.018759
0.016086
0.016064
0.017164
0.017841
0.019962
0.021465
0.023257
0.024386
0.026577
0.027291
0.026393
0.026335
0.026684
0.024911
0.023238
0.023577
0.023269
0.023999
0.023561
0.023918
0.023213
0.021790
0.022877
0.023900
0.026828
0.024513
0.023409
0.024260
0.023364
0.021987
0.023692
0.024566
0.022271
0.020490
0.021242
0.022812
0.021470
0.021477
0.019278
0.018896
0.019210
0.019809
0.015346
0.015233
0.015467
0.015626
0.015503
0.015830
0.016931
0.016446
0.016971
0.015840
0.015740
0.015230
0.015883
0.017372
0.016915
0.016821
0.018342
0.018502
0.017629
0.018238
0.018443
0.018072
0.019238
0.021748
0.021372
0.022011
0.023053
0.022594
0.021616
0.020696
0.021957
0.021021
0.021274
0.019370
0.018505
0.018385
0.018896
0.019348
0.019878
0.019544
0.017080
0.017944
0.016982
0.018822
0.017498
0.017237
0.015910
0.015778
0.016376
0.014912
0.014674
0.015316
0.016736
0.016462
0.015194
0.015515
0.015843
0.016276
0.016695
0.017699
0.017938
0.017456
0.018334
0.017366
0.018711
0.019419
0.018110
0.019096
0.019579
0.020707
0.021320
0.020363
0.017287
0.016473
0.017950
0.017315
0.016344
0.016239
0.017253
0.019754
0.019660
0.020227
0.021492
0.020444
0.019083
0.017672
0.018115
0.019207
0.019232
0.016994
0.015952
0.015240
0.014215
0.015782
0.018151
0.018584
0.017584
0.017148
0.015379
0.017415
0.017201
0.018416
0.018551
0.020048
0.020942
0.020445
0.019886
0.019633
0.017699
0.018087
0.018921
0.018179
0.017469
0.017840
0.017594
0.019235
0.016622
0.017011
0.016999
0.015898
0.016907
0.015818
0.015472
0.015431
0.015287
0.015059
0.013316
0.013027
0.014149
0.014524
0.011404
0.010887
0.011004
0.011309
0.010919
0.011888
0.012450
0.012052
0.011901
0.010636
0.010597
0.010480
0.010628
0.010504
0.009864
0.010411
0.010244
0.012695
0.013437
0.015278
0.015724
0.016349
0.014822
0.014176
0.013639
0.013950
0.012043
0.014344
0.012623
0.013249
0.014736
0.015532
0.015807
0.014539
0.015488
0.015189
0.015041
0.013785
0.013372
0.014414
0.015237
0.017316
0.018645
0.017735
0.015506
0.016040
0.014378
0.012544
0.011136
0.011490
0.015260
0.016224
0.017398
0.018971
0.019299
0.015693
0.016767
0.015051
0.014374
0.013979
0.015338
0.015277
0.014518
0.015359
0.015101
0.013684
0.013500
0.015611
0.015808
0.016479
0.015891
0.014755
0.015873
0.016319
0.016442
0.016464
0.016155
0.014069
0.014381
0.016388
0.017665
0.018142
0.017212
0.016654
0.017905
0.015822
0.014603
0.016232
0.014580
0.013822
0.013891
0.015304
0.015629
0.015450
0.013784
0.012081
0.011167
0.011504
0.010887
0.010464
0.009080
0.009369
0.011684
0.011147
0.012648
0.012027
0.013487
0.014722
0.016014
0.017948
0.017727
0.015150
0.013966
0.012991
0.014624
0.015016
0.014655
0.016029
0.014811
0.012792
0.011603
0.012370
0.012175
0.012064
0.010391
0.010097
0.010354
0.009834
0.011952
0.012174
0.011772
0.011064
0.012062
0.009154
0.011325
0.010505
0.010975
0.011800
0.010850
0.010114
0.010098
0.010470
0.011998
0.010577
0.010202
0.009673
0.011426
0.013442
0.011904
0.013335
0.013348
0.011445
0.010601
0.010031
0.010275
0.010614
0.010391
0.008932
0.008105
0.008658
0.006714
0.006192
0.008196
0.008596
0.008888
0.007797
0.008417
0.006050
0.007264
0.006092
0.005009
0.004686
0.004026
0.004632
0.005319
0.004452
0.003870
0.004413
0.004008
0.004694
0.005498
0.005367
0.005300
0.003891
0.003975
0.004203
0.006202
0.008677
0.009814
0.011677
0.012844
0.015631
0.016599
0.016085
0.016256
0.016260
0.018120
0.021149
0.021714
0.022684
0.023412
0.024124
0.024549
0.023135
0.024072
0.022888
0.021745
0.020818
0.020466
0.020385
0.021396
0.022225
0.022621
0.021242
0.019808
0.020003
0.021131
0.020856
0.021536
0.021692
0.021832
0.020477
0.020824
0.021367
0.020759
0.022491
0.021360
0.020270
0.019973
0.018902
0.021020
0.019519
0.017946
0.019293
0.019274
0.017769
0.016925
0.016364
0.014579
0.014538
0.015927
0.017062
0.017979
0.017372
0.019353
0.019670
0.020728
0.021701
0.023546
0.022395
0.022716
0.022443
0.024841
0.025407
0.024106
0.023024
0.022030
0.021237
0.020715
0.019970
0.019180
0.017645
0.016986
0.017957
0.017557
0.017467
0.017625
0.018121
0.016828
0.016570
0.015898
0.015990
0.015358
0.014582
0.014553
0.013849
0.013180
0.014197
0.013614
0.014423
0.015120
0.014500
0.015313
0.015046
0.015814
0.015495
0.015713
0.016162
0.017209
0.017096
0.016321
0.016104
0.016254
0.015852
0.015880
0.017704
0.017720
0.016321
0.017012
0.014868
0.016044
0.015537
0.016998
0.018478
0.016186
0.018410
0.020007
0.019722
0.019613
0.018576
0.018227
0.017814
0.017419
0.017160
0.019268
0.019527
0.017489
0.018181
0.018666
0.017274
0.017068
0.016946
0.017987
0.016270
0.017379
0.016778
0.015850
0.016216
0.016775
0.016856
0.016793
0.016702
0.017050
0.016305
0.016200
0.016887
0.016098
0.014278
0.014240
0.015476
0.016748
0.016829
0.017715
0.018024
0.017465
0.017137
0.017412
0.016425
0.016307
0.015961
0.016988
0.016353
0.015410
0.014271
0.011741
0.011606
0.010661
0.008910
0.008113
0.007667
0.009711
0.010848
0.010457
0.011259
0.010581
0.009714
0.009826
0.009250
0.009876
0.010789
0.011891
0.011871
0.011964
0.010797
0.009690
0.008791
0.008913
0.009482
0.009441
0.010211
0.010037
0.010124
0.010852
0.010082
0.009185
0.010014
0.010562
0.008633
0.009792
0.007801
0.006208
0.006665
0.006478
0.007086
0.007257
0.007254
0.005678
0.006329
0.004013
0.004825
0.004843
0.003597
0.002192
0.002434
0.001179
0.000071
0.000634
0.001132
0.001087
0.000965
-0.000298
0.002292
0.001940
0.002508
0.001955
0.004174
0.003741
0.003668
0.002223
0.003777
0.003124
0.003642
0.004903
0.004638
0.004624
0.004203
0.004026
0.003718
0.003484
0.002732
0.001811
0.002274
0.001427
0.000435
0.001831
0.001442
0.001924
0.000216
0.000148
-0.000240
0.000307
0.000468
0.003108
0.002781
0.002754
0.003531
0.003482
0.003462
0.004507
0.005184
0.006082
0.007296
0.008698
0.007232
0.006960
0.005800
0.003888
0.002731
0.001069
0.001922
0.002945
0.001765
0.001220
0.000428
0.001852
0.002969
0.005386
0.006825
0.005420
0.004728
0.006789
0.007803
0.009692
0.010407
0.010642
0.010158
0.010701
0.011643
0.010340
0.009394
0.007934
0.010063
0.011842
0.011379
0.010580
0.008515
0.009759
0.008504
0.009046
0.008624
0.008332
0.010174
0.010253
0.011375
0.011851
0.010446
0.010349
0.009152
0.009652
0.008277
0.007648
0.007735
0.006852
0.006037
0.007328
0.006759
0.005257
0.006772
0.006127
0.006109
0.005528
0.004454
0.004762
0.003873
0.004450
0.005526
0.004546
0.004100
0.004405
0.001656
0.003576
0.001151
-0.000400
0.001836
0.002299
0.000243
-0.001523
-0.002190
-0.003615
-0.002724
-0.001610
-0.002418
-0.002336
-0.002647
-0.002701
-0.000929
0.001399
0.004226
0.002666
0.002366
0.001391
0.002767
0.002908
0.003211
0.002886
0.004366
0.005637
0.005677
0.004704
0.003334
0.002804
0.001577
0.002725
0.002962
0.003366
0.002751
0.004543
0.005371
0.004608
0.007546
0.004762
0.006373
0.004944
0.004232
0.006390
0.004535
0.005045
0.006144
0.006335
0.006068
0.003330
0.003318
0.005876
0.005218
0.004115
0.005493
0.006064
0.005387
0.007324
0.005144
0.004743
0.003846
0.005711
0.005996
0.004334
0.002024
0.002617
0.001083
0.002251
0.001686
0.000689
-0.001020
-0.001168
-0.000057
-0.000284
0.001749
0.000760
0.002851
0.003661
0.004315
0.004796
0.002157
0.003376
0.004590
0.004880
0.005532
0.008226
0.007577
0.006904
0.006046
0.004820
0.004455
0.004989
0.006555
0.006387
0.006638
0.007332
0.007579
0.007293
0.007075
0.006661
0.006988
0.005964
0.007464
0.008353
0.007844
0.007261
0.007948
0.007661
0.007071
0.006436
0.006563
0.007983
0.006572
0.006364
0.005091
0.004949
0.004934
0.004103
0.003139
0.002076
0.002521
0.002132
0.001083
0.001427
-0.000217
0.000343
-0.000266
-0.000471
-0.001785
-0.002974
-0.003868
-0.002120
-0.002805
-0.003284
-0.003221
-0.000150
-0.002238
-0.001830
-0.003700
-0.003632
-0.002965
-0.002876
-0.003138
-0.001885
-0.001444
-0.001380
-0.000799
-0.000258
-0.001073
0.001063
0.002591
0.001902
0.004073
0.005238
0.004369
0.005803
0.006785
0.006383
0.006124
0.005973
0.005718
0.006621
0.006775
0.007874
0.007374
0.006904
0.005572
0.003681
0.004465
0.006507
0.004384
0.003529
0.003813
0.004448
0.003683
0.004582
0.005854
0.004796
0.003490
0.004399
0.003161
0.003811
0.001845
0.003074
0.004232
0.004454
0.004153
0.004254
0.002971
0.000119
-0.000563
0.000300
-0.000283
-0.000818
-0.000736
-0.001203
-0.000697
-0.002036
-0.001468
-0.001962
0.000130
0.000109
-0.000375
-0.001968
-0.001567
-0.000844
-0.000282
-0.000173
-0.001154
-0.001012
-0.000193
0.000771
-0.000900
-0.002247
-0.002689
-0.002481
-0.003581
-0.003607
-0.003787
-0.004894
-0.006401
-0.005899
-0.006022
-0.006866
-0.005796
-0.005738
-0.004846
-0.006713
-0.004602
-0.003668
-0.002975
-0.000546
0.000678
0.001153
0.001493
0.002927
0.005165
0.004633
0.007705
0.005693
0.003874
0.004980
0.006152
0.008649
0.011114
0.012510
0.011526
0.012558
0.010553
0.011393
0.012974
0.013417
0.013668
0.012321
0.011710
0.013095
0.013166
0.013582
0.013088
0.014373
0.015300
0.013576
0.012459
0.013919
0.015566
0.015801
0.014493
0.013923
0.014845
0.014129
0.014149
0.014977
0.015733
0.015550
0.016066
0.015847
0.017401
0.018122
0.018671
0.019423
0.020450
0.019268
0.019992
0.019820
0.020204
0.021130
0.021433
0.019088
0.017248
0.017868
0.018861
0.019148
0.019255
0.018320
0.019061
0.019409
0.017773
0.017573
0.017234
0.017160
0.015873
0.017570
0.019592
0.020089
0.018835
0.016600
0.016575
0.017778
0.016396
0.016353
0.017714
0.017630
0.017152
0.017632
0.015767
0.012926
0.016902
0.019252
0.018508
0.019790
0.019874
0.019781
0.018665
0.019904
0.017718
0.018131
0.018110
0.017703
0.016615
0.016606
0.018602
0.018204
0.016836
0.014935
0.015581
0.015166
0.013937
0.013614
0.013466
0.013581
0.012487
0.011435
0.010975
0.011265
0.011327
0.011117
0.009905
0.009830
0.008631
0.010636
0.011547
0.010274
0.008862
0.007656
0.008038
0.009960
0.011446
0.011121
0.009832
0.010202
0.009836
0.010407
0.011407
0.010641
0.007381
0.008148
0.009597
0.008304
0.008836
0.008957
0.008920
0.008221
0.009091
0.008537
0.008921
0.008827
0.009661
0.008777
0.008012
0.007511
0.007987
0.008324
0.008074
0.008239
0.009264
0.007384
0.006551
0.005858
0.006194
0.007073
0.009024
0.009328
0.010121
0.008392
0.006977
0.009272
0.011639
0.013568
0.013893
0.014660
0.016216
0.017450
0.017976
0.016915
0.018170
0.017331
0.017087
0.019237
0.019255
0.020196
0.020564
0.020960
0.019710
0.020437
0.019045
0.019475
0.021137
0.021093
0.019424
0.019412
0.019030
0.018717
0.018847
0.020993
0.021639
0.022147
0.021790
0.022171
0.022037
0.021066
0.020584
0.020901
0.020979
0.020360
0.019269
0.020353
0.018677
0.017189
0.016744
0.017337
0.016254
0.016745
0.017460
0.018409
0.017753
0.018945
0.018601
0.017421
0.017426
0.018533
0.019261
0.017844
0.015348
0.014024
0.012988
0.012486
0.013823
0.014717
0.012075
0.011309
0.009133
0.010132
0.008744
0.008960
0.008572
0.007899
0.008549
0.009404
0.009802
0.012468
0.013463
0.013593
0.013940
0.012082
0.012460
0.010810
0.013164
0.012430
0.014568
0.012307
0.011745
0.009568
0.008474
0.009441
0.007892
0.008405
0.009356
0.009520
0.007907
0.007917
0.006694
0.005660
0.005414
0.002525
0.002185
0.002188
0.001895
0.002848
0.001254
0.001796
0.002679
0.003709
0.003620
0.003240
0.003930
0.003308
0.003899
0.005378
0.005035
0.005535
0.003674
0.005480
0.005264
0.004811
0.005451
0.006368
0.008154
0.010156
0.011107
0.011772
0.011644
0.010472
0.011575
0.012603
0.011330
0.011942
0.010515
0.010085
0.007459
0.011937
0.012051
0.013862
0.014702
0.014407
0.014017
0.013055
0.010775
0.012095
0.012162
0.013487
0.014987
0.012566
0.012648
0.010527
0.009890
0.010223
0.011662
0.010644
0.010907
0.010547
0.010114
0.009983
0.009342
0.009695
0.011004
0.013603
0.015294
0.011523
0.010920
0.009856
0.008232
0.006303
0.005018
0.006089
0.005719
0.006539
0.007735
0.007525
0.006977
0.009495
0.008981
0.007725
0.006149
0.008143
0.008145
0.009614
0.009222
0.011221
0.010156
0.009055
0.008601
0.007693
0.006406
0.006627
0.008683
0.007945
0.006239
0.008377
0.008921
0.008767
0.009520
0.010860
0.010599
0.010121
0.011077
0.010796
0.009210
0.008000
0.006954
0.006988
0.006350
0.006661
0.006077
0.005412
0.007265
0.007487
0.004872
0.003774
0.005746
0.006094
0.008671
0.008903
0.008497
0.008555
0.009677
0.010349
0.009998
0.008720
0.010223
0.010987
0.010461
0.008654
0.008984
0.011290
0.012313
0.012578
0.014270
0.014810
0.015691
0.015854
0.016000
0.016932
0.016932
0.016494
0.015996
0.016959
0.016793
0.017517
0.017704
0.017821
0.014948
0.016404
0.015525
0.014154
0.015398
0.016379
0.017176
0.018869
0.016856
0.017378
0.014822
0.016451
0.013898
0.011040
0.011931
0.011490
0.012966
0.015207
0.015361
0.013122
0.012892
0.011773
0.013978
0.014899
0.014019
0.012154
0.013050
0.012902
0.011768
0.011708
0.011991
0.012821
0.012935
0.015210
0.014704
0.015759
0.014843
0.015031
0.013335
0.012017
0.010894
0.009237
0.010619
0.011070
0.008150
0.005499
0.004809
0.006030
0.006894
0.009616
0.011256
0.011193
0.009898
0.009318
0.009167
0.007638
0.007818
0.008480
0.007986
0.006205
0.003877
0.003124
0.005821
0.005229
0.006851
0.005251
0.005809
0.004382
0.004137
0.003615
0.004690
0.005975
0.007160
0.004919
0.006350
0.005200
0.003483
0.002366
0.002485
0.004493
0.005997
0.005877
0.006116
0.005645
0.006791
0.008183
0.007193
0.008234
0.009141
0.010294
0.006838
0.004886
0.006018
0.006373
0.005763
0.004204
0.004286
0.005472
0.003528
0.004476
0.005700
0.003944
0.003064
0.002837
0.003658
0.003008
0.003495
0.005373
0.004161
0.005106
0.007040
0.007030
0.007205
0.006147
0.007885
0.007929
0.007444
0.008278
0.009907
0.010652
0.011641
0.011538
0.011479
0.012074
0.011560
0.011975
0.011041
0.012445
0.013046
0.012633
0.012063
0.011577
0.012823
0.012817
0.012151
0.013234
0.015325
0.014355
0.015222
0.014576
0.014164
0.014412
0.014270
0.012214
0.011300
0.011585
0.010053
0.011517
0.009360
0.008419
0.009596
0.009390
0.009302
0.010187
0.009620
0.009015
0.009238
0.007921
0.006049
0.007389
0.008383
0.008370
0.007706
0.006967
0.008763
0.010531
0.011356
0.009849
0.010255
0.010516
0.010578
0.010680
0.010094
0.010046
0.010260
0.012173
0.011459
0.011998
0.012562
0.012987
0.015185
0.015163
0.015082
0.014614
0.013546
0.013165
0.012097
0.014367
0.014566
0.014720
0.015182
0.013959
0.016069
0.015334
0.015138
0.016299
0.015654
0.014971
0.014426
0.015313
0.015012
0.015925
0.015552
0.016063
0.015185
0.013989
0.011491
0.010153
0.008951
0.008670
0.007010
0.007567
0.007556
0.007816
0.008464
0.009360
0.009701
0.008729
0.008314
0.008426
0.008130
0.007300
0.007876
0.006821
0.006183
0.006390
0.006071
0.006222
0.006297
0.006933
0.007245
0.006871
0.008268
0.008372
0.008975
0.006881
0.007715
0.007592
0.007508
0.008519
0.009275
0.009087
0.009418
0.010246
0.009193
0.009095
0.007646
0.008665
0.008284
0.009255
0.011133
0.010397
0.011965
0.013192
0.015702
0.014070
0.013723
0.014793
0.016156
0.018396
0.018224
0.018587
0.019252
0.018738
0.020036
0.017767
0.016332
0.015431
0.016133
0.017185
0.015910
0.014824
0.015494
0.016040
0.015580
0.016531
0.015315
0.014873
0.015569
0.016130
0.014970
0.014273
0.014074
0.013028
0.014794
0.013817
0.015286
0.015478
0.014180
0.013009
0.012236
0.011802
0.013008
0.012818
0.013813
0.014742
0.013894
0.013989
0.014797
0.015310
0.014562
0.014926
0.017075
0.015907
0.017203
0.018445
0.017488
0.018490
0.018053
0.017868
0.017055
0.017560
0.019089
0.018314
0.019098
0.018070
0.018313
0.018041
0.016505
0.016947
0.018712
0.017918
0.017339
0.017014
0.016127
0.015968
0.016991
0.018519
0.018863
0.017643
0.016350
0.016138
0.015011
0.016738
0.014792
0.017560
0.015364
0.015108
0.017265
0.015454
0.015193
0.017337
0.015974
0.016272
0.015915
0.013913
0.015443
0.015859
0.015458
0.015840
0.014711
0.014767
0.015721
0.014389
0.015346
0.015598
0.014697
0.014026
0.016188
0.015603
0.013975
0.014417
0.014833
0.016455
0.014847
0.014170
0.013280
0.014528
0.013483
0.013683
0.011911
0.011654
0.011450
0.010737
0.012107
0.011488
0.010571
0.010261
0.011736
0.012296
0.012887
0.013877
0.012102
0.011961
0.012875
0.009963
0.009197
0.010284
0.009892
0.010075
0.008851
0.010682
0.011894
0.011835
0.011706
0.012347
0.013274
0.014568
0.014672
0.014306
0.014213
0.013684
0.015149
0.013700
0.013971
0.013944
0.015040
0.015791
0.014241
0.013870
0.012834
0.011340
0.010515
0.009854
0.008210
0.007909
0.008901
0.007624
0.009905
0.008739
0.009281
0.009620
0.008218
0.008556
0.008570
0.008750
0.008293
0.008523
0.008906
0.008624
0.008930
0.010778
0.011465
0.012013
0.013209
0.012322
0.014223
0.014651
0.013955
0.015547
0.016617
0.016996
0.016855
0.017291
0.016033
0.014612
0.014813
0.013398
0.012114
0.014987
0.015759
0.013898
0.012676
0.011912
0.011874
0.012529
0.012510
0.013820
0.012760
0.013107
0.013134
0.013970
0.012360
0.014175
0.013600
0.014477
0.014889
0.015974
0.017050
0.015810
0.016267
0.015872
0.015961
0.016322
0.017178
0.016830
0.017143
0.018787
0.018831
0.018616
0.019163
0.017845
0.017345
0.017235
0.016881
0.017141
0.016629
0.016149
0.017308
0.016884
0.017432
0.018079
0.017000
0.017578
0.015870
0.016569
0.015831
0.018323
0.018748
0.019190
0.020669
0.021329
0.021884
0.022468
0.023867
0.023924
0.023058
0.023559
0.023321
0.022001
0.021359
0.021534
0.021625
0.019831
0.018819
0.018994
0.020087
0.020665
0.020924
0.019620
0.020317
0.019518
0.017841
0.019727
0.019004
0.021809
0.022970
0.021766
0.021832
0.021853
0.022591
0.022188
0.021056
0.021909
0.019442
0.017345
0.016600
0.017251
0.016177
0.015915
0.017272
0.017440
0.019257
0.017979
0.017608
0.019477
0.021339
0.020863
0.019836
0.019421
0.020671
0.020217
0.020105
0.020164
0.020330
0.020518
0.020819
0.019040
0.018179
0.017114
0.017005
0.014640
0.015559
0.017158
0.018139
0.018554
0.018758
0.016974
0.017149
0.014876
0.015508
0.015965
0.016807
0.015355
0.014896
0.013422
0.012506
0.012471
0.012586
0.012132
0.011300
0.011629
0.011934
0.012854
0.012481
0.010457
0.012655
0.012703
0.012864
0.014097
0.014027
0.010224
0.010965
0.010404
0.009162
0.010626
0.011140
0.010449
0.011023
0.011764
0.011580
0.010372
0.011920
0.011324
0.012358
0.012225
0.010975
0.009054
0.008573
0.008043
0.007075
0.007125
0.007086
0.007849
0.005948
0.006870
0.006264
0.006638
0.005943
0.006173
0.006043
0.005948
0.005665
0.005099
0.005302
0.006122
0.006258
0.005054
0.005783
0.005742
0.005925
0.006453
0.006959
0.007405
0.006189
0.006494
0.006148
0.004811
0.005179
0.006045
0.004580
0.002542
0.001553
0.002480
0.003448
0.003590
0.002335
0.001391
0.001960
0.001885
0.002769
0.001985
0.002475
-0.000757
-0.000192
-0.000447
0.000804
-0.000627
0.000696
0.001575
0.001664
-0.000096
0.000694
0.002103
0.000642
-0.000488
-0.002125
-0.001079
-0.000718
-0.001784
-0.000950
0.000524
0.001138
0.001739
0.001609
0.000836
0.000432
0.000709
0.002531
0.003885
0.005508
0.004645
0.002594
0.002185
0.000549
0.001801
0.001413
0.002864
0.005408
0.006581
0.006441
0.004638
0.004108
0.005577
0.005510
0.006147
0.006385
0.006100
0.006452
0.005341
0.005777
0.006517
0.009363
0.008342
0.008190
0.006855
0.008282
0.008341
0.008624
0.010124
0.009635
0.010009
0.010449
0.010896
0.011478
0.011547
0.011518
0.010902
0.011003
0.012096
0.013126
0.013299
0.011571
0.013509
0.014729
0.014791
0.016055
0.018255
0.019570
0.021051
0.022398
0.021865
0.022354
0.021357
0.022414
0.022367
0.020854
0.021235
0.023331
0.021038
0.020928
0.021258
0.022581
0.022713
0.023008
0.020694
0.021199
0.020313
0.021421
0.019534
0.020888
0.021537
0.021623
0.019602
0.018937
0.019780
0.020556
0.021255
0.021675
0.021338
0.021801
0.023293
0.021117
0.020127
0.018677
0.017558
0.018058
0.016875
0.017827
0.016926
0.016552
0.015792
0.015836
0.016666
0.017328
0.015766
0.015857
0.015205
0.014291
0.013022
0.011685
0.009878
0.009961
0.009787
0.009890
0.008655
0.010235
0.008487
0.009198
0.008764
0.009200
0.008707
0.009888
0.012086
0.011891
0.010599
0.011570
0.011347
0.008898
0.008779
0.009983
0.010284
0.010949
0.009571
0.008953
0.008975
0.007751
0.005549
0.005208
0.006009
0.007232
0.007701
0.008401
0.006427
0.005305
0.005537
0.005715
0.005077
0.003657
0.003561
0.002884
0.000453
-0.000175
-0.001076
0.001347
0.003212
0.003430
0.003018
0.003425
0.002794
0.001833
0.001317
0.000167
0.001166
-0.001213
-0.002175
-0.001106
-0.001847
-0.000538
0.000024
-0.000249
-0.000513
-0.002000
-0.002130
-0.001663
-0.000647
0.001665
0.002039
0.002668
0.001807
0.002057
0.001038
0.000840
0.001588
0.003341
0.003381
0.002514
0.003430
0.002537
0.005036
0.006020
0.006695
0.006682
0.006966
0.008077
0.008151
0.007440
0.006929
0.006262
0.005284
0.005150
0.005544
0.006862
0.006428
0.006108
0.008025
0.007098
0.006827
0.007196
0.007134
0.007554
0.009336
0.010181
0.009287
0.008114
0.007908
0.006202
0.004862
0.005655
0.005442
0.005970
0.006766
0.007456
0.009157
0.008950
0.008781
0.007675
0.008312
0.008089
0.008098
0.008566
0.009617
0.009450
0.009858
0.011483
0.011292
0.011157
0.012527
0.011026
0.010427
0.009180
0.010241
0.011654
0.012603
0.012683
0.012157
0.014015
0.014472
0.015556
0.014871
0.015770
0.016379
0.016156
0.016355
0.015720
0.016378
0.016651
0.017115
0.017748
0.018296
0.018950
0.016681
0.016747
0.016009
0.015045
0.015376
0.017737
0.018010
0.017693
0.018238
0.018519
0.017658
0.017476
0.017841
0.018370
0.018539
0.019255
0.018016
0.018764
0.018449
0.016123
0.015351
0.014158
0.015305
0.014549
0.015409
0.015968
0.014769
0.013268
0.012278
0.012788
0.012386
0.013689
0.013240
0.013499
0.012927
0.011707
0.011862
0.012386
0.011840
0.011186
0.010403
0.011178
0.010173
0.010481
0.010874
0.012013
0.011558
0.011241
0.012017
0.013062
0.013166
0.014139
0.014206
0.014133
0.014102
0.014225
0.014199
0.013191
0.012720
0.012223
0.013025
0.013879
0.013461
0.016949
0.017851
0.016446
0.015334
0.016568
0.017374
0.017988
0.018736
0.018817
0.018910
0.019845
0.019992
0.020521
0.020732
0.021850
0.019147
0.019272
0.018645
0.017761
0.018090
0.017733
0.019217
0.018306
0.017964
0.015533
0.014912
0.015728
0.015859
0.016293
0.015620
0.015762
0.014460
0.014976
0.016237
0.015936
0.017406
0.016576
0.016930
0.016869
0.017187
0.016120
0.015717
0.015359
0.014210
0.013465
0.012168
0.013211
0.014031
0.014467
0.016522
0.015474
0.016044
0.015556
0.015293
0.015542
0.015409
0.016066
0.014569
0.016253
0.017738
0.018052
0.017246
0.016257
0.015355
0.012498
0.011230
0.011960
0.012889
0.013281
0.015553
0.017308
0.016429
0.016585
0.017581
0.016731
0.019326
0.020947
0.020066
0.020548
0.020396
0.021262
0.022693
0.021604
0.023120
0.023857
0.024748
0.026467
0.025172
0.027018
0.026557
0.027601
0.027626
0.024882
0.024243
0.025336
0.024556
0.024292
0.026518
0.027167
0.026866
0.026661
0.029067
0.030706
0.029781
0.029212
0.030451
0.030989
0.030846
0.028595
0.029082
0.028414
0.030136
0.032737
0.033824
0.035406
0.033916
0.033750
0.034655
0.036012
0.034658
0.035771
0.035840
0.034616
0.034181
0.036911
0.035214
0.035879
0.035723
0.035576
0.036480
0.035493
0.037097
0.037384
0.036006
0.035538
0.035436
0.037259
0.038663
0.037520
0.036475
0.038571
0.038865
0.037578
0.038549
0.036929
0.035745
0.036034
0.036566
0.037687
0.036760
0.037781
0.036479
0.037880
0.038275
0.038565
0.038418
0.041114
0.042137
0.041119
0.041740
0.041418
0.042915
0.044217
0.042709
0.043720
0.043680
0.042045
0.040438
0.038407
0.038507
0.037447
0.037887
0.037994
0.037655
0.038099
0.040184
0.042234
0.041049
0.040073
0.039648
0.039728
0.039619
0.038666
0.038873
0.036905
0.036520
0.035453
0.037138
0.035304
0.036046
0.035520
0.037046
0.038760
0.038119
0.039511
0.039137
0.039584
0.039607
0.040278
0.041109
0.041545
0.041469
0.042119
0.041628
0.041381
0.040210
0.040510
0.037977
0.036746
0.036350
0.036930
0.037703
0.038889
0.037449
0.036834
0.036137
0.036344
0.036606
0.035244
0.035971
0.034787
0.033249
0.035103
0.036431
0.038013
0.037587
0.036104
0.036656
0.037035
0.036189
0.035956
0.035796
0.035017
0.035014
0.033833
0.033994
0.034530
0.035461
0.033652
0.033902
0.032726
0.032530
0.031321
0.031029
0.031732
0.031243
0.029394
0.028338
0.028783
0.028208
0.026929
0.027286
0.025929
0.025895
0.027592
0.028358
0.026317
0.026255
0.028005
0.028115
0.027768
0.028095
0.026481
0.027299
0.025963
0.024711
0.026073
0.025244
0.025146
0.024741
0.023925
0.024960
0.024925
0.025828
0.025796
0.026416
0.027343
0.026176
0.025715
0.024392
0.024495
0.024896
0.026037
0.024386
0.026249
0.027928
0.029086
0.030177
0.029414
0.027753
0.029196
0.029388
0.027274
0.028343
0.026954
0.027514
0.027639
0.028677
0.026446
0.026129
0.025988
0.025655
0.023362
0.022914
0.023460
0.023518
0.024394
0.024992
0.025711
0.024632
0.023654
0.021860
0.023149
0.022774
0.021361
0.019548
0.021327
0.020669
0.020611
0.020687
0.020255
0.021030
0.021607
0.020991
0.021093
0.021563
0.020957
0.020758
0.020675
0.021644
0.022184
0.022334
0.021270
0.021925
0.021822
0.020265
0.021060
0.022185
0.021748
0.021517
0.021448
0.022531
0.022428
0.022356
0.021661
0.022414
0.022044
0.021548
0.021135
0.021457
0.022763
0.023593
0.023663
0.024226
0.025134
0.025799
0.027534
0.028197
0.028838
0.029202
0.029672
0.031583
0.031054
0.031681
0.031869
0.031911
0.032337
0.029652
0.030478
0.029085
0.027013
0.025841
0.027484
0.027742
0.028559
0.027000
0.027677
0.028433
0.028361
0.027903
0.027172
0.027352
0.026581
0.025805
0.024663
0.023781
0.023985
0.024137
0.025747
0.024056
0.024040
0.024283
0.021931
0.021464
0.020435
0.020057
0.021958
0.021322
0.020097
0.018923
0.018539
0.018852
0.019660
0.019400
0.019032
0.017674
0.018593
0.016636
0.016855
0.015001
0.015953
0.016058
0.016183
0.014728
0.014348
0.014294
0.015315
0.014290
0.012970
0.012807
0.011516
0.011381
0.010916
0.010458
0.010297
0.007641
0.006764
0.005944
0.007938
0.009187
0.010077
0.011182
0.009961
0.009522
0.010048
0.009543
0.009155
0.011944
0.012863
0.012311
0.012448
0.010840
0.008122
0.007463
0.008180
0.007769
0.009324
0.010269
0.010099
0.010453
0.010770
0.010164
0.008042
0.008691
0.008114
0.007977
0.007338
0.008053
0.008059
0.008974
0.008499
0.008478
0.007311
0.006880
0.007513
0.008360
0.008952
0.010461
0.010487
0.011922
0.011406
0.013322
0.013497
0.015099
0.015900
0.016105
0.014173
0.012970
0.011150
0.009470
0.007534
0.008320
0.006816
0.008704
0.008597
0.009511
0.009063
0.008892
0.010360
0.012591
0.010870
0.010279
0.010289
0.010334
0.008916
0.009760
0.009378
0.010461
0.009817
0.010348
0.010643
0.011795
0.013530
0.015458
0.015607
0.016603
0.014615
0.013674
0.015449
0.015198
0.014450
0.016776
0.015903
0.016443
0.015512
0.015902
0.017908
0.018535
0.017519
0.017614
0.018726
0.018119
0.017116
0.018383
0.019973
0.020770
0.019741
0.021562
0.021846
0.021942
0.022451
0.022180
0.022968
0.024535
0.025919
0.026379
0.028689
0.028604
0.028548
0.027577
0.027782
0.025449
0.025425
0.024885
0.024067
0.023588
0.023492
0.023066
0.022967
0.023401
0.023923
0.023098
0.023394
0.022418
0.021929
0.020855
0.019035
0.019003
0.019428
0.020553
0.020624
0.020137
0.020054
0.020354
0.018587
0.017425
0.018802
0.018476
0.017759
0.016323
0.015672
0.014934
0.012949
0.013580
0.014683
0.014823
0.016610
0.018381
0.016661
0.015888
0.015307
0.014462
0.015143
0.015345
0.015219
0.016663
0.017752
0.016477
0.016889
0.014735
0.016982
0.017223
0.017435
0.016670
0.018112
0.018617
0.017314
0.016240
0.016523
0.016675
0.016451
0.014979
0.015222
0.014148
0.013187
0.012551
0.013713
0.012418
0.013109
0.011036
0.011776
0.010877
0.010556
0.010230
0.011296
0.011796
0.012457
0.012605
0.012675
0.012779
0.012389
0.011880
0.012340
0.012353
0.012151
0.012333
0.013742
0.014855
0.016119
0.018187
0.018772
0.017342
0.016294
0.016514
0.016696
0.017483
0.016911
0.016810
0.018207
0.016752
0.017191
0.017843
0.016882
0.016228
0.016280
0.015525
0.014985
0.016091
0.016490
0.014858
0.013528
0.014303
0.014531
0.015195
0.016382
0.016901
0.016832
0.015541
0.017726
0.016633
0.016191
0.016072
0.016112
0.017058
0.018850
0.019578
0.020746
0.022365
0.021391
0.021770
0.021898
0.023909
