-0.000858
-0.015577
-0.007049
0.001783
0.002254
0.022633
0.029669
0.031898
0.032786
0.022954
-0.001446
0.014754
0.012365
0.010906
0.015107
0.014874
0.011828
0.018216
0.014811
0.013136
0.019387
0.030820
0.045915
0.027840
0.023342
0.013067
0.013444
0.000474
0.003826
0.012535
0.011721
0.014904
0.010947
0.018959
0.027443
0.025354
0.023159
0.013476
0.022483
0.029282
0.016429
0.017677
0.016583
0.018417
0.016142
0.024668
0.020284
0.031339
0.032709
0.033402
0.029904
0.040152
0.038324
0.040621
0.047695
0.051574
0.052594
0.049466
0.048307
0.054374
0.051847
0.047335
0.052867
0.056455
0.055339
0.059156
0.059245
0.055344
0.061089
0.063248
0.064345
0.064636
0.053180
0.051009
0.048058
0.055276
0.052161
0.050607
0.053490
0.053940
0.052028
0.048393
0.048526
0.049342
0.048141
0.042613
0.042602
0.035603
0.036747
0.037092
0.036298
0.034037
0.033095
0.034879
0.030623
0.030797
0.024136
0.022627
0.022828
0.022300
0.023188
0.025643
0.028686
0.033883
0.030875
0.029569
0.029621
0.025196
0.026690
0.024238
0.024320
0.021850
0.024414
0.025762
0.030970
0.034647
0.036809
0.041356
0.038456
0.040321
0.041010
0.042697
0.040474
0.033182
0.031332
0.032766
0.030979
0.032475
0.032390
0.032588
0.029240
0.032764
0.033940
0.029507
0.029688
0.029733
0.033299
0.029843
0.033820
0.038711
0.037121
0.033979
0.038190
0.038113
0.038585
0.037837
0.040100
0.041407
0.039466
0.036568
0.039129
0.041371
0.040767
0.046002
0.047015
0.049490
0.048132
0.055847
0.058108
0.057531
0.058043
0.056942
0.061287
0.061086
0.052763
0.051948
0.048886
0.055709
0.056271
0.054119
0.058042
0.059761
0.055073
0.053325
0.059430
0.060029
0.061302
0.066055
0.069563
0.068100
0.065048
0.069033
0.067835
0.064775
0.064930
0.065942
0.066994
0.066777
0.071517
0.071281
0.068703
0.068036
0.069208
0.071375
0.077611
0.079203
0.078290
0.083183
0.085718
0.086438
0.085000
0.087655
0.083247
0.084246
0.084988
0.082651
0.084080
0.079722
0.081301
0.082028
0.080317
0.081479
0.083448
0.084647
0.082872
0.082525
0.084016
0.082857
0.084120
0.089222
0.083587
0.078299
0.081892
0.081310
0.077653
0.075715
0.079009
0.078166
0.079262
0.075828
0.077381
0.075648
0.077299
0.083419
0.082784
0.079539
0.079809
0.077741
0.076467
0.076711
0.078479
0.080373
0.081476
0.082451
0.081607
0.084738
0.085602
0.086116
0.086628
0.085419
0.085709
0.081159
0.081839
0.084009
0.084324
0.084245
0.086255
0.090394
0.087020
0.087696
0.088625
0.089948
0.092928
0.089345
0.091062
0.093284
0.096430
0.097205
0.099114
0.096612
0.097343
0.094203
0.091110
0.090312
0.092315
0.093517
0.094163
0.094076
0.098222
0.098610
0.101525
0.100692
0.104831
0.104226
0.103612
0.100928
0.101847
0.100753
0.098358
0.097401
0.099695
0.098373
0.099182
0.101318
0.102354
0.102770
0.101122
0.103631
0.103813
0.105336
0.105020
0.106720
0.108731
0.107887
0.110080
0.112687
0.109607
0.107526
0.108970
0.109750
0.109095
0.110997
0.112892
0.116416
0.119705
0.120795
0.119274
0.117728
0.117462
0.117256
0.121187
0.122287
0.119932
0.117820
0.116989
0.116348
0.114039
0.120313
0.121305
0.121536
0.119177
0.115901
0.116978
0.120419
0.120108
0.121808
0.121686
0.123866
0.123728
0.125755
0.124719
0.125731
0.126071
0.125813
0.124101
0.125463
0.120129
0.120390
0.120818
0.115170
0.119947
0.121811
0.123074
0.121940
0.123617
0.120591
0.116355
0.117805
0.114534
0.112750
0.111742
0.115326
0.113322
0.110340
0.109920
0.109650
0.109160
0.109942
0.110617
0.110580
0.111148
0.108481
0.106694
0.101366
0.101232
0.099970
0.099891
0.098836
0.096140
0.096489
0.098536
0.099244
0.099392
0.097086
0.096614
0.096474
0.095815
0.093950
0.092953
0.091563
0.089788
0.092824
0.092126
0.092122
0.091614
0.089620
0.091677
0.089649
0.094868
0.094940
0.097167
0.101378
0.101072
0.098005
0.099504
0.096328
0.093671
0.092594
0.088450
0.088089
0.087951
0.090300
0.090105
0.090280
0.088244
0.086389
0.085635
0.083824
0.083458
0.084301
0.083475
0.084002
0.081453
0.079579
0.081506
0.079887
0.079499
0.078685
0.076553
0.076080
0.077350
0.077286
0.077484
0.078112
0.077234
0.075902
0.075252
0.075076
0.076194
0.074074
0.073911
0.072818
0.076172
0.077953
0.078639
0.079158
0.078974
0.083037
0.088394
0.089422
0.089774
0.091737
0.094952
0.096807
0.097059
0.096093
0.093760
0.094194
0.097033
0.099827
0.103658
0.101596
0.101102
0.099380
0.099641
0.095975
0.095905
0.096948
0.093837
0.095777
0.096901
0.094691
0.094551
0.094123
0.090320
0.091212
0.090623
0.093147
0.093536
0.092241
0.093259
0.094091
0.094796
0.095794
0.096935
0.097977
0.098123
0.096488
0.098217
0.099520
0.099858
0.102605
0.098112
0.093708
0.092238
0.090829
0.092140
0.089133
0.088352
0.089946
0.088737
0.092133
0.092785
0.093175
0.091408
0.091766
0.091122
0.088970
0.087734
0.085807
0.083362
0.084005
0.084046
0.083896
0.087146
0.088651
0.088227
0.087297
0.088440
0.087105
0.086933
0.089521
0.087418
0.085110
0.087947
0.089854
0.091291
0.088958
0.086689
0.084408
0.080466
0.077958
0.075609
0.072503
0.070474
0.072504
0.072109
0.072188
0.070972
0.072505
0.072924
0.071738
0.071585
0.069877
0.069200
0.070634
0.070844
0.070272
0.072083
0.070747
0.065530
0.065067
0.066576
0.065063
0.061870
0.061868
0.063174
0.063640
0.064828
0.065919
0.064921
0.064372
0.065638
0.066251
0.066539
0.063468
0.064143
0.062680
0.061356
0.061648
0.059485
0.057859
0.057423
0.058565
0.057640
0.056388
0.055177
0.053975
0.054089
0.051710
0.050114
0.050077
0.048100
0.046368
0.046649
0.047813
0.047165
0.046720
0.046146
0.046922
0.044483
0.046959
0.046765
0.048414
0.048690
0.049426
0.048065
0.047654
0.046922
0.046990
0.047026
0.048611
0.049734
0.050877
0.048146
0.049042
0.049461
0.046466
0.046666
0.047572
0.048005
0.049454
0.047789
0.050530
0.050532
0.052895
0.053078
0.051238
0.049584
0.047339
0.045558
0.045594
0.045133
0.044095
0.045077
0.045162
0.045700
0.044556
0.044240
0.045329
0.045233
0.042968
0.042686
0.040970
0.041730
0.041209
0.040726
0.040330
0.041104
0.040899
0.042194
0.044185
0.044891
0.045386
0.046442
0.045126
0.045282
0.045967
0.045210
0.046129
0.046441
0.043214
0.042525
0.045567
0.046190
0.046765
0.048953
0.049132
0.048760
0.045180
0.045828
0.045298
0.045460
0.044758
0.046218
0.045508
0.046516
0.047020
0.047935
0.047578
0.046142
0.044324
0.047736
0.048814
0.047874
0.047163
0.046354
0.046938
0.046285
0.047410
0.043513
0.043603
0.044874
0.046559
0.045144
0.047033
0.047598
0.048459
0.045468
0.045602
0.045248
0.042865
0.044973
0.044373
0.042386
0.041216
0.044513
0.045606
0.044305
0.044162
0.043985
0.046410
0.048385
0.046961
0.047795
0.047762
0.048143
0.048324
0.049666
0.051121
0.052699
0.054058
0.054860
0.054493
0.055015
0.054515
0.054810
0.056571
0.058268
0.058957
0.058697
0.059254
0.060748
0.061699
0.058966
0.060033
0.060064
0.060110
0.059698
0.058069
0.058414
0.057576
0.056157
0.055323
0.057046
0.056595
0.055489
0.055777
0.056125
0.058554
0.058261
0.057074
0.057895
0.054438
0.055862
0.054871
0.054261
0.056084
0.055990
0.056343
0.056656
0.059623
0.057064
0.056958
0.057532
0.058129
0.057628
0.057237
0.054602
0.053437
0.052921
0.053477
0.055104
0.054489
0.055705
0.057018
0.057536
0.058121
0.058197
0.057799
0.056887
0.057221
0.057564
0.056874
0.056957
0.057296
0.056676
0.055435
0.057898
0.058372
0.059149
0.057636
0.057375
0.055541
0.052889
0.051565
0.052861
0.051924
0.049460
0.049132
0.048476
0.048695
0.048214
0.049654
0.048381
0.047238
0.047373
0.048477
0.050064
0.049374
0.049798
0.051264
0.051761
0.053539
0.053908
0.054284
0.055063
0.054292
0.055076
0.055050
0.053819
0.053174
0.052375
0.052664
0.052251
0.054674
0.054729
0.054796
0.054215
0.055379
0.055062
0.055881
0.053898
0.052410
0.052891
0.053291
0.053145
0.053372
0.049955
0.052225
0.052106
0.054650
0.052485
0.052715
0.051634
0.050758
0.053169
0.055224
0.054956
0.052901
0.051835
0.052316
0.052581
0.053311
0.051316
0.053862
0.053404
0.054429
0.054096
0.055817
0.055572
0.057335
0.057331
0.056031
0.056257
0.055799
0.052956
0.053818
0.053059
0.052306
0.051921
0.051618
0.050823
0.049432
0.047648
0.048360
0.051314
0.049913
0.049957
0.048888
0.049856
0.049667
0.050615
0.050817
0.050792
0.052296
0.051548
0.051493
0.052131
0.052411
0.051509
0.049944
0.049859
0.049636
0.050378
0.049836
0.050296
0.050949
0.049637
0.049126
0.049472
0.050437
0.050461
0.050062
0.051371
0.053085
0.052216
0.051682
0.051078
0.051278
0.050769
0.049929
0.049101
0.046225
0.045052
0.046351
0.045975
0.046130
0.047141
0.047872
0.049034
0.048631
0.050070
0.048758
0.047598
0.048444
0.047724
0.048088
0.050150
0.051264
0.052631
0.050397
0.049643
0.051358
0.051685
0.051186
0.049163
0.048808
0.048276
0.046289
0.045640
0.045252
0.048852
0.049326
0.047344
0.048547
0.051740
0.050963
0.050269
0.049724
0.049205
0.048346
0.046567
0.045902
0.045448
0.045701
0.046050
0.045760
0.046687
0.046748
0.046355
0.047218
0.045731
0.046173
0.043119
0.045039
0.046083
0.045347
0.044383
0.043519
0.042147
0.042018
0.044335
0.045150
0.045987
0.046860
0.046318
0.045301
0.044987
0.043709
0.043947
0.045804
0.047062
0.047994
0.047899
0.047543
0.048175
0.048026
0.047701
0.046377
0.047118
0.048470
0.045452
0.044869
0.045839
0.045775
0.043621
0.043353
0.041666
0.041985
0.044264
0.044205
0.043983
0.044458
0.045762
0.044897
0.045678
0.044862
0.043661
0.042096
0.042397
0.042238
0.043644
0.044843
0.044107
0.043607
0.041987
0.043494
0.043660
0.044885
0.043774
0.043005
0.043799
0.043686
0.041897
0.042332
0.040910
0.041294
0.039950
0.041273
0.040011
0.039819
0.040437
0.039764
0.040736
0.040777
0.042873
0.043440
0.043385
0.044134
0.043135
0.043505
0.043769
0.044456
0.045572
0.045319
0.044944
0.042610
0.042631
0.043261
0.045025
0.044413
0.043645
0.043875
0.042963
0.041976
0.040541
0.040648
0.039449
0.039894
0.040519
0.040203
0.040364
0.039008
0.037469
0.034796
0.035812
0.034507
0.032599
0.033057
0.033669
0.035483
0.036670
0.036446
0.036591
0.037381
0.038582
0.040068
0.040178
0.040199
0.040634
0.040095
0.040020
0.039847
0.039486
0.039121
0.039388
0.037903
0.036696
0.038115
0.039125
0.039453
0.040546
0.041343
0.041142
0.041423
0.042006
0.042605
0.041047
0.041750
0.039066
0.039698
0.037611
0.037387
0.037389
0.036207
0.037019
0.036156
0.034870
0.034587
0.035266
0.038233
0.038053
0.038033
0.038541
0.038025
0.037973
0.037342
0.036431
0.035673
0.035275
0.035051
0.036766
0.035813
0.033325
0.034449
0.032708
0.032089
0.030790
0.030975
0.032557
0.033364
0.032287
0.032647
0.033673
0.032633
0.031914
0.030624
0.029547
0.030402
0.030623
0.030378
0.029006
0.029238
0.029491
0.027910
0.026541
0.026677
0.026186
0.026593
0.028063
0.025876
0.024527
0.024821
0.026261
0.025810
0.027274
0.027419
0.028162
0.029679
0.028809
0.029203
0.028632
0.028896
0.028600
0.027879
0.025766
0.027102
0.027653
0.027133
0.027510
0.027610
0.025476
0.025266
0.025390
0.024148
0.023771
0.023600
0.024811
0.023738
0.022534
0.021524
0.021580
0.019497
0.019907
0.019867
0.019377
0.020921
0.019760
0.020030
0.018572
0.017317
0.017898
0.018882
0.019866
0.019853
0.018739
0.019008
0.019689
0.019114
0.018522
0.017443
0.017364
0.016698
0.017476
0.018165
0.018439
0.018417
0.018275
0.018070
0.016669
0.017639
0.016311
0.014486
0.014350
0.015753
0.015560
0.014925
0.014513
0.015342
0.014499
0.015681
0.016206
0.016339
0.015511
0.016085
0.014935
0.014620
0.014650
0.014593
0.013486
0.011720
0.011747
0.009484
0.008668
0.009589
0.009644
0.010021
0.009254
0.009188
0.008632
0.009471
0.009587
0.008941
0.008359
0.009779
0.010820
0.009787
0.012605
0.012367
0.010442
0.011987
0.011734
0.010710
0.012328
0.011947
0.012838
0.013794
0.014289
0.015327
0.015221
0.016011
0.017573
0.018459
0.017088
0.017128
0.016862
0.015856
0.014279
0.014262
0.011989
0.012917
0.013684
0.013096
0.013242
0.013483
0.012487
0.012629
0.012655
0.012193
0.011464
0.011590
0.011835
0.012053
0.011985
0.011485
0.010844
0.011158
0.010455
0.011727
0.012263
0.012692
0.011843
0.011908
0.011737
0.011311
0.011608
0.012762
0.011428
0.011589
0.011828
0.012587
0.012571
0.012838
0.012227
0.012799
0.011612
0.010697
0.011030
0.010547
0.010163
0.010107
0.008616
0.006617
0.005186
0.005486
0.006788
0.008004
0.006989
0.008107
0.007421
0.007162
0.005806
0.006292
0.006300
0.005924
0.007112
0.008202
0.007497
0.008469
0.008177
0.007770
0.008462
0.008676
0.009459
0.010910
0.011007
0.011282
0.011094
0.011489
0.012377
0.013560
0.013977
0.015234
0.015402
0.015097
0.015352
0.015898
0.015991
0.014910
0.013712
0.013044
0.012091
0.012671
0.013617
0.015815
0.015814
0.015200
0.015482
0.016456
0.015277
0.014105
0.012900
0.013518
0.012934
0.012637
0.012436
0.011809
0.012038
0.012056
0.011672
0.011339
0.011436
0.014709
0.012586
0.014321
0.015107
0.014373
0.014185
0.014007
0.014517
0.013808
0.013905
0.012830
0.011265
0.010262
0.009447
0.009007
0.009602
0.010902
0.011525
0.009902
0.008904
0.008383
0.008515
0.008804
0.007458
0.008128
0.008826
0.007714
0.007942
0.008699
0.009516
0.009377
0.009083
0.009510
0.008359
0.007089
0.005748
0.006191
0.006903
0.007181
0.009158
0.009722
0.008588
0.009499
0.007805
0.008695
0.009028
0.008542
0.006898
0.008719
0.010069
0.010158
0.008586
0.009692
0.010071
0.010653
0.011990
0.011866
0.012266
0.011203
0.012448
0.011499
0.010715
0.009574
0.009791
0.011108
0.012159
0.013354
0.014675
0.012360
0.012508
0.014581
0.014653
0.013500
0.014594
0.015500
0.015243
0.014485
0.014802
0.014173
0.013761
0.013163
0.012121
0.012552
0.012193
0.012284
0.011327
0.010513
0.010293
0.011714
0.012262
0.011495
0.011497
0.011889
0.011359
0.011223
0.012450
0.013574
0.013340
0.013107
0.013950
0.014067
0.014830
0.014599
0.015272
0.014807
0.014961
0.015716
0.016802
0.018138
0.017952
0.018278
0.018455
0.018975
0.019010
0.019838
0.020274
0.019339
0.019517
0.018169
0.019969
0.019532
0.018690
0.018175
0.017804
0.017792
0.018823
0.019118
0.018023
0.017975
0.017726
0.017426
0.016307
0.016581
0.017453
0.018969
0.018948
0.018664
0.018493
0.018696
0.018871
0.017680
0.018895
0.018370
0.016440
0.016059
0.016296
0.014796
0.014621
0.014386
0.012768
0.012404
0.013989
0.012979
0.013601
0.012832
0.011758
0.011317
0.012384
0.012676
0.012837
0.012774
0.013284
0.010993
0.010436
0.010387
0.010714
0.011928
0.013301
0.012594
0.013383
0.013787
0.014537
0.014276
0.013910
0.014111
0.015643
0.015401
0.013711
0.013730
0.013162
0.012584
0.012642
0.011040
0.010268
0.007916
0.007552
0.007447
0.007925
0.008703
0.007395
0.007400
0.008695
0.009875
0.010661
0.009931
0.010216
0.009662
0.008647
0.009199
0.009517
0.009627
0.008307
0.008003
0.007195
0.008001
0.009188
0.009479
0.009098
0.009582
0.009762
0.009972
0.010360
0.007925
0.009364
0.010579
0.009941
0.009840
0.010985
0.010183
0.010013
0.010614
0.010882
0.012698
0.013755
0.014335
0.015020
0.016201
0.016616
0.018120
0.018437
0.018584
0.017925
0.018338
0.017427
0.016394
0.015701
0.016168
0.015792
0.016123
0.017413
0.017094
0.016914
0.016632
0.015690
0.017283
0.018572
0.017366
0.015759
0.014611
0.014866
0.014228
0.014152
0.012486
0.012170
0.012113
0.012113
0.012866
0.014038
0.012604
0.012351
0.012474
0.012364
0.011845
0.012907
0.013006
0.012878
0.012880
0.011748
0.011573
0.010661
0.012106
0.012474
0.011831
0.011076
0.010681
0.011172
0.012093
0.012351
0.012392
0.012169
0.011397
0.009583
0.009518
0.010401
0.008956
0.008680
0.006279
0.005588
0.006931
0.007577
0.007204
0.006916
0.007245
0.007281
0.007565
0.008768
0.008706
0.008436
0.007991
0.007716
0.008376
0.008575
0.007503
0.006512
0.005651
0.004680
0.004592
0.004674
0.003369
0.003276
0.003126
0.003317
0.003017
0.002929
0.004135
0.005464
0.005301
0.006028
0.008066
0.008472
0.007836
0.007912
0.006084
0.006718
0.005628
0.005315
0.004613
0.004826
0.004838
0.005533
0.005055
0.005047
0.004344
0.004168
0.004416
0.003583
0.003921
0.003279
0.002957
0.001875
0.002232
0.002135
0.001920
0.001992
0.000516
-0.001193
-0.000992
-0.000068
-0.000452
0.000147
-0.001040
-0.002021
-0.000131
0.000252
0.001051
0.001429
0.002632
0.003017
0.002666
0.002927
0.001597
0.002254
0.002147
0.002643
0.002733
0.003108
0.003980
0.003940
0.002674
0.003207
0.001747
0.001685
0.000705
0.000852
0.000659
0.000733
0.001327
0.000234
0.000706
0.000641
0.001195
0.001946
0.000761
0.000526
0.000264
0.000231
-0.000262
-0.000734
-0.002471
-0.002332
-0.001784
-0.001540
-0.001991
-0.001930
-0.001903
-0.001734
-0.001961
-0.003005
-0.003300
-0.004187
-0.003505
-0.003347
-0.003993
-0.003376
-0.004425
-0.005210
-0.005640
-0.005355
-0.005485
-0.005530
-0.004760
-0.005609
-0.004944
-0.003685
-0.003944
-0.004812
-0.004283
-0.003629
-0.004051
-0.003375
-0.003422
-0.004078
-0.002902
-0.003926
-0.003634
-0.004362
-0.004971
-0.004486
-0.003459
-0.002886
-0.002670
-0.002338
-0.003709
-0.003353
-0.003746
-0.003111
-0.002872
-0.002431
-0.001709
-0.002594
-0.002273
-0.001655
-0.000429
-0.000890
-0.001504
-0.000526
0.000156
-0.000125
-0.002918
-0.002708
-0.002735
-0.003625
-0.003390
-0.003533
-0.003206
-0.002817
-0.003344
-0.003602
-0.004414
-0.003892
-0.003766
-0.003926
-0.004203
-0.004617
-0.004694
-0.004227
-0.004628
-0.005078
-0.004658
-0.005307
-0.006184
-0.006310
-0.007234
-0.007505
-0.007861
-0.007364
-0.006587
-0.007292
-0.006581
-0.006751
-0.006096
-0.006482
-0.006759
-0.005895
-0.006712
-0.006258
-0.006166
-0.006128
-0.006859
-0.006173
-0.006559
-0.007064
-0.007575
-0.006883
-0.006479
-0.006744
-0.008039
-0.007876
-0.009102
-0.010466
-0.009880
-0.008905
-0.008646
-0.009116
-0.009547
-0.009180
-0.009286
-0.009380
-0.009060
-0.009992
-0.009876
-0.011872
-0.011656
-0.012397
-0.012724
-0.012609
-0.012891
-0.012509
-0.012525
-0.012125
-0.012696
-0.012554
-0.011608
-0.011343
-0.011260
-0.011175
-0.011327
-0.011062
-0.012359
-0.011271
-0.010763
-0.009465
-0.010309
-0.009697
-0.009918
-0.009945
-0.009871
-0.009693
-0.010216
-0.011057
-0.010967
-0.009950
-0.009199
-0.008004
-0.008299
-0.008669
-0.009430
-0.009977
-0.010530
-0.011087
-0.010213
-0.009676
-0.010294
-0.011433
-0.012355
-0.012854
-0.012511
-0.013429
-0.012990
-0.012569
-0.012965
-0.013490
-0.011873
-0.012244
-0.011514
-0.011102
-0.010569
-0.010656
-0.009658
-0.010855
-0.010332
-0.010303
-0.009602
-0.010502
-0.010083
-0.011112
-0.010591
-0.010586
-0.010554
-0.010309
-0.010031
-0.010247
-0.009119
-0.009651
-0.010358
-0.009136
-0.008854
-0.008262
-0.008621
-0.007759
-0.007745
-0.008155
-0.007088
-0.006920
-0.006175
-0.005134
-0.005626
-0.004430
-0.004038
-0.005475
-0.005310
-0.005011
-0.005365
-0.004058
-0.003593
-0.004537
-0.005132
-0.005172
-0.005408
-0.005736
-0.004041
-0.004098
-0.003855
-0.003905
-0.002645
-0.003595
-0.002830
-0.003728
-0.003926
-0.004264
-0.004377
-0.005459
-0.006016
-0.004685
-0.004652
-0.005460
-0.006616
-0.007415
-0.008013
-0.008314
-0.008807
-0.008817
-0.009487
-0.010601
-0.010896
-0.009901
-0.010592
-0.011134
-0.011469
-0.013293
-0.013034
-0.013449
-0.013424
-0.013745
-0.013127
-0.013498
-0.012944
-0.012644
-0.013515
-0.013573
-0.013372
-0.015173
-0.015689
-0.015703
-0.015152
-0.015793
-0.015341
-0.016491
-0.016139
-0.016246
-0.015352
-0.014563
-0.015473
-0.015809
-0.014620
-0.014161
-0.012588
-0.012549
-0.012436
-0.012198
-0.012243
-0.012547
-0.010969
-0.011658
-0.011408
-0.011492
-0.013595
-0.013141
-0.013958
-0.015047
-0.013261
-0.013904
-0.014767
-0.015987
-0.015871
-0.015378
-0.015743
-0.015085
-0.015262
-0.015096
-0.015434
-0.015540
-0.015142
-0.016119
-0.015306
-0.016153
-0.017119
-0.017065
-0.016973
-0.019052
-0.018307
-0.016768
-0.016749
-0.016649
-0.016346
-0.017447
-0.017406
-0.016307
-0.016701
-0.015558
-0.015441
-0.013633
-0.013273
-0.012572
-0.011712
-0.012231
-0.012044
-0.014351
-0.014657
-0.015524
-0.015653
-0.015365
-0.014323
-0.014276
-0.013996
-0.013782
-0.014546
-0.014022
-0.013505
-0.014456
-0.015674
-0.016546
-0.015413
-0.015834
-0.015397
-0.016652
-0.016310
-0.015683
-0.014721
-0.015002
-0.014549
-0.014078
-0.014035
-0.014777
-0.014512
-0.015473
-0.015633
-0.016480
-0.015027
-0.016018
-0.014304
-0.014119
-0.014771
-0.013978
-0.013553
-0.013570
-0.012681
-0.013987
-0.013910
-0.013507
-0.013625
-0.012909
-0.012847
-0.012451
-0.012711
-0.013212
-0.013583
-0.013663
-0.014374
-0.012950
-0.013695
-0.014581
-0.013912
-0.015602
-0.015401
-0.016303
-0.015081
-0.016330
-0.016304
-0.016372
-0.017259
-0.017139
-0.017210
-0.018967
-0.018784
-0.018376
-0.018651
-0.018196
-0.017550
-0.017483
-0.018695
-0.018156
-0.018552
-0.018770
-0.019169
-0.019023
-0.018101
-0.017788
-0.018327
-0.019169
-0.017947
-0.016366
-0.016458
-0.015292
-0.014511
-0.015117
-0.015549
-0.015726
-0.014153
-0.014576
-0.013189
-0.013412
-0.013239
-0.013086
-0.012194
-0.012328
-0.013226
-0.012159
-0.012231
-0.011575
-0.011816
-0.010872
-0.011022
-0.011722
-0.011495
-0.011744
-0.011118
-0.010766
-0.010183
-0.009972
-0.009882
-0.009302
-0.009224
-0.008973
-0.009064
-0.007370
-0.007807
-0.007788
-0.008085
-0.009060
-0.008746
-0.007651
-0.006189
-0.004294
-0.005057
-0.005166
-0.004518
-0.004878
-0.003813
-0.002746
-0.002738
-0.003435
-0.002877
-0.004748
-0.006518
-0.007687
-0.006578
-0.005951
-0.005637
-0.006344
-0.007291
-0.006891
-0.005814
-0.005381
-0.006859
-0.007580
-0.007669
-0.007532
-0.007901
-0.008389
-0.006591
-0.006171
-0.006642
-0.006249
-0.006290
-0.006827
-0.005671
-0.004459
-0.004217
-0.004822
-0.005621
-0.004844
-0.005437
-0.005501
-0.005168
-0.004764
-0.003730
-0.003929
-0.004335
-0.004125
-0.003749
-0.003102
-0.003445
-0.003282
-0.004014
-0.004551
-0.004402
-0.004104
-0.004509
-0.004363
-0.004161
-0.003992
-0.003239
-0.001972
-0.002534
-0.001241
-0.000642
-0.001293
-0.001918
-0.002188
-0.002503
-0.001803
-0.000392
0.000376
0.001540
0.002529
0.002497
0.002412
0.002953
0.003575
0.003710
0.004379
0.004572
0.004345
0.005621
0.005078
0.004531
0.006549
0.007950
0.007517
0.008111
0.009598
0.009912
0.010411
0.011588
0.010330
0.010307
0.010670
0.011763
0.011837
0.012969
0.012176
0.012499
0.012111
0.011772
0.011135
0.012029
0.012516
0.013018
0.012570
0.012583
0.012467
0.010723
0.010440
0.010384
0.011877
0.011937
0.011976
0.013264
0.013652
0.012419
0.012854
0.013087
0.012700
0.013447
0.012804
0.013200
0.013164
0.013781
0.013945
0.014148
0.013871
0.014638
0.013840
0.012847
0.011767
0.011393
0.011116
0.010353
0.010216
0.010031
0.010300
0.011251
0.012251
0.012994
0.012773
0.013366
0.013815
0.014147
0.013750
0.014267
0.013749
0.014475
0.014296
0.013655
0.013940
0.013947
0.013719
0.013735
0.013577
0.013230
0.012982
0.014338
0.014091
0.013401
0.013320
0.013712
0.013984
0.014593
0.013473
0.013714
0.013091
0.013428
0.014030
0.014010
0.013844
0.012993
0.013582
0.013549
0.014780
0.015423
0.015901
0.017097
0.017505
0.017045
0.016607
0.015948
0.015478
0.015188
0.015936
0.016301
0.017354
0.016291
0.015975
0.016408
0.016642
0.016733
0.017677
0.018261
0.017154
0.017628
0.016948
0.016977
0.016931
0.016851
0.018026
0.018040
0.018809
0.019363
0.020227
0.020077
0.019859
0.019534
0.018745
0.017835
0.017968
0.017617
0.016925
0.017991
0.018788
0.019174
0.018979
0.019769
0.020551
0.019514
0.019573
0.019487
0.020049
0.020468
0.020272
0.020926
0.020789
0.020916
0.021462
0.020700
0.020735
0.020214
0.020261
0.019560
0.018452
0.018652
0.017911
0.018809
0.019497
0.019472
0.019106
0.018606
0.017855
0.018944
0.019355
0.019611
0.019722
0.020370
0.020645
0.020686
0.021127
0.022089
0.023449
0.023295
0.023367
0.023942
0.025278
0.024882
0.025965
0.024797
0.024607
0.024523
0.025793
0.025057
0.025832
0.026216
0.025101
0.024222
0.023525
0.024649
0.024738
0.023936
0.024360
0.024515
0.026082
0.025684
0.026117
0.025786
0.025710
0.026672
0.026331
0.027318
0.027863
0.028326
0.028006
0.028701
0.028289
0.028660
0.029003
0.028637
0.028048
0.027654
0.028779
0.029766
0.029628
0.030081
0.028381
0.027826
0.028724
0.028728
0.027611
0.027333
0.026506
0.028047
0.028354
0.027623
0.028610
0.027841
0.027400
0.026291
0.026464
0.024784
0.025390
0.026088
0.024926
0.026371
0.026346
0.027227
0.027177
0.026997
0.028055
0.028989
0.028317
0.028453
0.028656
0.028819
0.029135
0.028742
0.028526
0.028169
0.028404
0.028195
0.028042
0.027929
0.027594
0.028205
0.028940
0.029594
0.029152
0.028002
0.027420
0.026310
0.025425
0.025290
0.025716
0.026286
0.025333
0.026222
0.027568
0.026834
0.026553
0.027485
0.026516
0.027018
0.027506
0.027344
0.028070
0.028911
0.029586
0.029011
0.029102
0.029984
0.030164
0.029443
0.029401
0.029159
0.028346
0.027487
0.028278
0.027733
0.028633
0.029656
0.028612
0.028373
0.028258
0.029138
0.028223
0.028353
0.028090
0.029243
0.029998
0.028349
0.027615
0.026219
0.026505
0.027146
0.027389
0.028995
0.028549
0.029980
0.029369
0.028855
0.029088
0.028319
0.027715
0.026531
0.025932
0.025621
0.025160
0.026267
0.026316
0.025862
0.025462
0.025015
0.025620
0.024992
0.025216
0.026337
0.025601
0.026921
0.026333
0.026184
0.026412
0.025735
0.025134
0.025563
0.025177
0.026484
0.027401
0.028032
0.028310
0.028724
0.028176
0.028664
0.028315
0.029251
0.029102
0.028738
0.028846
0.028296
0.028916
0.027894
0.028091
0.027181
0.027538
0.027855
0.028613
0.028501
0.029316
0.029425
0.030023
0.029027
0.028724
0.028939
0.029506
0.028974
0.030196
0.029656
0.029147
0.030177
0.031144
0.031867
0.031735
0.031103
0.032153
0.032903
0.032594
0.032690
0.032473
0.032027
0.031482
0.031371
0.031614
0.032307
0.031503
0.031001
0.032013
0.031584
0.032086
0.031586
0.031120
0.032059
0.032420
0.032966
0.032850
0.032052
0.030203
0.030133
0.031370
0.029719
0.029956
0.030388
0.031186
0.031388
0.031528
0.030606
0.030498
0.030287
0.030669
0.030828
0.030910
0.030803
0.030475
0.029674
0.029820
0.031570
0.031772
0.031653
0.032698
0.033069
0.033105
0.033586
0.033545
0.032496
0.032863
0.033616
0.033288
0.032841
0.032509
0.031479
0.032238
0.032823
0.032767
0.030998
0.032157
0.033165
0.033448
0.033489
0.033639
0.033402
0.033814
0.033510
0.034435
0.034162
0.032467
0.033206
0.033214
0.033618
0.032992
0.032415
0.032865
0.033682
0.032257
0.032392
0.032300
0.032097
0.032971
0.033007
0.032485
0.032490
0.031917
0.032114
0.032195
0.031618
0.030842
0.031475
0.030697
0.030137
0.030087
0.029570
0.028915
0.029049
0.028283
0.027909
0.027057
0.027221
0.027399
0.028008
0.028248
0.030061
0.029509
0.029226
0.028303
0.027256
0.027389
0.027886
0.027662
0.027362
0.028801
0.028867
0.028643
0.027413
0.027814
0.027647
0.025861
0.024910
0.024890
0.025832
0.026566
0.024747
0.024271
0.025090
0.025638
0.026331
0.025481
0.026103
0.025973
0.025732
0.026790
0.026331
0.027075
0.027672
0.028118
0.027099
0.026999
0.027181
0.026252
0.026898
0.026464
0.027531
0.027101
0.026664
0.026923
0.025892
0.025416
0.025747
0.025426
0.025424
0.025659
0.026353
0.027115
0.027292
0.027759
0.027869
0.028485
0.029166
0.029416
0.030742
0.030761
0.029967
0.029711
0.030002
0.029141
0.030050
0.030924
0.030092
0.030498
0.030909
0.030684
0.030904
0.030739
0.031513
0.030063
0.029609
0.030623
0.030571
0.029433
0.028719
0.028641
0.027350
0.028169
0.027638
0.028326
0.028040
0.027839
0.026959
0.027505
0.027259
0.027660
0.027779
0.029060
0.029036
0.029691
0.029517
0.029816
0.030402
0.030997
0.029957
0.029678
0.029630
0.028226
0.027083
0.027524
0.027579
0.027580
0.027202
0.026977
0.027599
0.026770
0.026357
0.024988
0.024646
0.024960
0.026256
0.026416
0.026743
0.026026
0.024735
0.024323
0.023698
0.023652
0.023300
0.022756
0.021683
0.021451
0.021826
0.022213
0.021547
0.020400
0.020505
0.019944
0.020913
0.020991
0.019315
0.018795
0.018894
0.019868
0.020046
0.019643
0.020065
0.019563
0.019856
0.020581
0.020244
0.018764
0.019774
0.018903
0.018953
0.019612
0.020086
0.020527
0.019829
0.020506
0.021222
0.019969
0.020467
0.020598
0.020130
0.021262
0.021697
0.021182
0.021558
0.022731
0.023519
0.023627
0.023372
0.022787
0.022352
0.021942
0.021165
0.020702
0.021232
0.021134
0.021938
0.022515
0.022532
0.023196
0.024406
0.025666
0.025057
0.023778
0.023614
0.023862
0.023445
0.023635
0.023388
0.022693
0.023375
0.024026
0.023526
0.023081
0.023899
0.023117
0.022565
0.022507
0.022944
0.024518
0.025358
0.026934
0.026149
0.026550
0.026247
0.026041
0.026958
0.026297
0.027955
0.027145
0.027263
0.027629
0.027118
0.025755
0.025622
0.025446
0.025458
0.026256
0.026004
0.025968
0.025686
0.026329
0.025510
0.025079
0.023974
0.024152
0.024328
0.025138
0.025193
0.025546
0.025056
0.023516
0.023413
0.023540
0.025325
0.026067
0.025755
0.024582
0.024934
0.026263
0.025383
0.026190
0.025827
0.025482
0.025561
0.025857
0.025372
0.026027
0.025991
0.025522
0.026560
0.026022
0.026875
0.027007
0.026330
0.027105
0.026541
0.026396
0.026399
0.027334
0.027656
0.028360
0.028678
0.029076
0.028692
0.028237
0.027825
0.026702
0.026670
0.025844
0.025349
0.025713
0.026446
0.027196
0.027657
0.028110
0.028195
0.028759
0.028889
0.029061
0.028562
0.029107
0.029072
0.030716
0.031104
0.030675
0.030902
0.030899
0.030815
0.031627
0.031410
0.031734
0.032108
0.031922
0.030878
0.029860
0.030396
0.031407
0.031872
0.030605
0.031774
0.031630
0.031129
0.032211
0.032355
0.032528
0.032668
0.031804
0.031726
0.032184
0.030895
0.031313
0.031791
0.031288
0.030684
0.030685
0.030172
0.030564
0.030256
0.030566
0.030552
0.030284
0.029245
0.029037
0.029218
0.027735
0.028210
0.027987
0.027792
0.028673
0.028014
0.027351
0.027671
0.028056
0.028910
0.029170
0.029251
0.029124
0.029409
0.029913
0.028836
0.028270
0.028600
0.028518
0.029351
0.028662
0.028493
0.026005
0.026385
0.026318
0.026132
0.025949
0.025429
0.026710
0.026454
0.026510
0.027627
0.027760
0.026945
0.026779
0.027142
0.027730
0.028224
0.027520
0.027390
0.027648
0.028856
0.028770
0.030198
0.029797
0.029925
0.029014
0.029226
0.029223
0.028560
0.029057
0.029758
0.029124
0.029729
0.029982
0.029522
0.029482
0.029270
0.028775
0.028223
0.027540
0.026515
0.026327
0.025295
0.026463
0.026965
0.026924
0.026509
0.026518
0.026463
0.025747
0.025641
0.025670
0.025537
0.025070
0.025585
0.026534
0.026328
0.026993
0.026645
0.025531
0.025267
0.025839
0.025370
0.025207
0.025178
0.024531
0.023864
0.023347
0.023410
0.022869
0.022864
0.022953
0.023995
0.025202
0.024297
0.024757
0.025028
0.024583
0.025498
0.025581
0.026559
0.027251
0.027357
0.027273
0.026037
0.025134
0.025951
0.026645
0.025688
0.025558
0.024729
0.025341
0.025492
0.025405
0.026047
0.026654
0.027130
0.027013
0.025969
0.027342
0.026060
0.026225
0.026940
0.026417
0.026207
0.026922
0.026803
0.026647
0.026099
0.025216
0.026081
0.025130
0.024664
0.024657
0.024361
0.025267
0.023960
0.023699
0.023777
0.023795
0.022941
0.022404
0.022597
0.022568
0.023296
0.022522
0.021032
0.020734
0.020218
0.019124
0.019046
0.018986
0.017689
0.018006
0.018381
0.018304
0.018135
0.018720
0.020433
0.020818
0.021454
0.020173
0.019642
0.019528
0.019299
0.019481
0.019778
0.019434
0.020041
0.019227
0.019398
0.020120
0.020163
0.019913
0.019652
0.019960
0.019862
0.018892
0.018674
0.017842
0.017673
0.016762
0.016780
0.016190
0.015282
0.014358
0.014327
0.014475
0.013853
0.014198
0.014489
0.014189
0.014454
0.014126
0.014876
0.014738
0.014486
0.013419
0.013144
0.012784
0.012876
0.014069
0.013907
0.015183
0.015106
0.015781
0.015926
0.015621
0.016823
0.017314
0.017052
0.016696
0.016241
0.016760
0.016314
0.015869
0.016180
0.016425
0.016249
0.016068
0.016633
0.016274
0.016055
0.015232
0.014915
0.014784
0.014160
0.014088
0.014165
0.014670
0.014064
0.014469
0.014002
0.012320
0.011833
0.012428
0.012031
0.011569
0.011217
0.010462
0.010518
0.010956
0.011248
0.011500
0.011570
0.011482
0.012743
0.013146
0.014189
0.014377
0.014804
0.014704
0.014628
0.013962
0.014314
0.014736
0.014737
0.014896
0.014567
0.014477
0.013822
0.013989
0.014058
0.013660
0.013757
0.014070
0.013694
0.014390
0.014468
0.015462
0.015232
0.015629
0.015489
0.015448
0.015069
0.014656
0.014542
0.013266
0.012533
0.012637
0.012588
0.012910
0.013617
0.014049
0.013734
0.012908
0.012633
0.013272
0.013340
0.012720
0.013712
0.013799
0.014375
0.015235
0.014681
0.014459
0.014828
0.015263
0.014579
0.014990
0.014859
0.014990
0.015052
0.015818
0.015754
0.015477
0.016073
0.017929
0.017925
0.017706
0.017792
0.016863
0.016787
0.016909
0.018050
0.018382
0.017883
0.018402
0.018509
0.017725
0.017389
0.017598
0.016855
0.017026
0.016893
0.017455
0.016372
0.015268
0.015873
0.016411
0.016241
0.015887
0.016032
0.016573
0.016547
0.017096
0.017188
0.017589
0.017367
0.017005
0.017357
0.016890
0.017137
0.017700
0.017929
0.018473
0.018494
0.017974
0.018574
0.017843
0.017066
0.016366
0.015786
0.015154
0.015296
0.015096
0.015867
0.016076
0.016606
0.015923
0.015916
0.016475
0.016080
0.015645
0.015139
0.014818
0.015328
0.013914
0.013227
0.012922
0.013157
0.012265
0.012533
0.012582
0.012541
0.011457
0.010975
0.011283
0.010609
0.010312
0.010037
0.009976
0.010055
0.010124
0.010421
0.010166
0.010592
0.010406
0.009823
0.009635
0.009685
0.009408
0.010123
0.010291
0.009506
0.008882
0.009784
0.009355
0.008084
0.008702
0.008339
0.007968
0.008610
0.008774
0.008351
0.008880
0.008686
0.009328
0.008802
0.009145
0.009437
0.008581
0.008394
0.008314
0.009443
0.008969
0.009252
0.009035
0.007947
0.008257
0.008212
0.007207
0.007172
0.007317
0.007528
0.007251
0.006692
0.007028
0.006431
0.006121
0.005122
0.004418
0.004354
0.005072
0.004340
0.003747
0.003323
0.003537
0.001746
0.001338
0.001253
0.002199
0.002255
0.002257
0.001512
0.002208
0.002090
0.000869
0.000546
0.000102
0.000621
-0.000201
-0.000333
0.000186
0.000195
0.000811
0.000859
0.001757
0.001618
0.002003
0.002010
0.001995
0.000596
0.001048
0.001911
0.002838
0.003070
0.002726
0.002922
0.003083
0.003489
0.003688
0.003271
0.003176
0.003642
0.002894
0.003093
0.002655
0.002800
0.003792
0.003246
0.003010
0.003383
0.003566
0.003143
0.002885
0.002949
0.002227
0.002133
0.002267
0.002557
0.003040
0.002609
0.002605
0.002218
0.001944
0.002315
0.002311
0.002641
0.003225
0.004275
0.003445
0.003627
0.003576
0.003047
0.003806
0.004353
0.004325
0.003950
0.004406
0.003184
0.002839
0.002070
0.002133
0.002557
0.002610
0.002569
0.002889
0.002448
0.002119
0.003045
0.002809
0.003294
0.003969
0.003503
0.004085
0.003034
0.002811
0.003000
0.003837
0.003752
0.003700
0.003558
0.003956
0.003938
0.004032
0.003614
0.003473
0.002708
0.002793
0.002685
0.001934
0.002238
0.003132
0.002235
0.003599
0.004179
0.003962
0.004404
0.003908
0.003933
0.004070
0.003249
0.003840
0.004805
0.004771
0.004123
0.004149
0.003885
0.004521
0.005986
0.006545
0.005620
0.006194
0.005936
0.006755
0.006422
0.006465
0.006067
0.006668
0.007301
0.007219
0.007285
0.007365
0.007515
0.008294
0.008488
0.008844
0.008508
0.008318
0.008029
0.009330
0.009008
0.008850
0.009939
0.009520
0.009340
0.009066
0.009150
0.008714
0.008949
0.009376
0.010351
0.010565
0.010801
0.009580
0.009826
0.009381
0.009986
0.009600
0.010178
0.008740
0.008865
0.007620
0.007541
0.008132
0.008064
0.008633
0.008847
0.008204
0.009008
0.009089
0.009006
0.009440
0.008921
0.009016
0.008846
0.008367
0.007414
0.008261
0.008676
0.008567
0.007958
0.008616
0.008760
0.008755
0.009653
0.009889
0.009665
0.010743
0.010179
0.009205
0.008321
0.008124
0.008638
0.008709
0.009053
0.009234
0.009552
0.010206
0.010075
0.009431
0.009748
0.009909
0.009880
0.010124
0.010179
0.009783
0.009622
0.010248
0.009947
0.009168
0.009236
0.009232
0.009378
0.008818
0.008995
0.009625
0.009935
0.009827
0.009938
0.011233
0.011057
0.011540
0.010675
0.011103
0.010974
0.010983
0.010808
0.011284
0.011572
0.011879
0.012209
0.012785
0.013506
0.013630
0.013760
0.013297
0.013394
0.013018
0.011920
0.012615
0.012860
0.014117
0.013995
0.014631
0.015030
0.015291
0.015158
0.013870
0.013265
0.012247
0.012289
0.011946
0.012283
0.012124
0.012121
0.012618
0.011939
0.011484
0.012085
0.012114
0.011551
0.011793
0.012238
0.011784
0.012558
0.012333
0.013145
0.013408
0.012638
0.012808
0.013118
0.014007
0.013795
0.013565
0.013750
0.014066
0.014517
0.014754
0.014092
0.014290
0.013466
0.013104
0.013007
0.013093
0.013977
0.013218
0.012874
0.013505
0.013211
0.014169
0.014231
0.014332
0.014471
0.014538
0.015246
0.014898
0.014512
0.014529
0.014994
0.015032
0.014963
0.014058
0.013807
0.013673
0.013723
0.013281
0.013682
0.014829
0.014150
0.014038
0.013463
0.013297
0.013469
0.013263
0.013248
0.013083
0.013407
0.013202
0.013540
0.013044
0.012560
0.012176
0.012417
0.012647
0.012786
0.012446
0.012289
0.012257
0.012669
0.012684
0.013443
0.013675
0.013159
0.013580
0.012859
0.012559
0.012434
0.012924
0.012538
0.012548
0.012602
0.012704
0.012779
0.012131
0.011949
0.012339
0.011786
0.011860
0.011875
0.012430
0.012888
0.013822
0.013804
0.014185
0.013958
0.013252
0.013199
0.013454
0.013252
0.013070
0.013144
0.012970
0.012677
0.013215
0.012458
0.013031
0.012025
0.012385
0.011376
0.011214
0.011722
0.011442
0.010959
0.010387
0.009889
0.009810
0.009735
0.008851
0.008249
0.008167
0.007517
0.007552
0.006543
0.006556
0.006646
0.006809
0.006439
0.006073
0.005392
0.004968
0.004386
0.005161
0.005357
0.005654
0.005867
0.006062
0.006354
0.006206
0.007251
0.006559
0.005899
0.005800
0.006377
0.006525
0.006081
0.005879
0.004957
0.005225
0.004920
0.005292
0.005260
0.005742
0.005917
0.005588
0.006258
0.006186
0.006791
0.006789
0.006965
0.005827
0.006022
0.006280
0.005939
0.006646
0.006174
0.006270
0.005563
0.005156
0.005526
0.006062
0.006189
0.006092
0.005647
0.005911
0.005928
0.006001
0.006463
0.007582
0.008023
0.007413
0.006888
0.006726
0.007181
0.006587
0.006919
0.007099
0.006334
0.006974
0.006522
0.006650
0.006769
0.006952
0.006782
0.006064
0.006654
0.007278
0.007853
0.008118
0.007652
0.007622
0.007072
0.007404
0.007110
0.007616
0.008729
0.009356
0.008211
0.008565
0.008604
0.008598
0.009230
0.008555
0.008259
0.007185
0.007990
0.008725
0.008338
0.007784
0.007169
0.007305
0.007182
0.007417
0.006574
0.006742
0.006993
0.007222
0.007110
0.005778
0.005285
0.004956
0.004733
0.004804
0.005033
0.004930
0.003821
0.003834
0.003858
0.004272
0.004707
0.004879
0.004401
0.003611
0.004102
0.004447
0.004251
0.003903
0.003706
0.004046
0.002929
0.002777
0.003029
0.002958
0.003734
0.003260
0.004092
0.004101
0.003821
0.003391
0.004164
0.004740
0.005141
0.004237
0.003513
0.003269
0.003069
0.003277
0.003758
0.004650
0.004724
0.005322
0.005240
0.005397
0.005094
0.004934
0.004955
0.005947
0.005473
0.005410
0.005567
0.005810
0.005544
0.005453
0.005082
0.005566
0.005074
0.005802
0.005363
0.004492
0.003874
0.004184
0.004888
0.004983
0.004513
0.004485
0.004199
0.003905
0.003537
0.003774
0.004621
0.004512
0.005154
0.004704
0.005547
0.006351
0.006458
0.006648
0.006356
0.006014
0.005898
0.005620
0.005591
0.005384
0.005259
0.005275
0.004286
0.004416
0.004467
0.004710
0.004624
0.005077
0.005462
0.005395
0.005823
0.006444
0.005857
0.005889
0.005283
0.006015
0.006184
0.004525
0.004010
0.003487
0.004159
0.004228
0.005176
0.005149
0.004536
0.004223
0.003832
0.003068
0.003681
0.003181
0.002807
0.002673
0.002151
0.002905
0.003114
0.002474
0.002655
0.003318
0.003469
0.002904
0.002794
0.003434
0.003222
0.003216
0.003232
0.002537
0.001788
0.001192
0.000534
0.000398
0.000660
0.000404
0.000254
0.001094
0.002072
0.001428
0.000861
0.001416
0.000878
0.001106
0.001247
0.001457
0.000840
0.000433
0.000336
0.000386
-0.000260
-0.000141
0.001130
0.000574
0.001033
0.001022
0.001190
0.002116
0.002773
0.003268
0.003608
0.003844
0.003359
0.003269
0.003345
0.003626
0.003583
0.003491
0.002670
0.002532
0.001590
0.001146
0.001390
0.000957
0.001072
0.000667
0.000129
-0.000193
-0.001065
-0.001380
-0.001875
-0.002112
-0.002784
-0.002264
-0.002530
-0.002150
-0.002251
-0.002259
-0.002734
-0.002264
-0.002606
-0.002057
-0.002331
-0.002019
-0.002874
-0.003616
-0.003967
-0.004861
-0.004868
-0.005233
-0.005543
-0.006171
-0.006511
-0.006790
-0.007513
-0.007108
-0.007527
-0.007688
-0.007567
-0.007668
-0.008039
-0.007884
-0.007232
-0.007264
-0.007241
-0.007200
-0.006732
-0.006364
-0.005042
-0.005064
-0.004396
-0.003899
-0.003677
-0.003732
-0.002744
-0.002390
-0.002410
-0.002683
-0.003934
-0.004400
-0.004275
-0.004600
-0.004129
-0.004161
-0.004243
-0.003922
-0.004188
-0.003239
-0.002830
-0.002628
-0.001933
-0.002372
-0.002158
-0.001405
-0.001889
-0.000781
-0.001267
-0.001735
-0.001102
-0.002136
-0.002264
-0.002365
-0.002593
-0.002825
-0.003547
-0.004062
-0.004108
-0.004969
-0.005438
-0.006011
-0.006603
-0.006791
-0.007652
-0.007231
-0.007404
-0.007135
-0.006714
-0.007188
-0.007696
-0.007771
-0.008033
-0.007956
-0.008017
-0.007794
-0.008192
-0.007533
-0.006781
-0.006537
-0.006213
-0.006247
-0.006269
-0.007029
-0.006683
-0.006914
-0.007025
-0.008010
-0.007528
-0.007332
-0.007661
-0.008446
-0.008508
-0.008025
-0.007896
-0.007870
-0.008171
-0.008312
-0.008349
-0.008490
-0.008283
-0.007551
-0.006591
-0.007252
-0.007136
-0.006524
-0.006933
-0.005846
-0.006792
-0.005585
-0.006101
-0.005968
-0.006178
-0.006157
-0.006364
-0.006793
-0.006672
-0.006171
-0.005581
-0.005356
-0.005437
-0.005081
-0.005140
-0.004868
-0.005023
-0.005114
-0.005195
-0.004606
-0.004764
-0.004307
-0.004591
-0.005325
-0.005474
-0.005274
-0.005057
-0.005027
-0.004870
-0.004138
-0.003765
-0.004476
-0.004641
-0.004802
-0.004731
-0.004596
-0.004317
-0.005353
-0.005348
-0.005763
-0.005084
-0.004941
-0.004166
-0.004347
-0.004308
-0.003744
-0.004287
-0.004690
-0.004553
-0.004942
-0.005253
-0.005630
-0.005870
-0.005741
-0.006162
-0.006127
-0.006579
-0.006587
-0.006425
-0.006720
-0.007010
-0.006506
-0.006651
-0.006055
-0.006305
-0.006227
-0.006091
-0.006347
-0.006614
-0.006380
-0.007180
-0.007439
-0.007782
-0.007766
-0.008408
-0.008670
-0.009344
-0.009186
-0.008940
-0.008381
-0.007550
-0.006130
-0.005414
-0.004860
-0.005116
-0.006219
-0.006706
-0.006844
-0.006622
-0.006372
-0.007297
-0.007584
-0.007406
-0.007463
-0.008137
-0.007739
-0.007857
-0.007679
-0.007775
-0.008098
-0.007808
-0.007419
-0.007826
-0.008980
-0.010046
-0.009643
-0.009704
-0.010125
-0.010060
-0.009534
-0.009719
-0.009799
-0.009982
-0.009917
-0.009762
-0.009253
-0.009190
-0.009489
-0.010034
-0.009946
-0.010265
-0.010219
-0.009491
-0.008770
-0.008065
-0.007678
-0.007650
-0.007808
-0.007338
-0.006863
-0.007098
-0.007158
-0.007380
-0.007661
-0.006144
-0.005958
-0.006539
-0.006498
-0.006080
-0.006687
-0.007052
-0.006511
-0.006412
-0.007419
-0.006970
-0.006032
-0.005863
-0.005463
-0.005103
-0.005262
-0.005924
-0.005306
-0.004980
-0.004409
-0.004389
-0.003721
-0.003691
-0.004186
-0.003983
-0.004800
-0.003834
-0.003267
-0.003081
-0.002808
-0.001843
-0.001320
-0.001899
-0.002821
-0.002409
-0.002392
-0.002156
-0.002372
-0.002380
-0.002666
-0.002842
-0.002665
-0.003040
-0.003156
-0.003476
-0.003219
-0.002591
-0.002822
-0.002111
-0.003316
-0.002925
-0.002590
-0.003786
-0.003896
-0.004366
-0.003607
-0.003550
-0.002709
-0.002696
-0.001914
-0.002334
-0.002975
-0.003002
-0.003664
-0.003578
-0.002684
-0.002193
-0.002091
-0.001766
-0.002657
-0.002156
-0.002437
-0.002826
-0.003806
-0.004112
-0.003622
-0.003674
-0.003861
-0.002824
-0.002833
-0.002465
-0.002784
-0.002866
-0.002682
-0.002368
-0.002122
-0.002297
-0.002319
-0.002452
-0.002651
-0.002873
-0.003206
-0.003785
-0.003198
-0.003409
-0.003689
-0.003824
-0.003809
-0.003605
-0.003712
-0.003362
-0.003223
-0.003390
-0.003416
-0.003641
-0.002767
-0.002619
-0.002925
-0.002661
-0.002833
-0.002550
-0.003670
-0.003316
-0.003157
-0.003589
-0.003768
-0.003641
-0.003294
-0.002345
-0.002877
-0.003167
-0.002663
-0.002911
-0.002335
-0.002642
-0.002514
-0.002777
-0.002919
-0.003331
-0.003130
-0.002716
-0.002384
-0.001981
-0.001636
-0.000408
-0.000615
-0.000565
-0.000848
-0.000057
0.000515
0.000896
0.000319
-0.000074
-0.000516
-0.000756
0.000164
0.000390
0.001069
0.000991
0.002072
0.002106
0.002186
0.002825
0.002932
0.002732
0.001925
0.002164
0.001903
0.001562
0.001929
0.002405
0.003112
0.003929
0.004056
0.004179
0.004452
0.004263
0.003403
0.002745
0.002677
0.002657
0.002785
0.003325
0.003381
0.002994
0.002931
0.002550
0.002698
0.002833
0.002612
0.002358
0.002162
0.002386
0.002180
0.002746
0.002914
0.003345
0.002385
0.002025
0.002752
0.002294
0.002941
0.002213
0.001982
0.001224
0.001347
0.002012
0.001686
0.001204
0.000982
0.000608
0.001187
0.001355
0.001225
0.001739
0.001459
0.001025
0.000151
-0.000672
-0.000866
-0.000782
-0.000749
-0.000495
-0.000355
-0.000471
-0.000505
-0.000728
-0.000637
-0.000549
-0.000126
-0.000359
-0.000499
-0.000142
0.000038
-0.000702
-0.001475
-0.001519
-0.001619
-0.001116
-0.001616
-0.001210
-0.001493
-0.001498
-0.001807
-0.001812
-0.001686
-0.001178
-0.001176
-0.001752
-0.001722
-0.001223
0.000293
-0.000232
-0.001458
-0.001067
-0.000716
-0.000506
-0.000574
-0.000603
-0.000474
0.000430
0.000168
0.000193
0.000918
0.000349
0.000334
0.000211
0.000437
0.000058
-0.000174
0.000203
-0.000082
-0.000246
0.000104
0.000500
0.000195
0.000427
0.000173
-0.000410
-0.000766
-0.000599
-0.000155
-0.000297
-0.000680
0.000511
0.000520
-0.000204
-0.000486
-0.000743
-0.000820
-0.000464
0.000089
-0.000165
-0.000386
-0.000350
-0.000146
-0.000177
0.000105
0.000687
0.001025
0.000759
0.001394
0.002207
0.002099
0.002110
0.001727
0.002715
0.003507
0.003250
0.003407
0.003374
0.003564
0.003420
0.003742
0.003454
0.003735
0.003395
0.003402
0.003083
0.003444
0.003431
0.002987
0.003166
0.002836
0.002598
0.002812
0.002737
0.002887
0.002186
0.002041
0.001594
0.000867
0.001363
0.001281
0.001556
0.001783
0.001493
0.001396
0.000755
0.001028
0.000838
0.000835
0.000935
0.000544
0.000540
0.000540
0.000383
0.000292
0.000522
0.000895
0.000781
0.000569
0.001335
0.001788
0.002660
0.002345
0.002893
0.003087
0.002967
0.002793
0.001791
0.002254
0.002506
0.001782
0.001847
0.001481
0.001704
0.001632
0.002223
0.002015
0.001939
0.002223
0.001949
0.001739
0.002070
0.002026
0.002218
0.002245
0.002807
0.002447
0.001571
0.002418
0.003030
0.003305
0.003699
0.003421
0.003510
0.003298
0.004125
0.004779
0.004364
0.004740
0.004319
0.004442
0.005567
0.005516
0.005530
0.005275
0.005719
0.005490
0.004757
0.004200
0.004747
0.004496
0.004415
0.004524
0.003988
0.004247
0.004611
0.004368
0.004187
0.004480
0.004896
0.004916
0.005108
0.005669
0.005379
0.005977
0.005760
0.005793
0.005331
0.005390
0.005542
0.004918
0.005292
0.005379
0.005415
0.004777
0.004909
0.005146
0.004365
0.004057
0.003778
0.004188
0.003839
0.003606
0.004321
0.004410
0.003656
0.003333
0.004424
0.004907
0.004539
0.004481
0.005149
0.005417
0.005541
0.004961
0.005630
0.005537
0.006282
0.006197
0.007079
0.006484
0.007069
0.006871
0.006924
0.007756
0.007605
0.007180
0.007294
0.007473
0.006860
0.007098
0.006872
0.006804
0.006459
0.006285
0.007416
0.007791
0.007893
0.008223
0.007910
0.007155
0.007616
0.007896
0.007804
0.007723
0.007535
0.007643
0.007689
0.007491
0.007448
0.007746
0.008104
0.007491
0.007872
0.008157
0.008340
0.009280
0.009139
0.009837
0.010232
0.009963
0.008965
0.009533
0.010338
0.010566
0.009716
0.009571
0.008885
0.007785
0.008171
0.007750
0.008449
0.008785
0.009533
0.009243
0.010122
0.010042
0.009304
0.009277
0.009351
0.009438
0.009628
0.009289
0.009686
0.008903
0.008603
0.008828
0.009169
0.010844
0.011139
0.010748
0.011576
0.011767
0.011232
0.011562
0.011309
0.011210
0.011787
0.012157
0.012384
0.012296
0.011903
0.012348
0.012253
0.012131
0.012626
0.012270
0.012842
0.012148
0.012499
0.012853
0.011987
0.011965
0.011654
0.011714
0.011635
0.011683
0.011252
0.010547
0.010785
0.011794
0.011414
0.011364
0.011056
0.010651
0.010814
0.010809
0.010713
0.010437
0.011574
0.011851
0.011832
0.012118
0.012024
0.012285
0.012068
0.011294
0.011156
0.011418
0.011043
0.010685
0.010450
0.009840
0.009115
0.008946
0.009033
0.008420
0.008090
0.007919
0.008016
0.008050
0.008118
0.007939
0.008084
0.008471
0.008158
0.007688
0.007520
0.008305
0.007935
0.008354
0.008403
0.007806
0.007929
0.008442
0.008627
0.009758
0.010238
0.010512
0.010013
0.010052
0.010760
0.011221
0.011074
0.010983
0.011137
0.011456
0.012044
0.012015
0.011513
0.012277
0.012299
0.011750
0.012269
0.012549
0.012666
0.012710
0.011844
0.011609
0.011101
0.010856
0.011159
0.011640
0.011023
0.009617
0.009384
0.009364
0.009828
0.009484
0.009170
0.009136
0.009582
0.008843
0.009110
0.008996
0.008504
0.008096
0.008640
0.009149
0.009126
0.009259
0.009060
0.009655
0.008934
0.009620
0.010625
0.010362
0.010474
0.010466
0.010503
0.010545
0.010364
0.010009
0.010231
0.009824
0.010732
0.010939
0.010479
0.010085
0.010298
0.009765
0.009184
0.008775
0.009218
0.008978
0.008989
0.008299
0.008628
0.008936
0.008503
0.008184
0.007539
0.007490
0.006995
0.006917
0.005687
0.006254
0.005887
0.006480
0.006391
0.006537
0.007409
0.007133
0.006755
0.006423
0.006050
0.006156
0.006076
0.006211
0.006159
0.005600
0.004601
0.004214
0.003876
0.004271
0.004323
0.003738
0.003298
0.003423
0.003391
0.003331
0.003913
0.004470
0.003952
0.004183
0.004248
0.004058
0.003900
0.003333
0.002608
0.002858
0.002831
0.003399
0.003905
0.004266
0.003077
0.002632
0.002202
0.002129
0.002108
0.001666
0.000829
0.001533
0.000974
0.001154
0.001370
0.001918
0.002191
0.002512
0.002412
0.002064
0.001774
0.002219
0.002223
0.002751
0.002494
0.001358
0.002092
0.002531
0.003563
0.003228
0.003408
0.003156
0.002387
0.002489
0.002613
0.001996
0.002455
0.002333
0.002221
0.002277
0.002348
0.002591
0.002459
0.001060
0.000498
0.000201
-0.000190
-0.000014
-0.000397
0.000095
-0.000109
0.000377
0.000143
-0.000158
-0.000376
-0.000968
-0.000463
-0.000932
-0.000962
-0.000573
-0.000756
-0.000358
0.000623
0.000399
0.000278
0.000347
0.001244
0.000788
0.001668
0.001156
0.001812
0.001522
0.002852
0.002359
0.001950
0.002277
0.001518
0.002084
0.001408
0.001697
0.001882
0.002449
0.002409
0.003056
0.003194
0.003241
0.003494
0.003187
0.002949
0.002934
0.002783
0.002954
0.003005
0.002663
0.001853
0.001195
0.000571
0.000589
0.001357
0.002252
0.002038
0.001871
0.002385
0.002866
0.004009
0.004788
0.005115
0.005014
0.004600
0.004079
0.004163
0.004086
0.004657
0.004013
0.005430
0.004960
0.005208
0.004603
0.004907
0.004884
0.004649
0.005296
0.005423
0.005439
0.006221
0.006227
0.006489
0.005799
0.005708
0.005606
0.005857
0.005867
0.004592
0.004288
0.004519
0.003828
0.004212
0.004255
0.004157
0.004575
0.003355
0.003493
0.004699
0.003873
0.003593
0.003526
0.004130
0.004270
0.004149
0.004346
0.004600
0.004686
0.004352
0.004062
0.003980
0.004256
0.004550
0.004964
0.004390
0.005565
0.004625
0.004399
0.004189
0.003856
0.004026
0.004457
0.004422
0.003471
0.003468
0.002516
0.002779
0.003637
0.004134
0.004811
0.004942
0.005315
0.005163
0.005140
0.004940
0.004974
0.004575
0.004812
0.004546
0.005138
0.005355
0.005059
0.005903
0.005844
0.005712
0.005982
0.006257
0.006154
0.006542
0.007503
0.008310
0.007931
0.007894
0.007982
0.007773
0.007917
0.007863
0.007431
0.007682
0.007071
0.006957
0.007031
0.006546
0.006742
0.006470
0.006923
0.006899
0.006836
0.006980
0.007490
0.007001
0.007179
0.007412
0.007597
0.006657
0.005902
0.006354
0.006675
0.006984
0.007650
0.007541
0.008220
0.007703
0.007798
0.007441
0.007832
0.007536
0.008634
0.008784
0.008785
0.008273
0.008293
0.008403
0.007640
0.007879
0.008854
0.009225
0.008556
0.008718
0.008618
0.008145
0.007939
0.008394
0.007719
0.007937
0.008146
0.007904
0.008106
0.009226
0.008645
0.008364
0.008140
0.007934
0.007293
0.007068
0.006415
0.006888
0.006721
0.006685
0.006577
0.007061
0.007589
0.007204
0.007516
0.007101
0.006703
0.006287
0.004867
0.004992
0.004830
0.004923
0.005265
0.004712
0.004571
0.005135
0.004734
0.004767
0.004859
0.004691
0.004280
0.003818
0.004393
0.004924
0.005035
0.005097
0.004712
0.004320
0.004189
0.004513
0.005324
0.004491
0.004565
0.004271
0.004775
0.004856
0.004788
0.004142
0.004417
0.005048
0.005274
0.005269
0.005155
0.006163
0.006822
0.006175
0.005497
0.006074
0.006543
0.005809
0.006439
0.007523
0.007346
0.007111
0.007084
0.007328
0.006842
0.007218
0.007149
0.007002
0.007166
0.006525
0.006692
0.006306
0.006722
0.006645
0.006837
0.007127
0.007418
0.007515
0.008136
0.009271
0.008680
0.008756
0.008180
0.008022
0.008697
0.008863
0.007996
0.008351
0.007465
0.006891
0.006296
0.006184
0.006226
0.006195
0.006366
0.005900
0.006292
0.006650
0.006800
0.006964
0.007445
0.008161
0.006935
0.007219
0.006813
0.006952
0.007300
0.007061
0.007432
0.006933
0.006662
0.007331
0.006878
0.006063
0.005642
0.005892
0.006470
0.006123
0.005849
0.005396
0.005272
0.005784
0.005902
0.006095
0.006066
0.005720
0.005683
0.006132
0.005965
0.005664
0.004519
0.004049
0.004334
0.004372
0.004424
0.005733
0.006120
0.006493
0.006476
0.006496
0.007713
0.007374
0.007844
0.007635
0.006984
0.007726
0.007888
0.008404
0.007904
0.007937
0.008927
0.009064
0.009217
0.010070
0.010183
0.009960
0.009684
0.008991
0.008826
0.008724
0.009123
0.009427
0.010031
0.009916
0.009941
0.010079
0.010247
0.010050
0.010052
0.009843
0.008816
0.009182
0.009147
0.009397
0.009499
0.008751
0.008861
0.008401
0.008935
0.009052
0.007989
0.007481
0.007420
0.007889
0.007511
0.008406
0.009119
0.009877
0.010384
0.009751
0.009784
0.009918
0.009685
0.009528
0.009527
0.009411
0.009159
0.008648
0.008911
0.009223
0.009520
0.009483
0.010005
0.010193
0.009766
0.009862
0.010262
0.010177
0.010139
0.010150
0.010538
0.010314
0.009973
0.010070
0.010061
0.010194
0.010570
0.011108
0.010591
0.010718
0.011047
0.011464
0.011876
0.012266
0.011973
0.011295
0.011819
0.011601
0.010787
0.010653
0.010155
0.010256
0.009889
0.010365
0.010206
0.010260
0.010186
0.010763
0.009667
0.009242
0.010194
0.009898
0.010019
0.010269
0.010779
0.010792
0.011287
0.011758
0.011508
0.011059
0.011746
0.011724
0.012151
0.012376
0.013418
0.013236
0.013077
0.012693
0.013452
0.012605
0.012704
0.012706
0.012230
0.012512
0.012326
0.012327
0.012527
0.013065
0.013015
0.013427
0.012938
0.012508
0.011767
0.011608
0.012164
0.012871
0.012910
0.013057
0.012928
0.012795
0.012715
0.012940
0.012974
0.011719
0.012254
0.012208
0.012315
0.012639
0.012455
0.012460
0.012517
0.012160
0.011775
0.012710
0.012637
0.013339
0.013566
0.013435
0.013618
0.013525
0.013218
0.013565
0.012026
0.012017
0.012255
0.011669
0.011776
0.012728
0.012398
0.012336
0.012003
0.011934
0.011300
0.011693
0.011653
0.011474
0.011684
0.012190
0.012143
0.011835
0.011574
0.010973
0.011268
0.011191
0.010647
0.011026
0.011975
0.012063
0.013134
0.013031
0.013459
0.013305
0.013615
0.013582
0.013028
0.013313
0.012580
0.012154
0.011712
0.011688
0.012332
0.011690
0.011234
0.011268
0.011242
0.010824
0.010448
0.010519
0.009612
0.009387
0.009255
0.009849
0.010513
0.010136
0.010267
0.009900
0.010040
0.009948
0.009550
0.009927
0.010127
0.009601
0.009871
0.009636
0.010028
0.010149
0.010005
0.010097
0.010989
0.010338
0.010969
0.011472
0.011479
0.012015
0.012024
0.011978
0.011561
0.011657
0.011673
0.011762
0.011257
0.011774
0.012568
0.013050
0.013737
0.013509
0.013280
0.013629
0.014104
0.013582
0.014029
0.014036
0.014163
0.014737
0.014613
0.014556
0.015417
0.014828
0.014801
0.014103
0.014190
0.013961
0.013621
0.013139
0.013171
0.014176
0.013878
0.013565
0.012440
0.012366
0.012586
0.013150
0.012873
0.012509
0.013068
0.012583
0.013008
0.012398
0.013142
0.012993
0.012619
0.012117
0.012215
0.011902
0.011785
0.011502
0.011230
0.010787
0.010856
0.011180
0.011518
0.011784
0.011631
0.011763
0.012030
0.012516
0.012709
0.012447
0.013105
0.013652
0.013570
0.012908
0.012591
0.012405
0.012393
0.012436
0.012731
0.012682
0.012896
0.013304
0.014195
0.013728
0.013428
0.013362
0.013302
0.013273
0.013008
0.013064
0.012613
0.013006
0.012880
0.013416
0.013465
0.013227
0.013298
0.013601
0.013589
0.013299
0.013303
0.013177
0.012744
0.013225
0.013580
0.014002
0.013513
0.013413
0.013411
0.013500
0.012085
0.012344
0.012602
0.013228
0.012943
0.013800
0.013945
0.014438
0.013949
0.013737
0.013744
0.013503
0.013255
0.013632
0.013730
0.013919
0.014762
0.014700
0.015112
0.014963
0.015092
0.015327
0.015725
0.016539
0.015559
0.014513
0.015019
0.014971
0.015864
0.015348
0.015153
0.015889
0.015496
0.015189
0.014647
0.014342
0.013726
0.013681
0.013930
0.014586
0.014553
0.014279
0.014964
0.014596
0.014568
0.014909
0.015206
0.015122
0.015263
0.015353
0.015681
0.016016
0.016916
0.017376
0.017138
0.016535
0.016486
0.015895
0.016104
0.015650
0.015854
0.015255
0.015774
0.014816
0.014160
0.013564
0.013813
0.012810
0.011843
0.011769
0.012073
0.011706
0.011921
0.012508
0.013018
0.014176
0.014315
0.015063
0.015134
0.014691
0.014685
0.013881
0.013490
0.014113
0.013753
0.013944
0.014152
0.014734
0.014694
0.014418
0.013871
0.013702
0.013069
0.013198
0.013375
0.012908
0.013446
0.013289
0.013136
0.012877
0.012788
0.012631
0.012485
0.012282
0.012226
0.012313
0.012248
0.012578
0.012638
0.012120
0.012053
0.011877
0.011924
0.012299
0.012229
0.012211
0.011485
0.011541
0.011449
0.010853
0.010503
0.010381
0.010328
0.010466
0.010260
0.009345
0.008979
0.009063
0.008690
0.008111
0.008530
0.008237
0.008652
0.009074
0.009717
0.010263
0.010010
0.008710
0.008688
0.008765
0.008521
0.008838
0.009047
0.008478
0.008156
0.008005
0.007429
0.006795
0.006518
0.006087
0.006095
0.006165
0.006304
0.005989
0.005993
0.005596
0.005878
0.005783
0.005158
0.004774
0.005073
0.005023
0.005337
0.005811
0.006121
0.005206
0.005185
0.005402
0.005165
0.005234
0.005659
0.005806
0.005827
0.005303
0.004758
0.005431
0.005423
0.005949
0.006010
0.006019
0.005869
0.005617
0.005528
0.005271
0.005398
0.005599
0.005468
0.005310
0.005334
0.005984
0.005619
0.005319
0.005539
0.005482
0.005214
0.005711
0.006095
0.006316
0.006289
0.006727
0.007137
0.006676
0.006605
0.006637
0.006373
0.006548
0.005898
0.005750
0.005671
0.005556
0.005279
0.005405
0.005747
0.005534
0.005510
0.005551
0.006145
0.006035
0.005523
0.006350
0.006400
0.005740
0.006082
0.006219
0.006658
0.006093
0.006275
0.006055
0.006035
0.005195
0.005552
0.005206
0.005646
0.005904
0.005849
0.005656
0.005502
0.005699
0.005923
0.006357
0.007147
0.008300
0.008705
0.008299
0.008551
0.008976
0.009301
0.009711
0.009647
0.009674
0.009106
0.009201
0.009089
0.009006
0.009443
0.009089
0.009235
0.009185
0.008892
0.008259
0.008340
0.008594
0.008803
0.009106
0.008355
0.008323
0.009067
0.009262
0.009539
0.008420
0.008729
0.008469
0.009357
0.009335
0.009874
0.009492
0.009376
0.008887
0.009266
0.008493
0.008506
0.008429
0.009287
0.009048
0.009746
0.009902
0.009840
0.009649
0.009138
0.009443
0.009187
0.008857
0.009260
0.009796
0.010131
0.010174
0.009643
0.010430
0.009506
0.009748
0.010122
0.009796
0.009772
0.009631
0.008941
0.008868
0.008937
0.008386
0.008691
0.008842
0.009314
0.009591
0.009742
0.010057
0.011025
0.010813
0.010673
0.010859
0.010851
0.011092
0.010482
0.010735
0.011572
0.012054
0.012001
0.012326
0.011596
0.011443
0.011609
0.010906
0.011024
0.010750
0.010903
0.010700
0.009687
0.008658
0.008504
0.008772
0.009702
0.010017
0.010979
0.011028
0.011129
0.010803
0.010509
0.010883
0.011438
0.011981
0.012192
0.012790
0.012446
0.012249
0.013373
0.013253
0.013726
0.014416
0.014705
0.014737
0.014698
0.014710
0.014891
0.014330
0.014406
0.014157
0.014279
0.014793
0.015717
0.014792
0.015095
0.015042
0.014700
0.014989
0.014284
0.013749
0.013426
0.013358
0.013435
0.012680
0.012205
0.012396
0.011942
0.011685
0.012101
0.012580
0.012489
0.012828
0.013995
0.014163
0.013610
0.013403
0.013077
0.013125
0.012612
0.013072
0.012973
0.012784
0.013620
0.013128
0.012443
0.012471
0.013011
0.013286
0.012923
0.012619
0.013247
0.014447
0.014799
0.015249
0.015337
0.015215
0.015233
0.015165
0.014640
0.013509
0.013384
0.013559
0.013114
0.013655
0.013093
0.012715
0.012517
0.012642
0.012487
0.012407
0.012752
0.012477
0.012723
0.012451
0.012360
0.012103
0.012283
0.012063
0.012410
0.012464
0.012002
0.011985
0.012219
0.012708
0.013235
0.012972
0.013057
0.013334
0.013048
0.013297
0.013114
0.013443
0.013779
0.013580
0.013850
0.013972
0.013319
0.013449
0.013776
0.012797
0.012581
0.013002
0.013099
0.012984
0.013085
0.013654
0.013435
0.013516
0.013337
0.013193
0.013180
0.013357
0.014233
0.014541
0.014977
0.014838
0.014122
0.014479
0.014396
0.014068
0.013717
0.014149
0.013680
0.013290
0.013282
0.013567
0.014416
0.014520
0.014259
0.013687
0.014296
0.014063
0.013159
0.013096
0.012885
0.012578
0.012796
0.012865
0.013030
0.012758
0.012788
0.013320
0.013133
0.013139
0.012951
0.012869
0.012560
0.012528
0.012273
0.013097
0.012867
0.012505
0.012457
0.012656
0.012242
0.012245
0.011826
0.011804
0.011725
0.011450
0.011530
0.010509
0.010426
0.010612
0.010663
0.010604
0.010239
0.010120
0.009537
0.009574
0.009547
0.009056
0.009183
0.009326
0.009585
0.010127
0.009972
0.009888
0.010658
0.010322
0.009768
0.011000
0.010949
0.011617
0.011376
0.011269
0.011722
0.012012
0.012230
0.012158
0.011013
0.010091
0.010189
0.009611
0.010337
0.010290
0.010185
0.010822
0.010933
0.011771
0.011425
0.011691
0.011930
0.011261
0.011471
0.011120
0.011027
0.010448
0.010143
0.010249
0.010295
0.010687
0.010903
0.010760
0.010654
0.010327
0.010508
0.010306
0.010182
0.009708
0.009437
0.008989
0.009130
0.009173
0.009043
0.008839
0.008987
0.009980
0.010378
0.010590
0.010434
0.010973
0.011262
0.011167
0.011416
0.010984
0.011080
0.010787
0.010830
0.011609
0.011539
0.010363
0.010500
0.010333
0.009799
0.010282
0.010267
0.010561
0.010547
0.010255
0.009695
0.009677
0.009599
0.009258
0.009291
0.009138
0.009276
0.009819
0.009796
0.009197
0.009490
0.008536
0.008253
0.008873
0.008807
0.009543
0.009301
0.010416
0.010145
0.009311
0.009954
0.009656
0.009944
0.009527
0.009150
0.008841
0.009404
0.008711
0.008848
0.009348
0.009108
0.009176
0.008451
0.008209
0.008762
0.008797
0.009104
0.008084
0.007693
0.006971
0.006974
0.007735
0.008075
0.007507
0.007389
0.006977
0.005855
0.006405
0.006560
0.005850
0.006541
0.006287
0.006125
0.005230
0.005278
0.005351
0.005230
0.005381
0.005182
0.005029
0.005635
0.005667
0.005545
0.005758
0.005323
0.004895
0.005477
0.005695
0.006143
0.005931
0.005766
0.005900
0.005685
0.005824
0.005754
0.006476
0.006677
0.007389
0.007306
0.007217
0.007106
0.007300
0.007691
0.007736
0.007774
0.008414
0.008268
0.007628
0.007782
0.007804
0.008040
0.008050
0.007780
0.007819
0.008028
0.008061
0.007942
0.007338
0.007729
0.007860
0.007854
0.007756
0.007076
0.007300
0.007701
0.007558
0.007685
0.007657
0.007369
0.006941
0.007166
0.006618
0.006926
0.006018
0.005485
0.005240
0.006295
0.006252
0.005988
0.006601
0.006571
0.006068
0.006314
0.006545
0.006294
0.005946
0.005916
0.005951
0.006162
0.005815
0.006247
0.006569
0.006323
0.006044
0.005708
0.005910
0.005852
0.006003
0.006678
0.006354
0.006653
0.007341
0.006949
0.007880
0.008021
0.007354
0.007443
0.008038
0.007997
0.008754
0.009347
0.009188
0.009611
0.009882
0.009561
0.009360
0.009769
0.009541
0.009646
0.008970
0.008743
0.008618
0.008670
0.008887
0.008816
0.009025
0.009022
0.008636
0.009542
0.009594
0.009576
0.010275
0.009765
0.010203
0.010635
0.010506
0.010494
0.010355
0.010622
0.010407
0.009758
0.010549
0.010767
0.010577
0.010806
0.010880
0.010764
0.010489
0.010073
0.010960
0.011055
0.010891
0.010327
0.010237
0.009719
0.009967
0.009115
0.008838
0.009220
0.008856
0.008715
0.008559
0.008519
0.008558
0.008143
0.008567
0.008265
0.008580
0.008602
0.008801
0.008642
0.008211
0.007897
0.007833
0.008125
0.007423
0.007591
0.007405
0.007752
0.007774
0.008093
0.007826
0.007608
0.007648
0.007938
0.008300
0.008651
0.008461
0.007987
0.007176
0.007250
0.008034
0.008296
0.007948
0.007551
0.007840
0.008199
0.008133
0.008088
0.007941
0.008049
0.007849
0.007766
0.007354
0.007012
0.007666
0.007627
0.007248
0.008129
0.008501
0.008439
0.008493
0.008153
0.008239
0.007674
0.007815
0.007921
0.008235
0.008106
0.008076
0.008031
0.008073
0.008126
0.008346
0.007705
0.007012
0.007070
0.006966
0.006173
0.006949
0.006509
0.006154
0.005415
0.005478
0.005295
0.005694
0.005998
0.005694
0.005980
0.005582
0.005149
0.005435
0.005758
0.005129
0.004466
0.004244
0.004314
0.004372
0.004779
0.005027
0.005413
0.005093
0.004951
0.005447
0.004141
0.004643
0.004968
0.005082
0.004705
0.004782
0.004743
0.004729
0.004302
0.004058
0.004780
0.005518
0.005637
0.005632
0.004883
0.005077
0.005429
0.004386
0.004758
0.004403
0.004347
0.003709
0.003318
0.003401
0.003240
0.003444
0.002651
0.002656
0.002342
0.002614
0.002924
0.003529
0.003618
0.003769
0.003853
0.003792
0.003692
0.003356
0.003410
0.003719
0.003656
0.003973
0.004142
0.003930
0.003363
0.003303
0.003596
0.004117
0.004155
0.004600
0.004058
0.004134
0.003672
0.003169
0.002779
0.002921
0.003201
0.002484
0.002916
0.003172
0.002576
0.002621
0.002509
0.002470
0.002708
0.003288
0.003003
0.002904
0.002540
0.002656
0.003452
0.003554
0.004334
0.004442
0.004171
0.004405
0.004698
0.004706
0.004283
0.004458
0.004253
0.004649
0.003878
0.003844
0.003480
0.003685
0.004020
0.004458
0.004059
0.004564
0.004238
0.004589
0.004290
0.004478
0.005989
0.006044
0.006256
0.006949
0.006573
0.007075
0.007425
0.006839
0.006709
0.006630
0.006015
0.005380
0.005764
0.006426
0.006622
0.006780
0.007670
0.006959
0.007180
0.006898
0.006637
0.007022
0.006353
0.006559
0.006515
0.006667
0.006660
0.006498
0.006548
0.006586
0.006437
0.006469
0.006078
0.005606
0.005275
0.004978
0.004988
0.005387
0.005672
0.005809
0.005291
0.003941
0.004025
0.004488
0.004884
0.004098
0.003351
0.003274
0.003094
0.003457
0.003129
0.003086
0.003789
0.004155
0.003776
0.004784
0.004706
0.004939
0.004682
0.004906
0.005045
0.004961
0.004619
0.004034
0.004156
0.003952
0.003419
0.004102
0.004449
0.004315
0.004319
0.004121
0.003611
0.003468
0.003795
0.003496
0.003742
0.003780
0.004086
0.003871
0.003242
0.003337
0.003625
0.003938
0.003291
0.003676
0.003012
0.002279
0.001910
0.001063
0.001162
0.000407
0.000530
0.000351
0.000589
0.000781
0.000770
0.000464
-0.000128
0.000397
0.000484
0.000611
0.000236
0.000256
0.000459
0.000184
-0.000010
-0.000911
-0.000805
-0.000931
0.000038
-0.000357
-0.000447
-0.000626
-0.000742
-0.000802
-0.000938
-0.000893
-0.001013
-0.001168
-0.000736
-0.000205
-0.000064
0.000138
0.000856
0.000636
0.000727
0.001243
0.001676
0.001823
0.001794
0.001404
0.000805
0.001305
0.002160
0.001583
0.001326
0.000666
-0.000061
0.000240
0.000093
-0.000199
0.000096
0.000518
0.000594
0.000555
0.000598
0.000126
0.000358
0.000514
0.000775
0.000259
-0.000270
-0.000443
-0.000720
-0.000596
-0.000294
0.000435
0.001154
0.000814
0.000404
0.000760
0.000707
0.000822
0.001786
0.002199
0.001838
0.001384
0.002081
0.001992
0.002785
0.002548
0.001865
0.001723
0.001392
0.001722
0.002126
0.002776
0.002605
0.002670
0.003459
0.003475
0.003189
0.003753
0.003602
0.003807
0.003889
0.004227
0.003925
0.003429
0.003288
0.003005
0.003121
0.002952
0.002776
0.002717
0.002978
0.003436
0.003451
0.003582
0.004043
0.003478
0.003252
0.003017
0.002509
0.002966
0.002890
0.002836
0.002467
0.002563
0.002719
0.002693
0.001993
0.002219
0.003069
0.003456
0.003084
0.002902
0.003582
0.003448
0.003761
0.003868
0.004027
0.004347
0.004530
0.004757
0.005020
0.005139
0.005237
0.004446
0.004412
0.004026
0.004266
0.004026
0.004454
0.004589
0.004692
0.004695
0.004897
0.004883
0.004401
0.004085
0.004579
0.004433
0.004437
0.004353
0.004109
0.004199
0.003678
0.003376
0.003126
0.003404
0.003334
0.003040
0.003325
0.003066
0.003043
0.002273
0.002756
0.003000
0.002513
0.002366
0.002965
0.003267
0.003673
0.003730
0.004869
0.004822
0.005379
0.005372
0.005138
0.005237
0.005734
0.006126
0.006081
0.006044
0.005669
0.005486
0.005716
0.005525
0.004629
0.004145
0.003145
0.002898
0.003317
0.003422
0.003772
0.003315
0.002763
0.002538
0.002496
0.001956
0.002847
0.002721
0.002459
0.002585
0.002536
0.002647
0.002412
0.002934
0.003108
0.002426
0.002210
0.002380
0.003077
0.003386
0.003862
0.003865
0.003543
0.003344
0.003791
0.004035
0.003831
0.003356
0.002853
0.003286
0.002636
0.003478
0.003057
0.004337
0.004241
0.003766
0.004176
0.004702
0.004734
0.005013
0.004168
0.004917
0.005335
0.005634
0.005352
0.004809
0.004916
0.005376
0.005336
0.005562
0.005847
0.005734
0.005206
0.005305
0.005073
0.005357
0.005534
0.005289
0.005700
0.005718
0.005091
0.004670
0.004354
0.004440
0.004416
0.004095
0.004523
0.005006
0.004631
0.004333
0.004550
0.005171
0.005438
0.004957
0.004565
0.004292
0.004709
0.004180
0.004245
0.004486
0.004547
0.005024
0.004864
0.005371
0.004984
0.005622
0.006036
0.006313
0.005816
0.005752
0.005434
0.006226
0.006191
0.006014
0.005987
0.005264
0.005491
0.005273
0.004837
0.004443
0.004261
0.004671
0.004253
0.004391
0.004480
0.005049
0.005216
0.004919
0.004972
0.004895
0.005208
0.005505
0.004915
0.004293
0.003727
0.003984
0.004277
0.004306
0.004241
0.003988
0.004076
0.003951
0.003371
0.003587
0.003722
0.003736
0.003680
0.004014
0.004026
0.004141
0.003937
0.003869
0.003453
0.003785
0.004774
0.004703
0.004966
0.004630
0.005061
0.004776
0.004900
0.004271
0.003704
0.003652
0.004350
0.004186
0.004491
0.004135
0.004108
0.004259
0.003802
0.003321
0.003554
0.003486
0.003083
0.002702
0.002910
0.002948
0.003273
0.003375
0.003425
0.003058
0.003478
0.003839
0.003874
0.003597
0.003874
0.003686
0.003337
0.003326
0.003001
0.002751
0.003130
0.003130
0.003330
0.003279
0.003139
0.002955
0.003097
0.002712
0.002251
0.002306
0.002628
0.002091
0.002019
0.002175
0.002122
0.002187
0.002323
0.001655
0.001988
0.002223
0.002294
0.001447
0.001196
0.001492
0.001384
0.001810
0.001828
0.002598
0.002562
0.002258
0.002492
0.003052
0.002726
0.002146
0.002431
0.002708
0.002424
0.002726
0.001833
0.002064
0.001615
0.002234
0.002669
0.002926
0.003426
0.003061
0.002346
0.001852
0.002650
0.003214
0.003195
0.003397
0.003292
0.002709
0.002449
0.002924
0.003132
0.002635
0.002718
0.002725
0.002526
0.002442
0.002503
0.003143
0.003007
0.003894
0.003515
0.002842
0.002503
0.001879
0.001453
0.002185
0.002043
0.001781
0.001479
0.001774
0.001704
0.001149
0.001459
0.001777
0.002773
0.002779
0.002751
0.003071
0.003433
0.003015
0.003002
0.003449
0.003753
0.003959
0.004496
0.004833
0.004627
0.003799
0.004046
0.004336
0.004570
0.003744
0.003561
0.003133
0.002854
0.002716
0.002814
0.001905
0.001211
0.001301
0.001482
0.001100
0.001005
0.000939
0.001241
0.001531
0.000981
0.000914
0.000852
0.000655
0.001105
0.001474
0.001081
0.001565
0.001272
0.001582
0.001239
0.001506
0.001016
0.001490
0.001465
0.001911
0.001475
0.001423
0.000585
0.000568
0.000024
0.000719
0.000868
0.000821
0.000657
0.000610
-0.000178
-0.000281
-0.000022
0.000088
-0.000925
-0.000211
0.000018
-0.000030
-0.000309
-0.000715
-0.001383
-0.001441
-0.001021
-0.001070
-0.001072
-0.001527
-0.002262
-0.002102
-0.001561
-0.001764
-0.002271
-0.002833
-0.002767
-0.002089
-0.002368
-0.001994
-0.001574
-0.001653
-0.001477
-0.001419
-0.001127
-0.000421
-0.000384
-0.000281
0.000620
0.000598
0.001209
0.001447
0.002186
0.002332
0.002647
0.002934
0.003542
0.003295
0.003422
0.003361
0.004032
0.004569
0.004269
0.004522
0.004190
0.005233
0.004767
0.004475
0.004241
0.005044
0.005091
0.005527
0.005664
0.005130
0.005256
0.004968
0.004840
0.006175
0.006001
0.006024
0.006108
0.005828
0.006253
0.005548
0.005502
0.005929
0.005665
0.006597
0.006750
0.006828
0.006455
0.006788
0.006137
0.006273
0.005950
0.005419
0.005215
0.005149
0.004955
0.005723
0.005465
0.005798
0.005504
0.005531
0.005584
0.005510
0.006085
0.006041
0.006127
0.006077
0.005666
0.005547
0.005349
0.005752
0.005682
0.005334
0.005229
0.004992
0.005377
0.005015
0.004447
0.004868
0.005112
0.004888
0.004765
0.004379
0.004527
0.004791
0.004764
0.004749
0.005326
0.005390
0.004921
0.005328
0.005110
0.004707
0.004813
0.005119
0.004960
0.005261
0.005670
0.004993
0.004688
0.004378
0.004432
0.003770
0.003680
0.003570
0.004152
0.003709
0.003486
0.002992
0.003552
0.004098
0.005085
0.005647
0.005592
0.005645
0.006127
0.006700
0.006698
0.006969
0.006554
0.006832
0.007088
0.007841
0.007821
0.007850
0.007587
0.007601
0.007671
0.008228
0.008218
0.007982
0.007893
0.007290
0.007824
0.008079
0.008001
0.008083
0.007907
0.007930
0.008871
0.009466
0.009451
0.008984
0.008151
0.008152
0.008592
0.008430
0.008324
0.008514
0.008386
0.008591
0.008651
0.009164
0.009326
0.009707
0.009722
0.010091
0.009801
0.009635
0.010694
0.010047
0.009733
0.009272
0.009580
0.010357
0.010146
0.010169
0.010427
0.011009
0.012038
0.012021
0.011277
0.011161
0.010740
0.010224
0.009523
0.009718
0.010373
0.010452
0.010800
0.010639
0.010511
0.009884
0.009933
0.009718
0.009901
0.009773
0.009582
0.009575
0.010166
0.009840
0.009591
0.009304
0.010099
0.010013
0.010177
0.010435
0.010353
0.010437
0.010456
0.010539
0.010506
0.010827
0.010732
0.010777
0.010944
0.010337
0.010050
0.009478
0.009195
0.009571
0.009286
0.008759
0.008796
0.009034
0.009369
0.009674
0.009379
0.009847
0.009689
0.010063
0.010668
0.010197
0.010830
0.011334
0.011648
0.011907
0.012220
0.012299
0.012424
0.012642
0.012374
0.012320
0.011793
0.011927
0.012570
0.013210
0.012875
0.013118
0.012981
0.012979
0.013515
0.013172
0.013002
0.013088
0.012833
0.013323
0.012920
0.012620
0.013440
0.012915
0.012249
0.012276
0.011986
0.011979
0.011239
0.010962
0.011051
0.011115
0.011200
0.012108
0.012075
0.012286
0.012707
0.013059
0.012826
0.012699
0.011713
0.012021
0.011862
0.011475
0.011433
0.011335
0.011866
0.010866
0.010660
0.011179
0.010819
0.011291
0.011273
0.011351
0.010747
0.011136
0.010640
0.010401
0.010270
0.010637
0.010906
0.011548
0.011934
0.012212
0.012248
0.011706
0.011720
0.011491
0.011407
0.010914
0.010727
0.010931
0.010581
0.010299
0.010408
0.009855
0.010177
0.010344
0.010989
0.010989
0.011077
0.010924
0.010729
0.010431
0.010044
0.009963
0.010130
0.010722
0.010282
0.010106
0.010392
0.010470
0.011025
0.011252
0.011408
0.011638
0.011472
0.011770
0.011830
0.012035
0.012295
0.012762
0.012419
0.011785
0.012047
0.011894
0.011836
0.011976
0.011285
0.011115
0.011347
0.010992
0.010984
0.011755
0.011793
0.011688
0.012360
0.012502
0.012803
0.013335
0.013366
0.013499
0.012886
0.013077
0.012898
0.012887
0.012557
0.012696
0.012689
0.013527
0.013691
0.013061
0.013016
0.012569
0.012517
0.012780
0.012520
0.013066
0.012957
0.013163
0.013569
0.013346
0.013060
0.013580
0.014139
0.013709
0.013677
0.013784
0.013275
0.013368
0.013235
0.013106
0.013168
0.013445
0.012934
0.012680
0.012179
0.012657
0.012184
0.011997
0.012422
0.011939
0.011567
0.011437
0.011432
0.011262
0.011589
0.011120
0.011121
0.011270
0.010925
0.010500
0.010734
0.010111
0.010133
0.010067
0.009956
0.010232
0.010216
0.010244
0.010229
0.010007
0.009673
0.009849
0.010120
0.010004
0.010093
0.010409
0.010688
0.010964
0.011309
0.011975
0.012227
0.012059
0.011525
0.010787
0.011261
0.011384
0.010914
0.011005
0.011500
0.011842
0.011971
0.011733
0.012174
0.012575
0.012749
0.012548
0.012715
0.012563
0.012566
0.012382
0.012255
0.012103
0.012224
0.012613
0.012541
0.012300
0.012588
0.012063
0.012613
0.012612
0.012699
0.013439
0.012729
0.012754
0.013131
0.012798
0.012820
0.013064
0.013024
0.012890
0.013386
0.013334
0.012958
0.013051
0.013311
0.012344
0.012206
0.012536
0.013078
0.013232
0.013117
0.013377
0.013585
0.013286
0.013155
0.013180
0.013502
0.012937
0.012650
0.012229
0.012308
0.011972
0.011731
0.011289
0.011253
0.010990
0.011071
0.010703
0.010738
0.010230
0.009995
0.009813
0.009704
0.009357
0.008976
0.008548
0.007909
0.007373
0.007780
0.007581
0.007143
0.007238
0.006747
0.007070
0.007280
0.007053
0.007362
0.007475
0.007258
0.006981
0.006657
0.006334
0.005874
0.005295
0.004720
0.003829
0.004067
0.004273
0.003726
0.003645
0.003547
0.002472
0.002667
0.002035
0.002284
0.002858
0.003002
0.003034
0.003837
0.003307
0.002827
0.002755
0.002838
0.002913
0.002894
0.003888
0.003411
0.004117
0.004100
0.003694
0.004108
0.004783
0.004708
0.004694
0.004493
0.004142
0.003735
0.004498
0.004494
0.004743
0.004634
0.005119
0.004995
0.004883
0.004682
0.004745
0.004808
0.004433
0.004476
0.004038
0.004460
0.004898
0.004558
0.004375
0.004219
0.004739
0.005319
0.005727
0.005581
0.006226
0.005806
0.006200
0.006638
0.006474
0.006381
0.006232
0.006235
0.006105
0.005868
0.005508
0.005812
0.005769
0.006164
0.006691
0.007008
0.006526
0.007007
0.006837
0.006591
0.005758
0.005920
0.005404
0.005162
0.005089
0.004707
0.004522
0.004934
0.005001
0.005170
0.004786
0.004831
0.005362
0.005303
0.005520
0.005637
0.005869
0.006637
0.006524
0.006847
0.006713
0.007069
0.006788
0.006625
0.005920
0.005915
0.005401
0.005822
0.005979
0.006136
0.005851
0.006223
0.006382
0.006615
0.006032
0.006475
0.006059
0.006162
0.006481
0.006779
0.007513
0.007342
0.006990
0.007275
0.007612
0.007220
0.006859
0.006788
0.006738
0.006458
0.006441
0.006491
0.006728
0.007306
0.007336
0.007201
0.007938
0.007956
0.007682
0.008227
0.008569
0.008755
0.009051
0.009207
0.009588
0.009357
0.009357
0.009468
0.009205
0.009173
0.009424
0.009284
0.009103
0.008731
0.008428
0.008671
0.008487
0.008167
0.008307
0.007853
0.007827
0.008527
0.008679
0.008296
0.007787
0.007723
0.008006
0.008403
0.007915
0.007841
0.007750
0.007761
0.007383
0.007482
0.007521
0.007010
0.006408
0.006551
0.006015
0.006175
0.006327
0.005958
0.005434
0.005149
0.004899
0.004694
0.005182
0.005140
0.005194
0.005486
0.005526
0.004955
0.005205
0.005075
0.005446
0.005621
0.004960
0.005334
0.005470
0.004701
0.004655
0.004687
0.004325
0.003717
0.003537
0.003653
0.003612
0.003526
0.004353
0.004232
0.004527
0.004983
0.005360
0.004616
0.004524
0.004655
0.004886
0.004404
0.004437
0.004455
0.005350
0.005501
0.005275
0.005111
0.005535
0.005326
0.005249
0.005041
0.005127
0.005801
0.006035
0.006072
0.006091
0.005622
0.005601
0.006173
0.006876
0.006804
0.007105
0.007250
0.007960
0.007660
0.007387
0.007480
0.007401
0.007027
0.007374
0.007653
0.007554
0.007107
0.007043
0.007078
0.006818
0.007030
0.007038
0.007160
0.006688
0.006400
0.005918
0.005796
0.005732
0.005572
0.006214
0.005870
0.005338
0.004939
0.004745
0.004082
0.004120
0.004062
0.004459
0.004578
0.004968
0.004792
0.004554
0.004825
0.004685
0.004504
0.004150
0.004068
0.004634
0.004762
0.004890
0.005261
0.005412
0.005733
0.005958
0.006184
0.006379
0.006348
0.006299
0.006746
0.006741
0.006694
0.006293
0.006033
0.005937
0.006131
0.006015
0.006333
0.006611
0.006193
0.005607
0.005067
0.005082
0.004930
0.005168
0.004567
0.004954
0.004898
0.004827
0.004709
0.005145
0.005104
0.005439
0.005288
0.005163
0.005645
0.005841
0.005915
0.005717
0.005024
0.004972
0.004697
0.005730
0.005371
0.005178
0.005367
0.005686
0.005780
0.005718
0.006366
0.006538
0.006475
0.006881
0.006924
0.006856
0.006467
0.006262
0.006068
0.005659
0.005950
0.006293
0.006183
0.005998
0.005895
0.005957
0.006575
0.006506
0.006534
0.006540
0.006059
0.005620
0.005556
0.006027
0.006336
0.005637
0.005571
0.005417
0.005750
0.005592
0.005630
0.005164
0.005128
0.005125
0.005299
0.004688
0.004522
0.004641
0.005130
0.005305
0.005115
0.004457
0.004692
0.005028
0.005333
0.005323
0.005036
0.005275
0.005440
0.005566
0.005878
0.006236
0.005530
0.005307
0.005586
0.005289
0.004639
0.004971
0.005028
0.004826
0.004663
0.004654
0.004718
0.003802
0.003569
0.004118
0.004021
0.003502
0.003338
0.003414
0.003203
0.002795
0.002957
0.002582
0.002995
0.003299
0.003259
0.002834
0.002930
0.003093
0.002956
0.003338
0.002694
0.002564
0.002714
0.002990
0.003023
0.003150
0.003503
0.003225
0.002609
0.002411
0.001928
0.001622
0.001594
0.001609
0.001482
0.000700
0.000188
0.000364
0.000218
0.000490
0.000529
0.000676
0.000400
0.000651
0.000484
0.000637
0.000595
0.000304
0.000262
0.000341
0.000963
0.000648
0.001268
0.001163
0.000729
0.000764
0.000461
0.000607
0.000343
0.000352
0.000616
0.000487
0.000575
0.000612
0.000339
0.000152
0.000233
0.000668
0.000437
0.000362
0.000233
-0.000139
-0.000184
0.000429
0.000484
0.000502
0.000314
0.000419
0.000911
0.000403
-0.000119
0.000174
0.000317
0.000679
0.000651
0.000580
0.000362
0.000433
0.001127
0.001557
0.001960
0.001894
0.001896
0.002087
0.002129
0.002682
0.002600
0.003051
0.003097
0.002694
0.002029
0.001431
0.000743
0.001179
0.001252
0.001549
0.001716
0.000876
0.000819
0.000648
0.001113
0.001610
0.002012
0.001924
0.002478
0.001945
0.002414
0.002524
0.002999
0.002913
0.003615
0.003797
0.004519
0.004741
0.004449
0.004565
0.004375
0.004291
0.003991
0.003942
0.003636
0.003439
0.004133
0.004102
0.004425
0.004325
0.004583
0.004465
0.004758
0.005154
0.004424
0.004588
0.004781
0.004641
0.004208
0.004249
0.003945
0.003842
0.003270
0.003113
0.003056
0.002675
0.002610
0.001892
0.001900
0.001778
0.002358
0.002583
0.002207
0.002243
0.001474
0.001341
0.001496
0.001226
0.001125
0.001089
0.001284
0.001888
0.001723
0.001316
0.001340
0.001566
0.001485
0.001162
0.001488
0.001977
0.002102
0.002206
0.002033
0.002351
0.002403
0.001944
0.003059
0.003564
0.003629
0.004090
0.004191
0.003833
0.004041
0.003953
0.003418
0.003356
0.003730
0.003927
0.003882
0.003715
0.003160
0.003243
0.003311
0.002617
0.002195
0.001990
0.002188
0.001761
0.001637
0.001901
0.002513
0.002457
0.001969
0.001387
0.001461
0.000942
0.001145
0.000846
0.000818
0.000603
0.000495
0.000529
0.001054
0.000852
0.000915
0.001122
0.000999
0.001257
0.001463
0.001473
0.001577
0.002068
0.002525
0.002067
0.002088
0.002001
0.001948
0.002022
0.001979
0.002041
0.002213
0.002334
0.002532
0.002616
0.002385
0.001754
0.001788
0.001842
0.001964
0.001980
0.001941
0.001826
0.001509
0.001451
0.001822
0.002235
0.001866
0.001256
0.001208
0.000773
0.001070
0.001233
0.001444
0.001442
0.001576
0.001513
0.000674
0.000786
0.001087
0.000926
0.001129
0.000521
0.000586
0.000455
0.000277
0.000492
0.000589
-0.000156
-0.000789
-0.000530
0.000103
0.000306
0.000678
0.000746
0.000838
0.000621
0.000651
-0.000274
0.000181
0.000004
0.000244
0.000022
0.000456
0.000288
0.000423
0.000710
0.000699
0.000937
0.001138
0.000432
0.000682
0.000321
0.000767
0.000915
0.000861
0.001199
0.001245
0.001063
0.000611
0.000705
0.000343
0.000630
0.000721
0.001342
0.001236
0.001424
0.001755
0.002322
0.002525
0.002787
0.002773
0.002555
0.002643
0.003279
0.002814
0.002279
0.002206
0.001919
0.002352
0.002606
0.002094
0.002593
0.002522
0.002840
0.002221
0.001680
0.001458
0.001559
0.001775
0.001313
0.001434
0.001027
0.000907
0.001067
0.001307
0.001599
0.001471
0.001842
0.001860
0.001436
0.001549
0.001517
0.001204
0.000976
0.000979
0.000375
0.000733
0.000874
0.000986
0.001782
0.001281
0.001784
0.001772
0.002141
0.000811
0.001624
0.001832
0.002089
0.003225
0.002694
0.002499
0.002681
0.003269
0.002694
0.003177
0.003254
0.002871
0.003624
0.003868
0.003447
0.003315
0.003163
0.003497
0.003804
0.003622
0.003602
0.003524
0.003160
0.003198
0.002490
0.002717
0.002980
0.003044
0.003281
0.003709
0.004099
0.003851
0.003967
0.003954
0.004354
0.004849
0.004679
0.004553
0.004738
0.004561
0.003837
0.003648
0.003146
0.003719
0.003841
0.004022
0.004192
0.004099
0.003650
0.003512
0.004033
0.003372
0.003194
0.003370
0.003734
0.003834
0.003928
0.004439
0.004800
0.005278
0.005186
0.005369
0.004862
0.004783
0.005206
0.004807
0.004855
0.005197
0.005552
0.004938
0.004362
0.003613
0.004185
0.004146
0.003939
0.003744
0.003791
0.003981
0.004408
0.004191
0.004190
0.004330
0.004141
0.003787
0.003683
0.003888
0.003713
0.004287
0.003839
0.003110
0.002917
0.003418
0.003381
0.003268
0.003452
0.003794
0.004191
0.004182
0.004213
0.004455
0.003935
0.003935
0.003466
0.003355
0.002978
0.003148
0.002712
0.002950
0.003054
0.002826
0.002430
0.002245
0.001972
0.002371
0.002527
0.002570
0.002332
0.002184
0.001870
0.002276
0.001681
0.001810
0.001660
0.001736
0.002012
0.001807
0.001943
0.001778
0.001658
0.001480
0.000999
0.000932
0.000938
0.001111
0.000475
0.000685
-0.000198
-0.000911
-0.001059
-0.001619
-0.002295
-0.002081
-0.002781
-0.002112
-0.001738
-0.001245
-0.001468
-0.001390
-0.001336
-0.000621
-0.001185
-0.001997
-0.002094
-0.001633
-0.001606
-0.001567
-0.001663
-0.001671
-0.001707
-0.001155
-0.000624
-0.000603
-0.000516
-0.001043
-0.000799
-0.000250
-0.000802
-0.000936
-0.000804
-0.000801
-0.000948
-0.000694
-0.000884
-0.000322
-0.000800
-0.000964
-0.000510
-0.001138
-0.001334
-0.001712
-0.001974
-0.002254
-0.001882
-0.001866
-0.001722
-0.002210
-0.002258
-0.001848
-0.002070
-0.001620
-0.001798
-0.001824
-0.001481
-0.001154
-0.000549
-0.000244
-0.000434
-0.000557
-0.000702
-0.001073
-0.001592
-0.001754
-0.001431
-0.001753
-0.002032
-0.002050
-0.002591
-0.002920
-0.002913
-0.001824
-0.001794
-0.001950
-0.001804
-0.002140
-0.002827
-0.003513
-0.003513
-0.003444
-0.003721
-0.003625
-0.004051
-0.004007
-0.004039
-0.003880
-0.004038
-0.003767
-0.003951
-0.003831
-0.004089
-0.004289
-0.004239
-0.004330
-0.004425
-0.005126
-0.004977
-0.004464
-0.004482
-0.004747
-0.004315
-0.004146
-0.003838
-0.003437
-0.003309
-0.003500
-0.003486
-0.003911
-0.004006
-0.004191
-0.004075
-0.003246
-0.003599
-0.003749
-0.003422
-0.003551
-0.003869
-0.004222
-0.004718
-0.004905
-0.004478
-0.004610
-0.004577
-0.004004
-0.004105
-0.004325
-0.004274
-0.004491
-0.004689
-0.005204
-0.005482
-0.005952
-0.005814
-0.006202
-0.006194
-0.006404
-0.006527
-0.006708
-0.006705
-0.006406
-0.006047
-0.005996
-0.005915
-0.005315
-0.005782
-0.006233
-0.005882
-0.006506
-0.006178
-0.006328
-0.006808
-0.006880
-0.007560
-0.007464
-0.007676
-0.007659
-0.007338
-0.007304
-0.007321
-0.007137
-0.006834
-0.006345
-0.005861
-0.005814
-0.006051
-0.005862
-0.005634
-0.004934
-0.004853
-0.004336
-0.004378
-0.004678
-0.004373
-0.004364
-0.004667
-0.004577
-0.004742
-0.004806
-0.005030
-0.004820
-0.005104
-0.004534
-0.004218
-0.003707
-0.003722
-0.003612
-0.003911
-0.003939
-0.004289
-0.004015
-0.004359
-0.004193
-0.004567
-0.004434
-0.004427
-0.004462
-0.003927
-0.003736
-0.003690
-0.003723
-0.003168
-0.003309
-0.002822
-0.003100
-0.003161
-0.002604
-0.002902
-0.002601
-0.002383
-0.002383
-0.002785
-0.002965
-0.002827
-0.002727
-0.003460
-0.003633
-0.003388
-0.003356
-0.003647
-0.003267
-0.002720
-0.002673
-0.002281
-0.002254
-0.002555
-0.002906
-0.002591
-0.002359
-0.002301
-0.002204
-0.002005
-0.001875
-0.001811
-0.001262
-0.001080
-0.001258
-0.001479
-0.002142
-0.001847
-0.001825
-0.001084
-0.000539
-0.001432
-0.001294
-0.000496
-0.000653
-0.000698
-0.000952
-0.001715
-0.001824
-0.002312
-0.002326
-0.001951
-0.002199
-0.002649
-0.002505
-0.002266
-0.003012
-0.002891
-0.002390
-0.001832
-0.001730
-0.002140
-0.001914
-0.001650
-0.001436
-0.002189
-0.002337
-0.002945
-0.001747
-0.001144
-0.001003
-0.000811
-0.000937
-0.001037
-0.000664
-0.000803
-0.001308
-0.000904
-0.001266
-0.001578
-0.001527
-0.002198
-0.002375
-0.002852
-0.002571
-0.002499
-0.002394
-0.002463
-0.002514
-0.002325
-0.001968
-0.001458
-0.001223
-0.001629
-0.001209
-0.001083
-0.001529
-0.001790
-0.002349
-0.002293
-0.002143
-0.002695
-0.002357
-0.002234
-0.001996
-0.002486
-0.002342
-0.001729
-0.001802
-0.001828
-0.001547
-0.001728
-0.001415
-0.001091
-0.001427
-0.000883
-0.001152
-0.001017
-0.001115
-0.000908
-0.000593
-0.000487
-0.000868
-0.000563
-0.000688
-0.000798
0.000053
0.000527
0.000851
0.000998
0.001133
0.000811
0.000244
0.000302
-0.000027
0.000528
-0.000166
-0.000680
-0.000914
-0.001100
-0.001721
-0.001763
-0.001466
-0.001153
-0.000886
-0.000560
-0.000403
-0.000042
0.000405
0.000407
0.000034
0.000351
0.000281
0.000324
-0.000159
0.000216
-0.000763
-0.000415
-0.000482
-0.000188
-0.000632
-0.000381
-0.000174
-0.000236
0.000123
-0.000300
-0.000757
-0.000182
-0.000633
-0.000184
0.000387
0.001062
0.001410
0.001797
0.002185
0.002059
0.002356
0.002130
0.002677
0.002948
0.002827
0.003114
0.003015
0.003479
0.003784
0.004255
0.004200
0.004240
0.004517
0.004477
0.004360
0.004160
0.003948
0.004178
0.004680
0.004489
0.004169
0.003757
0.003803
0.003635
0.003635
0.003980
0.004062
0.003909
0.003694
0.003707
0.003824
0.003703
0.003453
0.003622
0.003982
0.004096
0.004075
0.004294
0.004646
0.004606
0.004756
0.004891
0.004173
0.003492
0.003508
0.003382
0.003393
0.003331
0.003435
0.003679
0.003943
0.003612
0.003648
0.003436
0.003342
0.003330
0.003636
0.003219
0.003046
0.003019
0.002937
0.002252
0.002435
0.002631
0.003017
0.003394
0.003489
0.003989
0.004090
0.003412
0.003954
0.004232
0.004561
0.004168
0.004117
0.004052
0.003957
0.003846
0.003807
0.004076
0.004096
0.004076
0.004411
0.004168
0.004082
0.004709
0.004848
0.004669
0.004663
0.004507
0.005200
0.005217
0.005308
0.005134
0.004795
0.004697
0.004273
0.003831
0.003747
0.003787
0.004016
0.004470
0.004170
0.003847
0.004086
0.004109
0.004287
0.004254
0.004066
0.004201
0.003874
0.004231
0.004383
0.004419
0.004632
0.004440
0.004602
0.004899
0.005241
0.005246
0.004970
0.004934
0.005228
0.005541
0.005800
0.005628
0.005825
0.005115
0.005160
0.005281
0.005523
0.004595
0.004490
0.004546
0.005026
0.005692
0.005620
0.006194
0.006322
0.006084
0.005768
0.006035
0.006331
0.006472
0.006460
0.006896
0.007042
0.007676
0.006805
0.006756
0.006519
0.005874
0.006119
0.006574
0.006480
0.005657
0.006349
0.006782
0.006755
0.006669
0.006540
0.006296
0.006486
0.006811
0.006723
0.007002
0.006895
0.006948
0.007113
0.006986
0.007132
0.006977
0.007263
0.007696
0.007363
0.007070
0.007377
0.007156
0.006925
0.006521
0.006905
0.006974
0.007192
0.007080
0.007121
0.007579
0.007628
0.007371
0.007289
0.006667
0.006759
0.006571
0.006361
0.005994
0.005761
0.006038
0.005926
0.005704
0.005531
0.005892
0.006131
0.005850
0.006028
0.005972
0.005639
0.005941
0.005555
0.005460
0.005773
0.005779
0.005791
0.005627
0.005607
0.005360
0.005949
0.006061
0.005593
0.005968
0.006198
0.006417
0.006462
0.006557
0.005965
0.006324
0.006460
0.006903
0.007532
0.007702
0.007419
0.007201
0.006645
0.006694
0.007009
0.006885
0.006724
0.006948
0.007280
0.007448
0.007603
0.007792
0.007555
0.007918
0.007957
0.008059
0.007547
0.007387
0.007793
0.007050
0.006544
0.006359
0.006288
0.006454
0.006641
0.006424
0.006336
0.006009
0.006082
0.005962
0.006172
0.006149
0.006268
0.006157
0.006126
0.006177
0.006242
0.006427
0.006181
0.006760
0.007221
0.007053
0.007361
0.007076
0.007015
0.006458
0.007047
0.007464
0.007085
0.007213
0.007092
0.006705
0.007126
0.007243
0.007116
0.006665
0.006441
0.006295
0.005950
0.006262
0.006211
0.005895
0.005502
0.005926
0.006044
0.006288
0.005958
0.006012
0.006438
0.006180
0.006243
0.006393
0.006367
0.006368
0.006111
0.006512
0.006680
0.005758
0.005569
0.005587
0.005748
0.005294
0.005813
0.005558
0.006476
0.006794
0.006676
0.006767
0.007293
0.007065
0.007007
0.006823
0.007000
0.006766
0.006452
0.006417
0.005808
0.005740
0.006038
0.006754
0.006729
0.006640
0.006949
0.007461
0.007924
0.007790
0.007751
0.007960
0.008185
0.008327
0.008709
0.008759
0.008723
0.008610
0.008401
0.008951
0.009404
0.009889
0.009647
0.010132
0.010614
0.010681
0.010089
0.009871
0.010077
0.010116
0.009476
0.009488
0.010021
0.009870
0.009629
0.009304
0.009584
0.009566
0.010278
0.009616
0.010362
0.010425
0.010344
0.010243
0.009877
0.009658
0.010359
0.010468
0.010753
0.010253
0.010343
0.009989
0.010008
0.009986
0.010080
0.010125
0.009754
0.009134
0.009444
0.009435
0.008951
0.008932
0.009014
0.009009
0.008410
0.007769
0.007698
0.008138
0.008152
0.008757
0.008908
0.008800
0.008760
0.008805
0.008906
0.008852
0.008096
0.007968
0.008570
0.008405
0.007983
0.007824
0.007244
0.006960
0.007140
0.006953
0.007003
0.006917
0.006971
0.007456
0.007323
0.007342
0.007384
0.007271
0.006750
0.006927
0.007083
0.006789
0.006942
0.006956
0.007193
0.006901
0.007072
0.007472
0.007228
0.006780
0.007003
0.007454
0.007282
0.007456
0.008339
0.008663
0.009153
0.008642
0.009189
0.008922
0.008694
0.008783
0.009337
0.009265
0.009246
0.009611
0.009175
0.009255
0.008460
0.007984
0.007333
0.006677
0.007080
0.007642
0.008080
0.008413
0.007956
0.007888
0.008041
0.008369
0.008706
0.008625
0.008309
0.008382
0.008175
0.008534
0.008668
0.008853
0.008524
0.008559
0.008383
0.008242
0.008494
0.008001
0.007549
0.007045
0.007082
0.006912
0.007095
0.007217
0.007506
0.007605
0.007427
0.007647
0.007354
0.007383
0.007822
0.007490
0.007378
0.007416
0.007144
0.007526
0.007903
0.007807
0.007697
0.007467
0.007226
0.006960
0.006733
0.006624
0.006151
0.005872
0.005993
0.006420
0.006228
0.006121
0.006073
0.005844
0.006001
0.005920
0.006171
0.005811
0.006068
0.006260
0.006600
0.006788
0.006864
0.006832
0.006790
0.007057
0.007473
0.007501
0.007743
0.007589
0.008084
0.008472
0.008009
0.007838
0.007660
0.008100
0.007583
0.007447
0.006985
0.006612
0.007010
0.007155
0.007126
0.007442
0.007840
0.007891
0.007788
0.007688
0.007416
0.006947
0.007150
0.007187
0.006726
0.007177
0.006922
0.007137
0.006770
0.007362
0.007738
0.007604
0.008353
0.008652
0.008791
0.008252
0.008607
0.008303
0.008267
0.008772
0.008196
0.007934
0.007726
0.007323
0.006751
0.006832
0.006948
0.006881
0.007444
0.007380
0.007229
0.007290
0.007246
0.007024
0.006603
0.007008
0.006873
0.006358
0.006127
0.005951
0.005725
0.005260
0.005639
0.005818
0.005215
0.005649
0.005827
0.005668
0.005880
0.005369
0.005123
0.004713
0.004206
0.004362
0.004122
0.004625
0.004253
0.003563
0.003588
0.003708
0.003557
0.003475
0.003221
0.003021
0.003067
0.002921
0.003388
0.003313
0.003175
0.003765
0.004001
0.003483
0.003602
0.003770
0.003960
0.003974
0.004391
0.004309
0.004196
0.004185
0.004496
0.004810
0.004692
0.005555
0.005335
0.005344
0.005183
0.004618
0.005109
0.004922
0.004987
0.004860
0.005502
0.005507
0.005340
0.004950
0.004872
0.004665
0.005092
0.005341
0.005395
0.006086
0.006169
0.006122
0.006448
0.006687
0.006406
0.006636
0.006737
0.006324
0.006581
0.006526
0.006500
0.006727
0.006579
0.006322
0.006236
0.006198
0.006006
0.006357
0.006634
0.006461
0.006598
0.007660
0.007408
0.007398
0.006937
0.006634
0.006912
0.007172
0.006786
0.006478
0.006557
0.006922
0.007300
0.007082
0.006788
0.007502
0.007524
0.007822
0.008022
0.008111
0.008355
0.008074
0.007684
0.007194
0.007255
0.007048
0.007444
0.007668
0.007805
0.007750
0.008345
0.008293
0.007976
0.007810
0.007970
0.008048
0.008080
0.008149
0.007995
0.008484
0.008146
0.008210
0.008358
0.008905
