0.570311
0.747833
-0.999773
0.983080
-0.049614
0.993497
-0.226172
-0.991656
0.208924
0.016153
0.968801
-0.900132
-0.589043
0.762796
-0.876939
0.956201
0.746252
0.648373
0.054807
-0.894836
0.139209
-0.515156
0.754077
0.258228
-0.823074
-0.668482
-0.096648
0.431758
0.935604
-0.346907
0.800144
0.489942
-0.677838
-0.889616
-0.354079
-0.727592
0.227236
0.938803
0.552234
-0.386621
0.813037
0.430241
-0.941446
0.846026
-0.669275
-0.854059
-0.497798
0.973746
0.252590
0.346164
-0.166680
0.331096
-0.931133
-0.996252
-0.466503
-0.988701
-0.993170
0.419500
-0.267004
0.098484
-0.751773
0.893012
0.554649
-0.938355
0.683724
-0.900941
-0.478789
0.113527
0.869431
0.019804
-0.136618
0.526999
-0.999766
0.826497
0.926468
-0.329615
-0.045992
-0.416418
0.669387
-0.997598
-0.926442
-0.733490
0.779312
0.981614
0.117779
-0.980573
0.727456
0.045118
-0.990157
-0.717555
0.949242
-0.856089
0.637246
0.822879
0.951582
-0.241851
-0.531405
0.792756
0.599925
0.375119
-0.441987
0.639631
0.352684
0.774466
-0.735821
0.874520
0.951062
0.331682
0.805976
0.998682
0.582403
-0.335710
0.981107
-0.236320
-0.883926
-0.705697
0.303388
-0.202101
-0.799192
0.842406
-0.320625
-0.391858
-0.347525
-0.539957
0.995833
0.263798
0.538106
-0.786171
0.953408
-0.006008
-0.430121
-0.849687
-0.516261
-0.514341
-0.562641
-0.188590
0.018802
0.959543
0.992845
-0.460618
-0.250554
-0.432074
-0.723674
-0.943182
0.969095
0.011015
0.215883
0.319713
0.063068
-0.920351
0.489847
0.882941
-0.004086
0.432984
-0.876477
-0.764492
0.785345
0.723910
0.983045
0.196723
-0.883288
-0.111822
0.998783
-0.988418
-0.998986
-0.996736
0.348872
0.999820
0.341237
0.042704
0.995954
0.246198
0.586730
0.970878
-0.659514
-0.590934
-0.709693
0.895681
0.336539
0.752212
0.260382
-0.694071
-0.035828
0.779308
0.949727
-0.207872
-0.703791
-0.768556
0.981070
0.292480
-0.199914
-0.678125
-0.721209
0.991549
-0.999659
0.589551
-0.261219
0.371090
-0.261323
-0.989662
0.964195
-0.970847
-0.993776
-0.837817
0.481451
-0.760294
0.003522
0.471844
0.562606
0.785753
-0.627405
-0.878347
0.390558
0.983625
0.084322
-0.894986
0.686785
0.398639
-0.947209
0.967529
0.984220
-0.465138
-0.577588
-0.754685
0.120870
0.638873
-0.940331
-0.212412
0.289274
0.024783
0.950532
-0.713986
-0.163995
0.856396
0.140523
0.747014
0.309606
0.047653
-0.097676
0.935566
0.989130
-0.106379
-0.555373
-0.134976
-0.825448
-0.863389
-0.719874
0.684422
0.677344
-0.188151
-0.940166
0.995554
0.492194
-0.214911
-0.644642
0.455468
-0.238198
-0.825606
-0.479717
-0.822031
-0.973147
-0.269930
-0.634943
-0.869665
0.995733
-0.331728
-0.107417
0.652588
-0.802111
0.723955
0.606934
-0.443648
0.409557
-0.992412
-0.139866
-0.763560
0.053803
-0.076382
0.092536
-0.675246
0.524780
-0.986958
-0.993973
0.425014
0.991310
-0.815186
-0.873634
-0.445829
-0.477183
0.720975
-0.752094
0.124199
0.495524
-0.984688
-0.296196
-0.744815
0.680701
-0.996863
0.946753
-0.502991
0.877429
0.392016
-0.100940
-0.213057
-0.922869
-0.990902
0.821936
-0.995106
0.038559
0.871868
-0.999905
0.901345
-0.443673
0.772384
-0.827634
0.985232
0.233510
0.372327
-0.134492
0.816961
-0.271647
0.677613
-0.046328
0.196272
0.350401
-0.678110
-0.918444
0.343126
-0.721030
-0.465760
0.120610
0.535183
-0.543343
0.054077
-0.984684
0.049788
0.995612
0.447816
0.130014
-0.996819
-0.834759
-0.027617
0.667928
0.054563
0.157262
0.505103
0.722116
0.988136
0.942480
0.485455
-0.722381
-0.952239
0.938651
-0.516614
-0.927443
0.030262
-0.239593
-0.925077
0.971713
-0.005871
0.958243
0.113124
0.999839
-0.999988
-0.339420
-0.894244
-0.404212
-0.479893
0.671633
-0.855932
-0.462113
0.206142
0.608255
0.144405
-0.709033
-0.879517
-0.713156
0.776796
-0.035864
0.279907
-0.738907
-0.312199
-0.944669
0.997933
-0.999987
-0.587328
-0.924475
-0.096745
-0.928621
0.227509
-0.344657
-0.994009
0.940076
0.183122
-0.666588
0.900072
-0.995186
-0.869017
-0.999544
-0.018667
0.396434
0.710640
0.988682
-0.501289
0.401757
-0.563574
-0.068507
-0.614393
0.991806
0.469490
0.994532
-0.677345
0.214522
0.898651
0.255212
0.936218
0.987228
-0.993136
-0.869591
-0.771130
0.422168
-0.893867
-0.920704
-0.868414
0.018677
-0.234781
0.379326
-0.987128
-0.585384
0.993530
0.936747
0.999352
0.340321
-0.646387
-0.235705
-0.118229
0.042424
-0.099358
-0.972374
0.182435
-0.999875
-0.651349
-0.116826
-0.976598
0.496649
0.999634
0.452295
0.384183
-0.979771
0.943277
0.121736
0.346110
0.709931
-0.491413
-0.757343
-0.685427
-0.434105
-0.832759
-0.920912
0.998740
0.285598
-0.996875
-0.997937
0.648158
0.999620
0.172471
-0.855598
-0.809853
0.769519
-0.922032
-0.160671
0.819343
-0.724750
-0.134789
0.814303
0.999216
-0.885160
-0.956569
0.053354
-0.974202
0.843631
-0.785711
0.969659
0.764025
-0.502499
-0.935058
-0.415175
-0.989677
-0.413944
0.619132
-0.714551
-0.917368
0.936370
0.676724
0.985169
0.129684
-0.711909
-0.602274
0.453958
0.437205
0.725906
-0.171707
0.527854
0.332854
-0.895112
0.744941
0.711527
-0.808170
-0.948091
-0.580952
-0.895711
-0.994163
0.552974
0.922101
-0.298007
-0.365458
0.999928
-0.876330
-0.899535
-0.358897
0.463547
0.961702
0.373670
0.617508
0.818871
0.448860
0.793244
-0.239108
0.804792
-0.507812
0.986732
-0.163438
-0.822467
-0.997801
-0.891938
0.984006
-0.933669
-0.004982
-0.883164
0.987489
0.910336
0.776069
0.494015
0.747860
-0.774591
-0.843507
-0.166873
-0.190061
0.052160
-0.517513
-0.000614
0.779155
-0.296651
0.779781
0.985197
-0.490773
-0.875608
-0.914332
-0.199208
-0.294947
0.722121
0.963575
-0.366287
-0.748919
-0.718841
0.774642
0.716959
0.539341
-0.982732
0.439010
-0.997753
-0.524765
0.991188
0.652139
0.993652
0.920311
-0.779700
0.707853
-0.951412
-0.118781
-0.110796
0.134190
0.212774
-0.237423
-0.970045
-0.673082
-0.452489
-0.126241
0.517804
-0.533400
0.320489
-0.908038
0.569105
0.360792
0.776215
0.227125
-0.646694
-0.654876
0.356180
0.776432
-0.251110
0.207477
0.280945
-0.998634
0.601292
-0.744046
0.247682
0.022568
0.720232
-0.005432
0.183726
0.997928
-0.131020
-0.140508
-0.557333
-0.869552
-0.815988
-0.232667
-0.686382
0.490057
-0.166012
-0.742283
-0.064990
0.213068
0.839518
0.986035
0.930547
-0.366908
0.470889
-0.052897
0.372634
0.550824
0.507415
-0.271214
0.899329
0.897563
0.466278
-0.278626
-0.954891
-0.999977
0.328681
-0.814294
-0.976554
-0.709032
-0.869709
0.008999
0.443706
-0.998120
0.926423
0.994972
0.539047
-0.830675
-0.991927
0.698440
0.970423
-0.321472
-0.262894
0.504027
0.230794
-0.172746
-0.532950
0.167715
-0.999719
-0.640045
0.671781
0.717713
0.943543
-0.683691
0.952304
0.994750
-0.191393
-0.763980
0.994094
-0.616524
-0.010899
-0.828509
0.617329
-0.997499
0.153476
0.860627
-0.313761
0.956117
0.746603
-0.958896
-0.811407
0.272821
0.784003
0.850607
-0.998045
-0.127788
0.998633
-0.725557
0.649059
0.483519
-0.307105
0.154568
0.683370
-0.154180
-0.422507
0.892078
-0.331794
0.875415
0.999980
0.248137
-0.999666
0.674986
-0.187490
0.034188
0.202345
0.118382
0.559136
0.789298
0.982859
-0.995546
-0.959814
0.806020
0.270519
-0.999713
0.960442
-0.766009
-0.834086
0.995677
-0.339455
-0.459146
-0.166522
0.102765
0.716204
-0.090145
-0.258932
0.603995
-0.938307
-0.999799
-0.859739
0.622397
0.079837
-0.975695
0.964478
-0.802015
-0.347608
0.798154
0.986755
-0.532372
0.946005
-0.978003
0.829602
0.707012
-0.094302
0.714380
-0.190213
0.460481
0.285653
-0.632932
-0.972046
0.965972
-0.376136
0.059243
-0.377655
0.619824
0.993426
-0.717618
0.365145
-0.792729
-0.983956
0.319376
-0.229034
-0.742002
-0.735245
0.348604
0.077972
-0.982349
-0.496688
-0.749257
-0.046025
-0.830695
-0.730767
0.320067
0.079385
-0.439722
0.764834
0.988312
0.701620
0.944889
-0.365021
-0.015989
0.991997
0.593750
0.151119
-0.974073
-0.926197
0.732326
0.395110
-0.105096
0.786627
-0.895069
-0.709424
0.827625
-0.895947
0.812881
-0.973863
0.871120
-0.870748
0.788674
-0.385342
-0.769972
0.966002
0.999138
-0.957755
-0.216813
0.581744
-0.983140
0.761258
0.149544
-0.158106
0.956331
0.892926
-0.494797
0.249402
0.999821
0.878633
0.853924
-0.987411
0.791846
0.536549
-0.490147
-0.999881
-0.298540
0.393335
0.801201
-0.951062
-0.331078
0.773824
-0.487477
-0.376262
0.722545
-0.399932
0.446188
0.818824
0.962319
0.597647
0.290203
-0.588891
-0.782855
-0.600466
0.732903
0.877474
-0.915944
-0.859006
-0.356906
-0.983988
-0.433085
-0.725825
0.829686
-0.155876
0.850248
-0.388988
0.980446
-0.567548
-0.694577
0.649377
-0.241041
-0.898372
-0.858486
-0.835272
-0.012846
-0.763543
0.479589
-0.270929
0.660184
-0.975602
0.843358
0.978324
-0.966256
0.706665
0.955753
0.343072
-0.979196
-0.872845
-0.553089
0.912420
-0.553011
-0.419155
0.365510
-0.580385
-0.925742
-0.553002
-0.582549
-0.444444
0.349605
0.830407
-0.084762
-0.021202
0.980594
-0.526509
-0.973449
0.134612
0.880435
0.961776
-0.982656
0.866586
0.868518
-0.372678
0.208586
0.473191
0.055317
0.269923
0.538608
0.298409
-0.408579
0.758012
0.694163
0.813670
0.841080
-0.113156
-0.872063
0.924429
0.838815
-0.916533
-0.553217
-0.554269
-0.181049
0.151860
-0.968123
0.216450
-0.608170
0.995245
-0.949029
-0.122736
-0.764865
-0.584269
-0.552977
-0.899478
-0.535289
0.447251
0.873374
-0.029077
0.968764
0.502197
0.703791
0.771505
0.792340
-0.449173
-0.487685
0.948548
-0.285280
0.814477
0.363021
-0.999756
0.907300
-0.635986
0.978504
0.667664
-0.266536
0.920433
0.150550
0.999704
-0.785062
0.569344
0.979083
-0.899714
0.239341
0.048152
-0.797457
-0.733208
0.203119
0.746533
-0.113988
0.439758
-0.202204
0.751840
-0.317604
0.241071
0.998017
0.993109
-0.296920
-0.608581
-0.693064
-0.993743
-0.798146
-0.924094
0.922624
-0.447637
-0.095229
-0.666902
0.938183
0.968603
-0.917528
0.992888
-0.171474
0.266430
0.631521
0.838357
-0.412973
0.999693
0.356204
0.970258
-0.987837
-0.734932
-0.902277
-0.835336
0.937171
0.008293
0.914636
0.129415
0.801920
0.105920
-0.772068
0.091453
-0.183112
0.525796
-0.185725
0.949627
0.646448
0.999850
0.299557
-0.976890
0.349436
-0.754897
-0.674877
0.437203
0.755078
0.686390
-0.642243
0.261280
0.637051
0.158154
-0.865168
0.521512
-0.107991
-0.411589
0.932069
0.696129
-0.858642
-0.842948
-0.999548
-0.863058
-0.715948
0.202749
0.693779
-0.482410
0.387923
-0.712046
0.717365
-0.190491
0.909939
-0.958568
-0.363411
0.720238
0.148402
0.405907
0.232458
-0.291026
0.589335
-0.881468
-0.752728
0.322836
0.926120
0.529168
-0.515971
-0.907895
0.911599
-0.305979
0.932910
0.817565
0.808571
0.137032
-0.963341
-0.989421
-0.926961
-0.380696
0.917788
-0.129544
-0.017340
-0.660959
0.287682
-0.343373
0.453544
0.919880
-0.953292
0.162341
0.905533
-0.952267
0.335843
0.841622
-0.868169
0.898172
0.691992
0.965069
-0.828676
0.936039
-0.755511
0.635453
-0.400758
0.087008
0.217477
0.483783
-0.999029
0.811500
0.671975
0.435224
0.123176
0.894418
0.143667
-0.738024
0.301415
-0.027347
-0.847605
0.361925
-0.627361
-0.123598
-0.230381
0.855538
0.265807
-0.850771
0.560652
0.237621
-0.999425
-0.366635
-0.749646
-0.397541
0.592793
0.959056
-0.822990
0.984215
-0.852925
0.563403
-0.391902
-0.912365
0.292191
0.834358
0.333667
-0.111837
0.980417
0.007795
-0.800952
0.926913
-0.989235
0.603129
-0.967484
0.999971
0.910307
0.881681
0.840939
0.973418
-0.635747
0.293018
0.168948
0.582525
0.820146
0.689168
-0.816274
-0.767852
0.848205
-0.509010
-0.022547
-0.915596
0.814396
-0.913763
0.977568
0.626592
0.680896
0.159190
-0.764179
0.348984
-0.446993
0.370704
-0.822426
-0.398857
-0.373664
-0.704048
-0.877622
0.056601
0.093886
-0.054437
0.920888
-0.549423
0.430465
0.775012
-0.368644
0.513488
0.404453
-0.977403
-0.113991
0.484986
0.379489
0.940657
-0.582940
0.976247
-0.424754
-0.249266
0.728437
-0.863577
-0.693697
0.664095
-0.999866
0.374208
-0.341956
0.250597
-0.301666
0.953541
0.906464
-0.502129
-0.857243
0.717229
0.333504
-0.127483
0.387625
-0.997990
-0.688440
-0.843076
0.670878
0.645874
0.997991
0.886779
-0.251615
-0.760885
0.381432
-0.914316
-0.773516
0.669897
-0.459729
0.980076
-0.595474
-0.971232
0.452700
-0.815314
0.464857
0.999969
-0.951579
0.415892
0.860017
0.817454
-0.865039
0.598789
0.995791
0.996671
0.479806
-0.670747
0.771404
-0.981947
0.966155
-0.880264
-0.873555
0.061113
-0.452409
0.982784
-0.924301
-0.996276
0.861242
-0.976574
0.681823
-0.769240
0.777152
0.101015
-0.874808
0.626475
-0.138987
0.082810
-0.995690
-0.956334
-0.786556
-0.741652
0.175168
-0.072615
-0.537330
-0.606842
-0.995584
-0.998256
0.999949
-0.848382
-0.129588
0.660221
-0.493330
-0.177709
0.611993
-0.772610
0.958597
0.876810
-0.090974
0.920570
0.495955
0.613940
0.995478
0.988695
0.820182
-0.278950
-0.951069
0.032365
-0.531078
0.641611
0.845295
-0.294010
-0.999924
0.717489
0.337496
-0.790962
0.249465
0.484572
0.878142
0.492704
0.602688
0.927783
-0.368606
0.940165
-0.991917
-0.485508
-0.214669
0.988119
-0.021702
-0.336270
-0.717826
0.998076
-0.959029
-0.569924
-0.619785
-0.582900
0.501718
-0.620574
0.971658
0.653936
-0.657629
0.954432
0.701615
0.901435
0.723462
0.113499
0.999346
0.098182
0.324663
0.149725
0.077479
0.266678
0.473191
0.053893
0.991228
0.899324
0.812395
0.108096
-0.972956
-0.998793
-0.849859
0.252072
-0.703284
-0.291330
0.999987
0.999199
-0.909900
0.266373
0.993749
-0.048320
-0.949065
-0.880033
-0.167912
-0.970342
0.812264
-0.678308
-0.229931
0.586551
-0.683429
0.997933
-0.975055
-0.162124
0.544679
-0.992324
-0.629507
-0.582583
0.247422
-0.984695
-0.841082
0.049697
-0.063071
0.901690
-0.962803
0.675724
-0.791871
0.102106
-0.592015
0.973256
-0.979342
-0.590154
0.249626
-0.747406
-0.188313
0.999886
0.589550
-0.243471
0.703110
-0.953538
-0.811213
-0.428838
0.246857
0.982433
-0.708777
-0.955582
-0.018708
-0.283298
-0.903451
0.790257
0.244180
-0.866292
0.549047
-0.987824
0.549454
0.171768
-0.999348
-0.834917
0.993238
0.061330
0.832405
-0.595074
0.691076
-0.583164
-0.296310
0.922780
-0.824925
0.790434
0.995075
0.815396
0.951674
-0.998649
0.941284
-0.321141
0.141147
-0.903172
0.559062
-0.564190
-0.102426
-0.228916
0.931681
0.999016
0.561416
-0.037926
-0.161328
-0.404509
0.325191
-0.190173
0.920426
0.433887
-0.063585
-0.952027
0.836936
-0.641860
-0.966484
-0.999703
0.095548
-0.163370
0.202520
0.017139
-0.819472
-0.992535
0.968275
0.852354
-0.892533
-0.999964
0.381063
-0.999774
0.597000
0.957380
-0.108205
-0.050386
0.861172
0.490734
0.303368
0.140815
-0.456390
0.994108
0.989162
-0.406346
-0.893407
-0.344016
-0.564301
0.829679
0.055326
0.418866
0.531142
-0.923716
-0.871455
-0.049357
-0.477584
0.809430
-0.431116
-0.970674
-0.848862
0.549109
-0.459149
-0.209214
0.958899
0.882162
0.412373
-0.049762
-0.854712
0.980793
-0.757454
0.853328
-0.849670
-0.019580
-0.689517
-0.746302
0.516452
-0.913745
0.577235
-0.126103
-0.977064
0.998729
-0.720387
0.578162
0.112237
-0.771798
-0.688130
-0.118646
-0.679027
0.833840
-0.277251
-0.194482
0.373070
-0.851787
0.988996
-0.328006
0.397310
-0.436398
0.197690
0.925115
-0.132806
-0.953925
0.548244
0.824968
0.359983
0.228795
0.145442
0.425791
-0.160326
0.979394
-0.977130
0.415993
-0.736044
0.971337
-0.996652
0.960726
-0.536402
-0.299128
0.492685
0.263286
-0.872521
-0.906141
0.257263
-0.103594
0.602617
0.447036
-0.926407
-0.684098
-0.938360
0.856260
-0.987329
-0.201653
-0.726299
0.002831
-0.445547
-0.996372
0.856126
0.499079
-0.997351
0.034791
0.488031
-0.998596
-0.004299
-0.007078
0.405119
-0.992597
-0.366390
-0.416378
0.996724
0.917159
0.971487
0.285227
-0.952270
0.196034
-0.962233
-0.998930
-0.081827
-0.713145
0.917273
0.336857
0.253830
0.085770
-0.968005
-0.986947
-0.539556
-0.248229
-0.039024
-0.527645
0.969903
-0.919821
-0.949963
0.094452
0.174474
0.609898
-0.393181
0.563078
-0.675813
0.195261
-0.914846
0.747080
-0.976540
-0.953174
0.433626
-0.995520
-0.318827
0.080410
0.897087
-0.231369
0.319798
-0.992491
0.996610
0.386202
-0.742902
0.225236
-0.953745
0.048697
0.924716
0.884304
0.971717
0.316791
0.999530
-0.992365
0.082602
0.961542
0.011281
0.896229
0.804487
-0.270067
-0.059463
-0.815889
0.476074
0.999537
0.787774
-0.798754
0.634391
0.998851
0.049688
-0.210885
-0.740920
-0.340442
-0.993710
0.448777
-0.611951
-0.007191
-0.995746
0.484101
-0.992223
0.438730
-0.551015
-0.169377
-0.995451
0.062390
-0.021865
-0.049296
0.506523
-0.987056
0.607106
0.821196
0.964991
-0.778183
-0.571203
-0.991268
-0.002812
0.143035
-0.460280
-0.361028
-0.206982
0.934390
0.579191
0.629578
-0.793938
0.551527
-0.872355
-0.545501
-0.620909
0.411075
0.911013
-0.998336
-0.565131
0.206411
0.734555
-0.866194
-0.434616
0.891993
0.311147
0.831313
0.839681
0.464720
-0.851882
-0.996975
0.808487
-0.763280
0.876958
-0.922960
0.557978
0.533504
0.983678
-0.970284
-0.111263
-0.996854
0.023371
-0.136984
0.461096
-0.587885
-0.185770
0.894453
-0.924327
-0.342449
0.352339
0.828327
0.160396
-0.548908
-0.981919
-0.939065
-0.741018
-0.328641
0.995095
-0.975578
-0.749759
0.141558
-0.416547
-0.997364
-0.053291
0.667030
0.995898
0.726544
0.285751
0.858522
-0.213220
0.998777
0.287334
-0.497835
0.579095
0.471330
-0.827666
0.705468
-0.912593
-0.215698
0.280530
-0.594028
-0.595962
0.859742
-0.530084
-0.151423
0.623179
-0.924722
-0.977964
-0.853072
-0.810079
0.651437
-0.964750
-0.568305
0.850260
-0.012185
0.563732
0.005172
-0.860374
-0.982304
0.981986
0.999926
0.999813
0.155604
-0.447804
0.099515
-0.757724
0.354631
-0.968197
-0.869966
-0.628352
-0.443342
0.819414
-0.249788
-0.920658
-0.117306
0.055413
0.951351
-0.279031
-0.446709
0.970494
0.848983
-0.130202
-0.990792
-0.208373
-0.024646
0.409046
0.992934
-0.398206
0.242241
0.091016
-0.956026
0.224320
0.922100
-0.365003
-0.328128
-0.982263
-0.930062
-0.566093
0.827193
-0.688037
0.888442
0.941711
-0.356173
-0.691163
-0.985500
0.914322
0.582761
0.710682
0.409546
-0.949748
-0.794598
-0.015023
-0.919816
-0.994835
0.995749
0.196837
-0.102297
-0.664969
0.714103
0.158749
0.341417
0.042043
0.026845
-0.911617
0.859743
-0.518023
0.551249
-0.983911
-0.983343
0.821714
-0.985514
0.595072
-0.711338
0.427207
-0.971996
-0.973358
0.556116
0.518006
-0.263321
0.993658
0.865056
-0.067602
0.193481
-0.878206
0.987261
0.851205
-0.937852
0.997103
0.546322
0.085907
0.462827
0.694768
-0.578779
-0.244638
-0.573922
-0.776199
0.198161
-0.563568
-0.189677
-0.227878
0.262327
0.071154
0.047811
-0.370762
-0.068106
-0.906446
-0.183927
0.937131
0.946185
0.955854
-0.172081
0.606467
0.010813
-0.462248
-0.714845
-0.932139
0.770341
0.998381
-0.106320
0.391876
0.633084
-0.997049
-0.949326
0.292987
0.663350
0.489225
0.480262
0.053054
-0.122210
0.983746
-0.947358
0.307297
-0.094643
0.257838
-0.450825
-0.188454
-0.736413
-0.872981
0.854648
0.300209
-0.651928
0.144921
0.127572
0.897194
0.918660
0.556693
0.992180
0.105161
-0.910632
-0.986080
0.523000
0.920603
-0.776617
0.998869
-0.216627
-0.535157
0.053016
-0.688148
-0.499923
-0.823707
-0.589209
-0.528763
-0.926752
0.449180
0.601226
0.513497
0.222021
-0.688080
0.860052
-0.208757
0.276572
-0.477122
-0.351130
0.952392
0.224032
0.610741
0.530542
-0.474696
-0.392200
-0.320240
0.143785
-0.306840
-0.992265
0.890617
-0.429549
0.789250
0.428840
-0.275928
0.973071
-0.404997
-0.709730
0.912806
0.407429
0.035713
-0.311015
0.186080
-0.864399
-0.078289
0.738926
0.712892
-0.801355
-0.065899
-0.580700
-0.818087
0.987596
-0.008769
-0.262716
-0.529060
-0.999864
0.951668
-0.960833
0.697396
0.642499
0.383802
-0.896932
0.584156
-0.983406
0.994501
0.596229
-0.987690
0.624601
-0.341258
0.320600
-0.046812
-0.995759
-0.953411
-0.168807
0.977858
-0.938706
-0.828084
0.753549
-0.626915
-0.064980
0.381776
-0.925822
0.154746
-0.595301
0.753753
-0.984149
0.825244
0.747283
-0.215503
-0.073938
0.252093
-0.912169
-0.996715
0.749657
0.636378
0.779014
-0.328613
0.831711
0.999272
-0.919980
-0.662871
-0.726679
0.143130
0.903030
0.112612
-0.734530
0.997318
-0.931380
-0.283257
-0.961653
0.463861
0.999044
-0.999947
-0.938347
0.352480
-0.356232
-0.968828
-0.637839
-0.972002
-0.978870
0.617497
0.936571
-0.528950
0.584769
-0.997646
-0.865557
0.859191
0.170944
-0.118183
0.729658
-0.606347
0.573580
0.153201
0.474696
0.393964
0.909729
0.334929
-0.385636
0.050957
0.751999
-0.559984
0.686785
0.386155
0.015610
-0.999192
-0.931786
-0.207338
0.861597
-0.815580
-0.818592
-0.704844
-0.876251
0.681613
0.558828
0.807610
-0.836938
0.675485
-0.986141
0.583299
-0.599215
0.926178
0.009072
0.994770
0.396220
-1.000000
0.448163
0.362419
0.162977
-0.568005
0.754962
-0.808984
0.584202
-0.722817
0.093523
-0.204935
-0.559270
0.461734
-0.889716
0.781285
-0.836832
-0.595800
-0.959952
-0.853245
-0.996400
0.949706
-0.973354
0.759888
-0.878693
-0.006189
0.345378
0.974717
-0.207849
-0.371625
-0.013270
-0.019447
-0.137241
-0.992343
0.144916
0.057643
0.987223
-0.944732
-0.987013
-0.882543
-0.994676
0.659251
0.217128
0.233388
0.613141
-0.161084
0.991073
0.418658
0.149395
0.691898
-0.344278
-0.822018
-0.812357
-0.930842
-0.610600
0.411057
0.724486
0.274192
-0.265130
0.975868
-0.572358
-0.228132
0.833067
-0.951675
0.992055
0.856863
-0.583749
-0.693017
-0.548382
0.567443
0.240691
0.971128
0.505039
0.887968
0.391796
-0.708170
0.596794
-0.632345
-0.921272
-0.995666
0.701413
0.466342
-0.997049
-0.933833
-0.992617
0.028757
-0.402095
0.639572
0.995083
0.701875
0.833860
-0.779454
0.892988
-0.298740
-0.035469
0.610158
0.359184
-0.999919
0.996748
-0.245243
0.995214
-0.398257
0.924465
0.517345
0.166461
0.805433
-0.930351
0.072467
0.078439
0.217424
0.990076
-0.526225
-0.904910
0.976940
0.909503
-0.093663
0.545827
0.416234
0.843063
-0.910045
-0.120459
-0.017161
0.555183
0.534501
0.407223
-0.630303
-0.782702
0.996650
-0.996249
-0.045451
0.687007
-0.689089
0.347783
0.793820
0.449630
0.312048
-0.687284
0.588172
-0.136417
-0.284438
0.005572
-0.559175
-0.991652
0.674949
-0.860989
-0.290722
-0.317269
0.554571
0.360222
-0.986124
0.722279
-0.570407
0.897189
0.823126
0.766287
0.918943
0.888317
0.174829
0.423311
0.949017
-0.481987
-0.990739
-0.466587
-0.124657
-0.911461
0.812927
-0.435756
-0.371762
0.628799
-0.229759
-0.714035
-0.973885
-0.516479
0.993068
-0.656699
-0.589358
0.561088
0.320836
-0.840896
-0.440561
-0.775402
0.548035
0.076088
-0.988253
-0.860997
-0.019259
0.119127
0.511650
-0.968488
-0.312861
-0.868288
-0.911548
-0.978929
0.847883
-0.236398
-0.640665
-0.258784
-0.940298
0.986421
0.370622
-0.632698
-0.555447
-0.998397
-0.965933
0.206182
-0.031897
-0.853750
0.871994
0.400907
0.477022
0.757998
0.405232
0.384176
-0.997884
0.929051
0.417729
-0.997706
0.137502
-0.159272
0.764539
0.312196
0.957146
-0.908730
-0.131813
0.679984
0.786157
-0.772312
0.262964
-0.986577
0.087883
0.673681
0.998601
0.992004
0.999659
-0.477520
0.820347
0.914397
-0.608047
-0.901893
0.253758
0.975778
-0.931523
-0.588867
-0.983996
0.315777
0.662201
-0.142205
0.906037
-0.669036
-0.145131
0.537743
-0.961765
0.895482
-0.794780
-0.952505
-0.207506
-0.703727
-0.682749
-0.999978
0.413500
0.947647
0.723078
-0.014890
0.871703
-0.830247
-0.976690
-0.392015
0.078779
-0.338857
0.987018
0.993822
0.992678
-0.827841
0.962323
0.790809
-0.726497
-0.992251
0.239382
-0.610718
-0.866996
-0.743873
0.823102
1.000000
-0.978016
0.872472
0.298255
0.751749
-0.482968
-0.994441
0.419563
0.774956
-0.960716
-0.056426
-0.088179
-0.901534
0.998419
0.948829
0.880048
0.656576
-0.235707
-0.090231
0.924748
0.587207
-0.969046
-0.239199
-0.595957
0.904440
-0.872301
-0.650369
-0.180987
0.931518
0.364791
-0.860429
0.065716
-0.532381
0.989771
-0.896010
-0.204932
-0.520997
0.567619
-0.634864
0.617416
0.202836
0.765806
0.926349
-0.972839
0.650330
-0.629550
0.293449
-0.897277
0.920877
-0.136439
-0.608490
0.922221
-0.982455
0.369425
0.849635
-0.888210
0.818564
-0.031089
-0.886571
-0.854071
-0.126315
0.972046
-0.965634
-0.291789
-0.205711
-0.977085
-0.074912
0.429626
-0.711243
0.423364
0.797889
0.296498
0.975284
-0.948476
-0.822260
-0.976334
0.770268
-0.305892
0.399491
0.973492
0.160902
0.983845
0.981582
-0.420417
0.843430
-0.785975
0.805453
-0.598923
0.970774
0.293307
0.983329
-0.774582
-0.688919
0.436557
0.345710
0.994738
0.982110
0.061135
-0.746524
-0.123892
-0.999641
-0.232757
-0.728566
-0.854620
-0.939479
-0.773231
-0.502031
0.769342
0.425876
-0.986111
-0.493810
0.012214
-0.883020
0.299970
-0.354237
0.489758
0.340540
-0.070662
-0.882225
-0.450625
-0.426486
0.480020
0.991704
-0.282202
-0.996069
0.034614
-0.622756
-0.997545
-0.976895
0.725263
0.185451
-0.275892
0.923180
0.413094
0.632971
0.815696
-0.920744
0.626769
-0.064828
0.199372
-0.583133
-0.812602
-0.401022
0.999114
0.820367
0.543121
-0.946332
-0.486986
0.349422
-0.894866
-0.835756
0.807806
-0.301519
-0.971758
0.086710
0.994817
0.985211
0.770482
-0.813232
-0.878600
0.118052
-0.106315
0.463934
0.227955
0.877507
-0.727376
0.942537
-0.226519
-0.987696
0.947701
-0.884593
0.323193
0.907208
0.933169
0.986605
0.373247
0.886011
0.584112
-0.449097
0.791243
-0.993089
-0.488473
-0.655269
-0.869192
-0.956770
-0.800195
-0.939818
-0.043255
0.997605
-0.445724
0.995069
0.083761
0.912760
0.716752
-0.661751
-0.724541
0.867845
-0.421980
-0.991821
-0.555571
0.838038
0.025101
0.804856
0.956996
0.405768
-0.736961
-0.853394
-0.005262
-0.450137
0.191054
0.975632
0.150750
-0.971631
-0.451065
0.999990
-0.838236
0.169478
-0.240881
0.996000
0.538525
0.919587
-0.952057
-0.591857
-0.922256
-0.155188
0.954156
-0.839726
-0.949399
-0.872784
0.997738
-0.909830
-0.546293
0.484746
-0.958800
-0.999200
0.983810
-0.999422
0.981341
0.952456
-0.575664
0.856427
-0.768272
0.553497
-0.059135
-0.989500
0.989477
0.787704
0.829439
0.826255
0.846243
-0.967651
0.072254
0.354013
-0.364141
0.190087
-0.487832
-0.812974
-0.773727
0.035825
-0.813509
0.584292
0.871416
0.979797
0.791684
-0.944981
-0.942138
-0.840073
-0.070522
0.957289
0.771255
0.557336
0.841740
0.999996
0.561303
0.781777
-0.995048
-0.413771
-0.587473
0.869096
-0.916353
0.610686
0.988036
-0.415263
-0.102217
0.588180
0.028575
0.325606
0.788546
0.040925
-0.002730
-0.944280
0.551707
0.999909
-0.959399
0.585441
-0.262898
0.552795
-0.997600
-0.601992
0.138646
0.399086
0.625631
0.493691
0.755020
-0.660106
0.047833
-0.014855
0.996860
-0.978180
0.436204
0.629154
0.923567
0.738892
-0.040227
0.746849
-0.970199
-0.432037
-0.115589
0.665209
-0.995052
0.316853
0.493375
0.861331
0.999515
0.316597
-0.946688
-0.721298
-0.645321
-0.944480
-0.982995
0.998363
-0.823931
-0.836998
0.507239
-0.015618
0.984017
-0.771718
-0.252245
-0.608204
0.808573
0.192559
0.911300
-0.613291
-0.214420
-0.270962
0.145596
-0.825630
-0.945349
-0.903376
-0.896428
0.333376
0.833474
-0.992531
0.666471
0.997835
-0.922638
0.866043
0.998061
0.802616
0.741698
0.830986
-0.994382
-0.514793
0.032912
0.331980
0.945360
0.539042
-0.881062
0.866667
-0.597290
-0.996657
0.250269
-0.778449
0.223383
-0.659315
0.933126
-0.293231
-0.409003
-0.616307
-0.996107
0.754759
-0.907632
-0.032033
0.951760
-0.053318
0.925880
0.660656
0.202673
-0.509884
-0.974830
-0.890162
-0.998651
0.934288
-0.743610
0.963163
0.307565
0.994498
0.185554
0.995586
0.914145
0.993986
0.998979
-0.853717
0.844632
-0.761226
-0.835626
-0.979381
0.625807
-0.927035
0.538623
0.010068
-0.422280
-0.829269
0.189070
-0.930813
0.629609
-0.999999
-0.032414
0.982997
-0.988125
-0.597206
0.102466
-0.423222
0.400755
-0.137503
0.130347
-0.851878
-0.998769
-0.222644
0.527334
-0.934946
0.519983
-0.991341
-0.111837
0.978937
-0.993547
0.936466
0.631332
-0.926171
-0.327376
-0.818548
0.486829
0.462580
0.703863
-0.744629
0.710109
0.999608
-0.764418
0.286607
-0.332799
0.121303
0.986950
0.769047
-0.862886
-0.238098
-0.420583
-0.808702
0.678414
0.462364
-0.985362
0.068806
0.942193
-0.981455
0.958581
0.921585
0.654485
-0.358163
0.905145
0.998543
0.875814
0.268509
0.853428
0.888011
-0.930206
-0.253971
0.712088
-0.972798
-0.531581
-0.953716
0.997274
0.940248
0.685673
-0.170294
0.999619
-0.272741
0.477216
-0.990561
0.420536
0.070340
0.932802
-0.293603
-0.629394
-0.069635
-0.488574
-0.459324
0.384672
0.943827
-0.503711
-0.363610
-0.345759
-0.716355
-0.543031
0.100216
-0.133829
-0.355519
-0.999962
0.051214
0.322558
-0.159296
0.442947
0.163512
0.797913
0.829964
-0.780177
0.522470
-0.135689
-0.478248
0.731877
0.952302
0.999911
0.450791
-0.433549
0.033241
-0.412403
-0.485876
-0.844349
-0.989627
-0.781503
0.536305
0.793920
-0.077740
-0.838661
-0.381896
-0.833679
0.997183
-0.511364
0.912054
-0.086817
0.135611
-0.734145
-0.983029
-0.997322
0.254760
0.348561
0.750187
0.999740
-0.997018
-0.636470
-0.246974
0.262071
0.951111
-0.721224
0.888421
0.457308
0.043230
-0.882639
0.981773
0.999940
0.058095
0.087014
0.312734
-0.928416
-0.060800
0.996184
-0.128923
0.903835
0.248840
-0.939351
-0.759054
-0.590833
0.967882
-0.195157
-0.581036
-0.302331
0.401864
0.978723
-0.167202
-0.757301
-0.965834
0.093043
0.998585
0.301025
-0.579869
0.673521
-0.846214
0.378470
0.999952
-0.489516
-0.923747
-0.660267
-0.494271
0.466232
0.560048
0.517376
-0.435873
-0.547051
-0.836374
0.740729
0.957794
-0.877854
0.942983
0.660602
0.988622
-0.779205
0.997328
0.818478
-0.568788
-0.533355
0.938665
0.164471
-0.278084
0.971367
0.589851
-0.225608
0.987029
0.359116
-0.320478
0.808274
-0.874614
0.906711
0.812229
-0.987532
0.564063
0.441592
0.400494
0.975419
0.423870
-0.817518
-0.738723
-0.901875
0.818121
-0.398737
-0.525754
0.849821
-0.993114
0.845743
0.949633
0.843634
-0.839689
-0.683663
0.582898
-0.465047
0.895932
-0.389734
0.669034
0.199135
0.999507
-0.961652
0.434183
0.640986
0.843504
0.075236
0.358761
-0.218759
0.417125
-0.230203
-0.818050
0.599293
-0.310649
0.360921
-0.990791
-0.291830
-0.800019
0.131574
-0.162174
0.989993
0.101146
0.136366
-0.545905
0.910770
0.878588
-0.528236
0.809692
0.694760
-0.413962
0.841794
-0.098355
0.117796
-0.884867
0.092450
-0.808663
-0.366924
0.206395
0.519310
-0.681828
0.687066
0.575237
0.374574
0.004657
0.265308
0.986210
0.086343
0.999997
-0.998993
0.972685
0.606967
-0.918497
-0.937961
0.474908
-0.967402
0.671087
-0.748995
-0.406440
0.579351
-0.500731
0.841737
0.994815
0.987658
0.349518
0.564619
-0.714377
0.135663
0.060255
0.986981
-0.782387
-0.663767
0.437303
-0.843326
-0.711801
0.936167
-0.871911
0.126410
0.270978
0.125196
-0.992632
0.847475
-0.567946
0.878429
0.147421
-0.979394
0.983180
0.305692
0.025336
-0.984020
0.532465
-0.046107
-0.705408
-0.278620
-0.982263
-0.943148
-0.375619
-0.107763
0.911821
-0.029035
0.896447
-0.859492
0.597563
0.882938
0.110266
-0.334692
0.635756
-0.102251
0.053881
0.943548
-0.862000
0.985935
-0.526712
0.800507
-0.947122
0.090312
-0.554654
0.968342
-0.695133
0.282207
0.985262
-0.347163
-0.697212
0.956387
-0.837140
0.628103
-0.424661
-0.914194
0.348935
0.410918
-0.986240
-0.027167
0.903685
0.607045
-0.328304
0.983196
-0.914847
0.709961
-0.940980
-0.794886
0.994403
-0.641328
-0.805835
0.686830
0.991150
-0.651227
-0.326234
0.484817
-0.483632
-0.955609
0.999981
0.560549
-0.963624
-0.309319
-0.952212
-0.267336
0.558834
0.877546
0.524973
0.668019
-0.906434
-0.611489
0.384530
-0.975143
-0.559148
-0.912213
0.327844
0.145008
0.999374
0.585662
-0.918361
-0.670573
-0.077777
-0.998625
-0.306194
-0.508502
0.488952
-0.505469
0.038755
-0.936193
-0.187378
-0.950329
-0.722486
0.956986
0.842543
0.995576
0.313168
0.208351
0.402421
-0.831467
-0.488957
0.574946
0.064962
-0.636355
-0.381063
0.999961
-0.125749
-0.997208
0.866278
-0.107001
0.994546
1.000000
0.918801
0.747895
0.001040
-0.979928
0.553368
-0.475211
0.725813
-0.638839
0.917690
-0.763790
0.339307
0.013682
-0.588085
0.929103
0.338298
0.752120
0.503744
0.847215
-0.554408
0.493769
0.693539
0.195533
0.451989
-0.130106
-0.071591
0.860832
-0.730364
-0.739703
-0.974585
-0.638181
-0.590114
-0.543169
0.274615
0.743409
-0.060856
0.661334
-0.672460
0.886717
0.911572
0.701509
-0.981920
-0.880714
0.726601
-0.891922
0.735975
0.364668
0.114643
0.856832
-0.998811
-0.955219
-0.977060
0.945040
-0.964099
0.911385
0.848147
0.961614
0.947475
-0.417908
-0.994428
-0.999859
0.842564
0.848377
0.275727
0.989183
-0.327728
-0.806548
0.815188
0.849232
-0.979226
0.374986
0.925034
0.531150
-0.850672
-0.547165
0.964691
-0.942936
0.996467
-0.915732
0.999934
0.675621
0.990148
-0.273854
-0.108623
-0.737491
-0.385568
0.963007
-0.588920
-0.279980
-0.428816
-0.158266
-0.751926
-0.952938
0.836272
0.735385
0.626335
0.015883
0.081498
0.999226
-0.060264
-0.952019
0.993524
0.829549
-0.735668
-0.990371
-0.997165
-0.966131
0.482743
-0.488602
0.063274
0.744712
0.960113
-0.959251
-0.019384
0.799056
0.995539
-0.073835
0.909370
0.741835
-0.959297
0.392224
0.691783
-0.115019
-0.814747
-0.946271
0.500708
-0.992623
0.800211
0.688478
0.946959
-0.725938
-0.561509
0.935423
0.930214
-0.104801
0.810372
0.987129
0.692650
-0.992151
-0.689020
-0.947209
0.972405
-0.641740
0.968542
0.195096
0.994252
-0.915080
-0.503101
-0.880947
-0.922672
0.580603
0.170119
0.984728
-0.845730
-0.735984
-0.150239
-0.563329
0.940224
0.931977
0.361265
-0.972803
-0.167797
0.145535
-0.906338
0.971337
-0.998848
-0.776408
0.786893
-0.879425
0.626541
0.958874
-0.362138
-0.979685
0.824121
0.324369
-0.786746
-0.934178
0.933880
-0.466262
-0.013593
-0.761661
-0.763603
-0.868579
0.642523
-0.133627
0.079015
-0.478733
-0.820488
0.140046
-0.818179
-0.958519
0.593011
0.115107
-0.509728
0.991431
0.928632
0.265258
0.767231
0.999893
-0.340292
0.941934
-0.977854
0.998915
0.722967
-0.409096
-0.683847
-0.990898
0.395554
-0.925417
-0.657857
0.065622
-0.845477
0.748136
-0.184643
0.999506
-0.774307
0.259359
-0.974400
-0.917498
0.395946
-0.282765
0.865998
0.133423
-0.237313
0.557630
0.969604
-0.253528
0.813012
0.918893
-0.081978
0.195551
0.156654
-0.993255
0.623128
-0.070107
0.918229
0.033418
0.555095
0.712191
0.902873
0.251530
0.719466
0.284594
-0.392269
-0.999998
-0.999987
-0.899914
0.996698
0.879939
0.001305
0.050583
0.753014
-0.977056
0.770158
0.077289
-0.326165
0.988394
-0.897257
0.411704
0.173586
-0.937803
-0.765039
-0.708138
0.981623
0.801795
0.267881
0.488679
-0.999740
0.999468
0.193492
-0.769012
0.926225
-0.871481
0.754630
0.959777
-0.007521
-0.680246
-0.592055
0.826933
0.665344
0.978820
0.995415
0.066840
-0.450250
-0.936509
-0.381592
-0.984228
-0.240219
0.522849
-0.971763
0.419290
0.847504
0.311186
0.287341
-0.603570
-0.992735
-0.667799
-0.171890
-0.509901
-0.993425
0.842612
-0.449986
0.103515
0.633961
-0.991577
-0.913101
-0.744264
-0.530327
-0.999079
0.535974
0.573569
-0.072872
-0.585048
0.846305
0.110445
0.220446
-0.355233
-0.421004
-0.636234
0.775024
-0.066349
0.631704
-0.165161
0.891544
0.602310
0.278021
-0.651162
0.900498
0.805155
-0.333159
0.246106
0.798509
-0.944340
-0.476681
-0.585213
-0.962770
0.338022
0.806166
0.675680
0.096789
0.932695
-0.999374
-0.423948
-0.478197
0.976037
-0.091263
-0.236732
-0.935619
0.883996
-0.146458
-0.893579
-0.201403
-0.334455
-0.982237
0.909547
0.990919
-0.124975
-0.891100
0.989369
0.753945
-0.013843
-0.186732
-0.354410
-0.466389
0.674109
-0.965697
-0.556402
-0.868201
0.806282
-0.787923
-0.959523
-0.503578
0.797962
0.708614
-0.497114
0.895207
0.957348
-0.913060
-0.556403
-0.851668
-0.868120
-0.526933
0.284262
0.060394
-0.798020
0.719182
-0.281091
-0.867641
0.863820
0.530444
-0.640813
0.344886
-0.664535
-0.906037
0.676730
0.956599
-0.982480
-0.953633
0.023160
-0.272500
-0.999987
-0.288753
0.290728
0.414030
-0.763460
0.457293
0.314377
0.364394
-0.941378
-0.951217
0.965062
-0.521975
0.176874
-0.705248
0.796642
-0.145528
0.856686
-0.113147
-0.931885
0.997726
0.940017
-0.407003
-0.999731
0.996490
-0.435442
-0.720913
0.705766
-0.935719
-0.417940
-0.762870
-0.747258
-0.410853
0.193474
-0.927230
0.113263
-0.692322
0.101681
0.248692
0.972818
-0.774456
0.525369
-0.709284
-0.698061
0.727967
-0.002214
0.471472
0.987774
0.279386
0.505953
0.037539
0.386344
0.273446
-0.673746
-0.137531
-0.327945
0.995885
0.031366
-0.503420
-0.845307
-0.084500
-0.951467
0.231667
0.724274
-0.732306
0.083028
0.809005
-0.041904
-0.692298
-0.448842
-0.543561
-0.961676
0.939632
-0.323431
0.041720
-0.732231
0.934342
0.262550
-0.729308
-0.997336
-0.238824
-0.416504
-0.752537
0.986432
-0.623027
-0.870500
-0.965355
0.518826
0.615628
-0.252827
0.972837
-0.757388
0.412230
-0.439218
-0.770906
0.719686
-0.618620
-0.723134
-0.974689
0.751148
0.782066
0.035997
0.928748
-0.673022
0.785708
-0.948579
-0.975113
0.991372
0.609177
0.728560
0.923323
0.433859
0.437753
-0.008950
0.359658
0.620351
0.167650
-0.465214
-0.877524
0.227717
-0.088953
-0.999364
-0.922584
-0.957266
0.448685
-0.690589
-0.584344
-0.850088
-0.704851
-0.793697
0.208804
-0.890622
0.249452
0.664530
0.948245
0.629266
-0.429988
0.338095
-0.353469
-0.652643
-0.295771
-0.897654
0.153699
-0.994230
-0.997770
-0.520632
0.997879
-0.103250
0.896510
0.301947
0.067438
-0.181864
-0.940099
-0.970855
-0.788424
-0.159694
-0.026212
-0.703657
0.777258
0.193785
-0.842500
-0.106569
0.614019
-0.015936
0.726315
-0.369093
-0.963419
-0.031710
0.854477
-0.420899
-0.480765
0.273194
0.907664
0.968567
0.962219
0.693553
0.484691
-0.217954
0.988175
-0.121432
0.705503
-0.917852
0.314606
0.506980
0.939504
-0.312670
0.730363
0.747708
0.999164
0.685739
0.980148
-0.760138
0.767150
-0.529234
0.962255
0.148234
-0.123220
-0.346211
0.845846
-0.977688
0.762438
0.821962
-0.644406
-0.588785
-0.038609
-0.946487
0.961389
0.037381
0.082109
-0.675347
-0.985505
0.997448
-0.587445
0.459267
0.635446
-0.536272
-0.259158
-0.993426
0.762317
-0.825778
0.597242
0.602183
-0.681910
-0.902345
0.997653
0.206251
-0.933693
-0.916663
0.208889
-0.553576
-0.999658
0.994883
0.231063
-0.969985
0.980608
0.592103
0.017554
-0.265181
0.458811
0.101217
0.971891
0.157500
0.378764
0.582576
-0.102291
-0.581400
0.798515
-0.881723
0.471483
0.933876
-0.303536
0.318964
0.710157
0.381599
0.953327
0.984491
0.181916
0.863657
-0.298302
-0.992942
0.999748
-0.806021
-0.242645
0.584102
-0.264257
-0.759109
0.707049
-0.826229
-0.227613
-0.992177
0.403086
-0.974199
0.956881
0.699674
-0.573150
0.685667
-0.303346
-0.503758
-0.962369
0.546048
0.768269
-0.493761
-0.801837
0.786585
0.054611
0.815980
-0.005964
0.282739
-0.998006
0.936736
0.882568
0.699536
0.646404
0.574981
-0.596787
0.513907
-0.998695
-0.586263
0.875579
0.833690
-0.910243
0.997301
0.886189
0.719695
-0.437490
-0.977019
-0.891390
-0.096609
0.891617
-0.879333
-0.548407
0.898779
-0.906568
-0.999737
-0.354749
-0.291553
-0.712352
0.966572
0.860366
0.906469
-0.680090
0.192776
-0.544744
0.155570
-0.865964
0.849464
-0.259804
-0.127890
-0.213753
-0.979079
0.745447
0.818713
-0.927104
-0.512770
-0.944954
-0.507485
0.997394
-0.513179
-0.180157
0.313157
0.016288
-0.424713
-0.850678
-0.703803
-0.550990
0.324885
0.612285
-0.721046
-0.775948
0.556886
-0.635359
0.632589
0.172734
0.698034
-0.990781
-0.999345
0.311449
0.934498
0.969577
0.999971
0.983554
-0.288410
0.528724
0.921569
0.983120
-0.446661
0.414104
0.476313
-0.130460
0.202447
0.955561
0.928988
-0.668702
-0.988402
0.227761
-0.754966
0.866193
0.383995
0.995534
-0.809937
-0.998999
-0.421217
-0.116097
-0.999911
-0.765626
0.390579
0.853384
-0.295181
0.161043
-0.848994
0.453631
0.324868
0.342074
-0.710055
-0.308828
0.907067
0.537976
0.348476
0.698280
-0.929500
-0.901137
-0.971109
-0.940355
-0.987759
0.965061
-0.427850
0.656282
-0.467200
-0.861888
-0.927371
0.065351
-0.401894
-0.946229
0.411739
0.736829
-0.911895
-0.144830
0.987789
0.933837
0.998787
-0.203540
-0.976145
-0.930532
0.863996
0.808522
-0.951865
-0.443924
-0.632279
0.261956
-0.102772
-0.626408
0.999883
-0.734219
0.065225
-0.567849
-0.782223
0.910511
0.063201
0.876627
-0.177505
-0.841546
-0.967156
-0.968493
0.035403
-0.983268
0.998192
-0.727380
0.968166
0.015548
-0.543730
0.998787
-0.095243
-0.819492
-0.894216
-0.993723
0.693302
0.812565
0.995126
-0.255003
0.992227
0.128423
0.166616
-0.990619
-0.382686
-0.334813
-0.995776
0.962159
-0.161107
0.862252
0.646499
0.428478
0.166797
0.996193
0.999379
0.104335
-0.568508
-0.007594
-0.919917
0.301078
0.321492
-0.073733
-0.547390
-0.445645
0.183483
-0.580317
-0.539206
-0.816156
0.915453
-0.612670
0.413529
0.650064
-0.288946
-0.518049
0.896323
-0.503739
-0.790897
-0.999531
0.942895
0.565142
-0.418303
-0.420463
0.958678
0.580478
-0.668038
0.658941
0.765047
0.835931
-0.956308
-0.651389
0.691756
0.506271
-0.048178
0.473693
0.105810
-0.394027
-0.743471
-0.996354
-0.999510
0.088931
0.946255
-0.979902
0.377513
0.088630
0.636838
-0.995393
0.711925
0.853341
-0.991060
0.934078
0.374285
0.869735
0.770834
0.884212
-0.996865
0.618877
0.020298
0.953237
0.117815
-0.694290
0.902071
0.377435
0.998302
-0.731244
0.915191
0.818809
0.766179
-0.756293
-0.512242
0.317824
0.842196
-0.058510
0.587518
-0.916588
-0.240437
0.082637
0.951666
-0.937301
0.009745
0.416725
-0.973616
0.459573
0.928169
-0.968977
0.979164
-0.999664
-0.727074
0.112571
-0.999049
-0.577349
-0.796642
0.136693
-0.969156
0.845714
0.333298
-0.388381
0.288010
0.175736
-0.201951
0.342495
0.454308
0.140973
0.806695
-0.080553
0.962394
-0.839609
0.987786
0.999719
0.744965
0.983617
-0.655642
0.816333
-0.741894
0.372437
-0.849066
0.378020
-0.306248
0.403694
-0.387409
-0.744477
-0.995113
-0.948363
-0.655907
0.536638
0.949567
-0.612102
-0.071448
-0.982501
0.556034
0.804087
-0.999338
-0.443404
0.851424
-0.475686
-0.447220
-0.996746
0.624263
0.610384
0.957179
0.718725
0.941815
-0.993032
0.954198
0.214210
0.189398
-0.954760
-0.443590
-0.630079
-0.719447
0.174481
0.699001
0.654013
-0.652725
-0.854047
-0.781840
-0.231382
0.527290
-0.875224
-0.933819
-0.712683
-0.330207
-0.877375
-0.750047
0.917250
-0.595152
-0.762557
0.844848
-0.982565
0.112050
0.790399
0.481851
-0.781161
-0.707844
0.863520
-0.906459
0.345012
0.999192
0.919477
-0.277638
0.281740
-0.158940
0.244359
0.886718
0.921414
0.970002
-0.587004
-0.671046
0.982926
-0.995913
0.897940
-0.972197
0.038552
0.809050
0.952122
-0.876563
0.656586
0.002075
-0.310953
0.955904
0.433765
0.798486
-0.953636
-0.144994
-0.980525
0.143573
0.699658
-0.828225
0.236075
0.008068
-0.490371
0.392679
0.344613
0.624555
0.597535
0.487565
0.875523
-0.826695
-0.999832
0.927641
-0.436987
0.982961
0.999986
-0.869596
-0.631890
0.663757
-0.224944
0.581386
-0.599760
0.070810
-0.426798
0.015660
-0.632011
-0.193103
0.953304
0.478740
0.726096
-0.965624
-0.825266
-0.197536
0.635840
0.988229
-0.435081
-0.345729
-0.970929
-0.922161
-0.754271
0.871148
-0.912206
0.046701
-0.203941
-0.685799
-0.390293
0.046111
0.656482
-0.726549
-0.159264
0.848414
-0.777103
0.934772
0.988181
0.475109
0.905878
-0.686367
0.168794
-0.908073
0.904299
-0.330044
0.967403
-0.642785
-0.390407
0.850834
-0.487408
0.804363
-0.101021
0.917203
-0.526469
-0.514324
-0.264101
0.423042
0.567571
0.299216
-0.880857
0.890891
-0.258531
-0.033999
0.232028
0.754625
0.989462
0.492629
-0.724053
0.989882
-0.545122
-0.910749
-0.180830
-0.680245
-0.569459
0.546185
-0.463221
-0.931647
-0.077537
0.652341
-0.110650
0.524565
0.585195
0.786927
-0.159738
-0.698060
0.738151
0.326319
0.844190
0.403610
0.911554
0.998889
-0.873074
-0.813335
0.947754
0.993357
0.999614
0.633092
-0.995850
0.200945
0.941105
0.743499
0.803356
0.274823
-0.972891
-0.110523
-0.999454
-0.632868
0.041555
0.926877
0.224989
0.149570
-0.560895
0.893504
0.141598
0.247973
0.949757
0.982362
-0.632290
0.029990
0.994292
-0.919498
-0.588105
0.998533
-0.751352
0.191221
-0.875125
0.791446
-0.837157
0.929692
-0.980034
-0.886780
0.282558
0.999151
-0.171558
-0.918002
0.235021
-0.573357
-0.958233
0.484412
-0.910291
-0.404015
0.010217
0.874457
-0.269467
0.892894
0.640890
-0.888249
-0.452191
-0.708846
-0.229002
-0.283848
0.795007
0.950259
-0.138421
-0.260733
0.552919
0.751028
-0.828493
0.905894
-0.134775
0.650925
-0.089228
0.032072
-0.939013
0.992571
0.023157
-0.323516
-0.993886
0.957866
0.036087
-0.309300
-0.797362
0.973226
0.706887
0.281675
-0.962731
-0.866053
-0.921696
-0.820909
0.318473
-0.073979
-0.421189
0.383407
-0.197669
-0.999552
0.814775
0.414321
-0.977974
-0.976835
0.732315
0.125780
0.833089
-0.556744
-0.399393
-0.008313
-0.996768
0.681622
0.707311
-0.794797
-0.706725
-0.413802
-0.932823
0.951387
0.995206
-0.979398
0.857715
0.883050
0.685451
0.835277
-0.130128
-0.431022
-0.062208
0.055264
-0.578925
0.120349
-0.960699
-0.887696
0.780196
-0.030727
-0.962160
0.266846
-0.288059
0.631784
0.999866
-0.621956
0.039478
-0.723023
0.977500
0.999768
0.843973
0.811970
-0.212706
-0.805616
0.743122
-0.839444
0.541982
0.897057
0.783488
0.673788
-0.720406
0.879989
-0.984400
0.820685
-0.592814
-0.753938
-0.162874
0.703605
-0.842520
-0.667060
-0.716638
-0.898258
0.792434
-0.100168
-0.635765
-0.102008
-0.853244
-0.992104
-0.630587
-0.690022
-0.005570
0.585922
-0.284424
-0.236203
0.806369
0.236559
-0.873865
0.935085
-0.737131
-0.064615
0.250417
0.310425
0.929869
0.003813
0.951741
0.835022
0.979836
-0.858865
-0.897509
-0.563352
0.992285
0.992324
0.569525
-0.938963
-0.851298
-0.981492
-0.927453
0.478050
0.994297
-0.323740
0.743734
0.970761
0.941352
0.555248
-0.690565
-0.058776
-0.926503
0.935062
0.232487
-0.711162
-0.997620
-0.910136
-0.401547
-0.969754
-0.921498
0.975032
-0.999698
-0.026089
0.963319
0.039532
-0.988986
-0.653123
0.998813
0.599290
-0.375869
0.997325
0.392145
-0.635275
-0.908305
-0.949388
-0.456256
-0.873100
-0.062491
-0.993572
-0.970746
-0.778931
0.539491
0.999410
-0.752695
-0.477775
-0.422494
0.975140
0.361851
0.608583
0.721118
0.488299
-0.478514
0.909465
-0.999246
0.712402
-0.124183
-0.248589
-0.009717
0.045097
-0.879573
-0.379746
0.377498
0.352797
0.216640
0.712849
-0.918521
-0.209664
-0.160189
-0.819131
0.755626
0.782501
-0.707541
0.122931
-0.855575
-0.994195
-0.590687
-0.934212
-0.387826
-0.830874
-0.992657
-0.629614
0.991911
0.976929
0.295916
-0.505193
0.813417
0.893889
0.916277
0.649879
0.943892
0.334226
-0.420324
-0.655906
0.526830
0.984663
-0.843602
-0.004556
-0.922348
0.840016
-0.990182
0.669987
-0.581725
0.979468
-0.996044
0.999970
-0.277891
-0.999982
-0.089587
0.255617
0.436873
0.672930
-0.160076
-0.246880
-0.977814
-0.995382
0.557171
-0.931939
-0.856924
-0.981729
0.728191
-0.708307
-0.488931
0.107847
0.269838
-0.791005
0.991702
-0.533156
-0.898416
0.624690
-0.770022
0.487855
0.981030
-0.576174
0.044849
0.049953
-0.892279
0.999478
0.972205
-0.586028
0.612711
0.434025
-0.484565
-0.807982
-0.831827
0.921318
-0.320597
0.099356
0.964397
-0.869160
-0.183602
0.462595
0.477449
0.389005
-0.993812
-0.163008
0.082147
-0.095235
-0.744560
0.566771
-0.792077
-0.481637
-0.959622
-0.112333
-0.671023
0.752436
0.742735
0.959125
0.939090
0.889380
-0.882843
0.356641
0.236223
-0.555158
-0.874828
-0.003873
-0.769808
-0.150853
-0.401359
0.998486
-0.233797
-0.991877
0.435276
-0.745455
-0.916585
-0.354849
-0.864453
0.983520
0.283034
-0.494143
0.168559
0.277918
0.891137
-0.042446
0.447114
-0.476353
-0.599935
-0.561662
-0.944190
0.754199
-0.228726
-0.973600
0.999676
-0.765926
0.926573
0.946344
-0.155424
-0.371211
-0.937656
-0.993119
0.995517
0.696250
0.657355
-0.990630
-0.978183
0.133310
-0.836115
0.599155
0.076440
-0.876154
-0.837094
-0.681187
0.231449
-0.989377
-0.001753
0.928053
-0.691611
0.676511
-0.006399
-0.671239
-0.511640
0.897147
-0.598186
-0.999763
0.015260
-0.904832
-0.964370
0.349212
0.984999
-0.821552
0.234124
0.721668
-0.268128
-0.605784
0.959775
0.142053
0.993254
-0.723783
0.988496
-0.699816
-0.386907
0.899697
0.404800
-0.953644
-0.544534
-0.939333
-0.983165
-0.991605
0.539906
-0.447872
-0.926787
0.886087
-0.257069
-0.330018
0.746109
-0.928042
0.944417
-0.969020
-0.924784
0.821649
0.496312
0.960556
-0.307714
0.923274
0.522890
-0.847192
-0.119610
0.974039
-0.561025
-0.999265
-0.958453
0.094223
0.520546
0.062834
0.921847
0.943442
-0.939595
-0.994047
0.999386
0.200942
0.926173
0.261839
-0.835447
-0.810299
0.620464
0.514572
-0.919299
0.999832
-0.991525
-0.999040
0.351396
0.245004
0.613863
-0.172562
0.527631
-0.999436
0.620289
-0.916008
0.530804
-0.999710
-0.900991
-0.664462
-0.361650
0.910011
0.997869
0.622028
-0.999905
0.897932
-0.839767
-0.004890
-0.484658
-0.410918
0.985644
-0.253640
0.242843
0.786455
-0.439297
0.563761
0.559894
-0.546648
-0.332481
0.679954
0.230720
-0.993255
0.566473
-0.656686
-0.798394
-0.967969
0.615092
0.765181
-0.978959
-0.299818
0.105116
-0.943651
-0.038531
-0.553765
0.795901
0.999584
-0.443203
-0.997487
-0.437065
0.292557
0.910996
-0.753953
0.217997
-0.829255
-0.246423
-0.126609
0.484740
-0.913716
-0.559893
0.517864
0.565003
0.674962
-0.682309
0.770712
-0.919168
0.791590
0.971938
-0.350102
0.995381
-0.326954
0.253993
-0.391801
0.638132
0.990108
0.962340
0.936998
0.896069
0.654144
0.802798
-0.292016
0.872221
-0.892140
0.477226
-0.997893
-0.555696
-0.379171
-0.987282
0.914632
0.285989
-0.877076
-0.215901
-0.589772
-0.988792
0.672067
0.554156
0.635579
0.719078
-0.322578
0.484591
0.991746
-0.870864
-0.989865
0.563704
-0.531407
0.816854
0.295911
-0.418928
-0.990335
0.277292
-0.494621
-0.000982
0.712163
0.429076
0.999208
0.980978
0.922921
-0.752384
-0.828867
0.612025
-0.999963
0.871972
0.920594
-0.463172
-0.853064
-0.927383
-0.472754
-0.859857
0.071578
-0.729967
0.921899
-0.331513
0.718005
0.442652
-0.551651
-0.419948
-0.985849
-0.975619
0.749795
-0.861512
-0.965068
0.791842
0.636607
-0.406839
0.994467
0.998509
-0.787891
-0.839906
-0.924537
0.499458
-0.537071
0.446311
-0.135193
0.997953
-0.361165
-0.442157
-0.668269
0.976778
0.825395
0.485345
-0.213832
-0.399291
0.961965
-0.740110
0.875979
0.719075
-0.269557
-0.450365
0.813164
0.098993
0.994375
-0.635530
-0.955867
-0.537985
-0.166023
-0.854027
-0.999683
-0.701013
0.468091
0.198211
-0.993642
0.242977
-0.100428
-0.534976
0.387742
0.589990
-0.017767
0.179879
-0.962033
-0.961644
-0.053800
0.130105
0.056575
0.511931
-0.508521
0.128715
0.998335
0.630843
0.024432
0.775359
0.541251
-0.806878
-0.837720
-0.347086
-0.837578
0.999869
0.259784
-0.221121
-0.543241
-0.915687
-0.281164
-0.724854
0.673727
0.551862
-0.999534
-0.307714
0.917331
0.354083
0.781996
-0.958178
-0.528267
0.999800
0.981472
0.167847
0.649108
-0.550385
-0.049397
-0.922675
0.437544
0.697349
0.973071
-0.409017
-0.797948
-0.930420
-0.110362
0.925917
-0.798482
0.906702
0.547667
0.930926
-0.972593
-0.310549
0.844928
0.675823
0.027684
0.383850
-0.913361
-0.421599
-0.796575
-0.989552
0.995563
-0.859714
0.997678
0.538902
0.660758
-0.874008
-0.106481
-0.735688
-0.941345
-0.216646
-0.777572
0.948533
-0.893577
-0.278806
0.951025
0.720851
0.648490
0.482169
-0.881529
-0.116601
0.628677
-0.280825
-0.448835
-0.427283
0.393129
-0.999960
0.938081
-0.041328
0.480676
0.990751
-0.853636
-0.999344
0.696688
-0.999721
0.548413
-0.940401
0.510074
-0.938278
-0.155637
-0.100929
-0.383538
0.518952
-0.009551
0.296693
-0.997760
0.927769
-0.843040
0.956575
-0.360735
-0.936683
0.993498
-0.318721
0.929835
-0.999809
-0.486587
-0.858741
0.891398
-0.211600
-0.894792
0.972891
0.054786
-0.686874
-0.637982
0.965233
0.864005
0.598870
-0.231279
-0.944266
-0.148866
0.931059
-0.938150
-0.220951
0.349682
-0.398773
-0.934696
0.949130
-0.675920
-0.783369
0.618239
-0.871247
-0.771819
-0.214154
-0.916262
-0.973990
-0.891365
-0.855391
-0.977805
-0.691790
0.274000
0.464378
-0.941209
0.236670
0.760242
0.973033
0.713181
-0.300059
-0.935585
-0.489696
0.752743
-0.666770
-0.873054
-0.997314
0.800940
-0.739278
0.144093
-0.978536
0.189216
0.965533
0.550713
0.367685
0.824146
0.886282
-0.866452
-0.315763
-0.829497
0.682599
-0.949661
-0.578833
-0.981224
0.514719
0.989137
0.632050
0.862206
-0.739046
0.596733
0.566110
-0.969476
-0.788017
0.960429
-0.995782
0.055737
0.870510
0.819148
-0.981403
-0.400640
0.775651
-0.798126
-0.580964
-0.975782
0.767866
-0.603206
-0.299770
-0.673016
0.862531
-0.506680
-0.996361
-0.153600
0.003560
-0.142070
-0.919007
0.998784
-0.958312
0.845947
0.986471
0.999598
-0.431803
-0.888069
-0.168966
-0.802418
-0.999649
0.583151
0.546123
0.701176
-0.199953
-0.086727
-0.984436
-0.935582
-0.630391
-0.335814
-0.465865
-0.957918
0.139913
0.081434
0.433975
-0.991341
-0.163484
-0.983956
0.317091
0.543374
-0.629650
0.614509
0.851873
0.978032
0.157914
0.909181
-0.479999
-0.964351
-0.752489
0.491748
0.862176
-0.963187
0.934512
0.913409
0.646876
-0.999766
0.538219
0.977002
-0.252598
-0.470636
0.998514
-0.663816
0.999955
-0.050125
-0.758617
0.621193
-0.584089
-0.015246
0.979657
0.984763
0.960368
0.805346
0.498395
-0.729205
0.868920
-0.993820
-0.961075
0.220882
-0.999460
0.796489
-0.822649
-0.675378
-0.639228
-0.231652
-0.878820
-0.973012
0.653363
-0.538856
-0.997597
-0.994421
-0.417624
-0.423970
-0.782417
0.074820
0.895133
-0.997850
-0.944315
0.695841
-0.538318
0.192534
1.000000
-0.944968
-0.946209
-0.562809
-0.079244
-0.940705
0.134613
0.891292
-0.556178
0.644906
-0.811292
-0.427249
0.856855
-0.771337
-0.374870
0.794381
-0.264978
-0.760462
-0.938658
0.171824
-0.552898
-0.424932
0.087693
-0.712183
-0.795092
0.889458
0.725416
0.396851
-0.526901
-0.331741
0.117397
-0.999753
-0.836286
-0.400499
-0.992658
-0.527067
0.201244
0.073329
0.888568
-0.404183
0.038951
0.980201
-0.495360
-0.988516
0.140324
-0.573298
-0.605039
-0.949835
0.638386
0.640354
-0.266117
0.142314
-0.152335
-0.465410
0.471429
0.786337
0.483631
0.964745
0.797057
0.764227
-0.999677
0.989640
0.712505
0.708057
0.184454
0.998400
0.495424
0.180047
0.999990
-0.172765
-0.235233
-0.905124
-0.708152
0.871122
-0.905236
0.871225
0.997481
-0.791085
-0.458852
-0.776361
0.838606
-0.970429
0.661133
0.865446
0.433051
0.179775
-0.083054
-0.486345
0.556328
0.557225
-0.107449
0.171219
0.996423
0.438869
0.904616
-0.393128
0.999997
-0.915613
0.249896
-0.640732
-0.987332
0.132500
0.181088
0.496506
-0.940627
-0.758595
0.105054
-0.196879
-0.573845
0.626998
-0.989233
0.754286
-0.619686
0.997452
-0.999645
-0.286335
0.963006
-0.643855
-0.884430
-0.070441
0.477108
0.595227
0.645074
0.382872
-0.106401
-0.821837
-0.952801
0.736606
-0.413242
0.283282
0.987083
0.833780
0.999726
0.881946
-0.828739
0.021803
0.888415
0.255749
-0.964360
-0.262463
-0.645566
-0.848350
-0.904314
-0.255240
-0.659894
0.999692
0.881441
-0.117231
-0.936340
-0.817826
0.367982
0.063904
0.327895
-0.689637
0.469173
0.938962
0.879616
-0.906591
-0.633887
0.090167
-0.112262
0.451154
0.093356
0.507457
-0.890839
-0.997080
-0.969248
0.848063
-0.727737
-0.588653
0.435335
-0.927825
-0.999696
0.901049
-0.999627
0.794647
-0.972915
0.997599
0.838228
-0.388145
-0.993129
0.070755
0.470408
0.293769
-0.442846
-0.884204
0.979790
0.318484
0.120733
-0.998476
-0.302663
-0.020469
0.998859
-0.251595
-0.938697
-0.989697
-0.327872
0.353464
0.716756
-0.737372
0.208953
0.493673
0.487158
0.500727
-0.875567
-0.516277
-0.755590
-0.971527
0.582491
0.996144
-0.991979
0.986702
0.238377
-0.852320
-0.018984
0.978218
0.443913
0.785735
-0.921071
0.807280
0.843741
0.937564
-0.110581
-0.588072
0.805135
0.236239
-0.307824
0.028799
0.286524
0.895273
-0.574243
-0.929804
0.203678
-0.848966
-0.404646
-0.811397
0.519880
0.567575
0.211894
0.719428
-0.586457
-0.926888
0.282690
-0.708115
0.933449
0.773675
0.969932
0.731823
0.522993
0.858091
0.978029
-0.016876
-0.790857
-0.478839
0.879455
-0.984642
-0.859318
0.929177
-0.108932
0.233411
0.868734
-0.986118
0.151307
0.962193
-0.760365
0.965780
-0.298707
-0.575912
0.803081
0.983961
0.093342
0.291670
-0.954187
0.414008
-0.960317
0.839897
0.771726
0.450136
-0.211068
0.734349
0.137194
0.781880
0.968098
0.989425
0.643063
0.564129
0.973996
0.591124
-0.999582
-0.736513
0.400511
0.996183
-0.165618
-0.400785
-0.392477
0.781456
0.637664
-0.608458
0.959795
-0.882788
0.719500
0.896384
0.973819
0.911513
-0.062224
0.321442
0.722600
0.786157
-0.773217
-0.782603
-0.926645
0.918106
-0.868301
-0.628848
-0.747755
-0.409096
-0.686211
0.291131
0.940396
-0.254458
-0.985744
0.237977
-0.995391
0.877954
0.757873
-0.340301
0.876870
0.895983
-0.728120
0.571722
-0.226253
-0.036677
-0.725524
-0.082956
-0.832111
-0.911551
-0.995718
-0.738384
0.147400
-0.986015
0.770206
-0.932924
-0.276863
-0.636669
-0.813103
0.994021
0.608008
0.928871
-0.990667
-0.040888
-0.576898
0.698129
0.713030
0.697433
-0.171172
-0.759673
0.331391
-0.165763
-0.257669
-0.624293
-0.000114
-0.940193
0.322080
0.890520
0.774715
-0.916588
-0.222905
-0.941797
0.727528
0.970710
-0.997722
-0.912812
-0.178071
0.684925
0.989735
0.791333
0.857340
0.685592
-0.900390
0.926580
0.806684
0.231395
-0.697920
-0.833354
-0.926342
0.853403
0.281833
0.995150
0.921596
0.206419
0.818256
-0.389991
0.729295
0.914763
0.919267
-0.165621
-0.446303
-0.026321
-0.513782
-0.807224
0.547564
-0.119066
-0.999938
-0.439628
0.493633
-0.264711
0.692138
-0.865115
-0.939812
0.241237
-0.980159
-0.035967
-0.990791
-0.345862
0.862826
0.791588
0.983556
-0.101275
-0.741527
-0.165496
0.995879
-0.886868
-0.325880
0.493195
-0.652313
0.674990
-0.115569
0.877768
0.881388
-0.901915
-0.582293
0.510025
-0.821670
0.095315
0.823366
0.033438
0.245506
0.062532
0.700982
-0.939589
-0.982025
0.933165
0.999679
-0.192083
-0.114168
-0.351147
0.999906
0.539811
0.989681
0.806144
0.130324
-0.594892
-0.989823
0.936866
0.864960
0.144518
-0.410810
-0.562191
-0.082006
0.615014
-0.708248
-0.945688
-0.625831
0.991338
0.479628
0.460997
-0.600519
-0.295710
-0.043555
0.265674
0.962718
0.211808
-0.623292
-0.453499
-0.305292
0.687080
0.806659
0.806833
0.762048
-0.995407
-0.990754
0.975935
-0.994180
-0.128029
-0.542242
-0.013465
-0.113126
-0.999994
-0.586178
-0.643191
0.800063
-0.982625
-0.654008
0.723162
0.900750
-0.571291
0.363143
0.602130
0.353622
-0.892306
0.575658
-0.912448
-0.540395
-0.715237
0.926839
0.947997
0.938188
0.885008
0.884261
0.276749
0.428062
0.998407
-0.999200
0.974252
0.437898
0.415965
-0.299025
-0.960747
0.970073
-0.921744
-0.102141
0.945729
0.353482
0.457409
-0.954971
0.171458
-0.517359
0.107096
0.153361
-0.792977
-0.738119
0.442817
0.513067
0.695229
0.929570
-0.870794
0.618809
-0.988777
0.653374
-0.722834
-0.322324
0.753977
-0.746789
0.286402
-0.114698
-0.099751
-0.992144
-0.998906
0.768154
0.589428
0.754586
0.656769
-0.806790
0.371177
0.966313
0.200470
-0.593531
0.999819
-0.576736
-0.825187
-0.559254
0.146387
-0.089222
0.126815
0.746711
0.993824
0.943583
-0.327013
-0.707976
-0.858818
-0.477262
0.730887
0.491788
0.971366
0.500874
0.978505
0.765539
0.953730
-0.762760
0.903214
0.867515
0.823726
0.932843
-0.795923
-0.832791
-0.197082
0.810978
-0.027063
-0.589094
-0.186100
0.984047
0.918539
-0.542551
0.071260
-0.987392
0.283897
-0.061770
-0.864914
-0.995000
-0.798240
0.614096
-0.997474
0.446421
-0.809549
-0.166164
0.286508
0.985039
0.242035
-0.492961
0.629553
-0.370832
-0.974240
-0.966122
-0.055596
0.964339
0.999273
-0.996970
-0.218206
-0.504233
0.895158
-0.523288
-0.531184
0.336504
0.235984
0.999889
-0.781049
0.784435
0.948804
0.648273
-0.831186
0.990324
0.819879
0.720094
0.199186
0.615462
0.606831
0.987825
-0.532831
-0.806361
-0.015127
-0.215660
-0.362573
-0.195768
-0.416970
0.031755
-0.274623
-0.824825
-0.684350
-0.676894
0.619450
-0.267271
0.988438
-0.542273
-0.596562
0.856240
-0.881458
-0.467304
0.801938
0.571162
0.758240
0.367744
0.892202
0.970719
-0.846726
-0.739558
0.757829
0.717770
-0.157907
-0.853187
0.361208
-0.310702
-0.541103
-0.690343
-0.928435
0.700353
0.337891
-0.143611
-0.114793
0.997654
0.036115
-0.706379
-0.693606
-0.985058
0.995972
-0.472232
0.483936
0.987716
0.276796
0.957055
-0.144641
-0.994994
0.164758
-0.993980
-0.573684
-0.746570
0.855834
-0.434315
0.981812
-0.959026
-0.706210
-0.100634
0.783659
-0.791025
0.919626
-0.190574
0.557912
0.945337
0.987250
0.784899
0.955301
-0.261106
0.715339
0.949812
-0.940236
-0.977437
-0.355199
-0.865223
0.690019
-0.066569
-0.945282
0.988161
-0.997848
-0.999950
-0.186793
0.626224
0.679650
-0.455187
-0.679402
-0.133642
0.329676
-0.867347
-0.999969
0.980691
0.998989
0.183130
-0.756402
0.196557
0.981872
-0.767270
-0.521916
0.974735
0.921867
0.860463
-0.924806
0.937566
-0.201955
0.284653
0.586448
0.979230
-0.675983
0.513215
-0.504804
-0.327556
0.849393
-0.577480
0.980186
0.683515
0.350040
-0.514086
-0.954507
0.951628
0.758863
-0.665001
0.072094
0.088763
-0.999649
0.735268
-0.792652
0.364083
-0.944981
-0.928325
0.862390
-0.845465
0.939195
0.783894
-0.733318
0.225384
0.625638
0.618573
-0.183290
-0.445264
-0.629711
-0.598051
0.951265
0.967276
-0.300898
0.287775
-0.916161
0.624937
-0.962430
-0.945381
0.525900
0.956052
-0.987962
-0.983263
0.839125
0.841344
0.973859
-0.977243
0.022693
-0.964989
0.842850
-0.998776
-0.626434
0.847028
-0.818406
-0.997578
0.310853
-0.096543
0.797148
-0.995692
-0.764742
0.632217
-0.998768
0.366190
-0.781477
-0.132522
0.200566
0.849885
0.560235
-0.932408
0.724609
-0.424498
0.955505
-0.954612
0.997462
0.685368
-0.797400
0.688171
0.875180
-0.340637
0.976208
0.494514
-0.871384
-0.626541
-0.960935
0.617478
0.999532
-0.514280
0.567921
-0.537313
-0.840135
-0.910301
-0.737566
0.995215
-0.178928
-0.966948
-0.603920
-0.353324
0.180073
0.898277
-0.998925
0.942932
-0.954346
-0.791780
-0.676035
0.989072
-0.427874
0.918708
-0.992957
-0.516299
-0.962066
0.692303
0.343251
0.989818
-0.970943
-0.860902
0.036827
-0.203810
-0.142993
0.931761
-0.805472
0.116875
0.815497
-0.993892
0.351917
-0.318620
-0.571379
0.831483
0.834187
0.988260
0.180304
-0.307856
-0.510355
0.901356
-0.756701
0.999645
0.162510
-0.757156
0.665870
0.605359
0.987546
0.806418
0.998456
0.411107
0.985685
-0.581988
0.497352
0.527074
-0.051319
-0.858572
0.962159
-0.181769
0.394879
-0.822770
0.917145
0.948213
0.694559
-0.904459
0.323546
0.914844
-0.791353
-0.999995
-0.110300
0.791585
0.994473
0.619949
-0.831924
-0.977059
0.917106
-0.390579
-0.844879
0.712928
-0.084809
-0.731913
-0.345858
0.832249
-0.803265
-0.285864
-0.122474
-0.419621
-0.923484
0.322202
-0.113639
0.739571
-0.923443
-0.995465
0.621162
-0.958372
-0.986243
0.241397
0.842327
0.841981
0.339976
-0.552064
-0.633777
-0.750105
0.476618
-0.540703
-0.627449
-0.897723
-0.622494
-0.827218
0.997357
0.973406
0.213203
-0.971447
0.007518
0.635208
0.509703
-0.813306
0.870097
0.617074
-0.725075
0.998190
-0.995798
-0.350882
0.052780
0.999923
-0.543094
0.980133
-0.827490
-0.204519
0.256186
0.022548
0.908910
0.899374
0.275282
-0.074890
0.084733
-0.455362
0.787284
-0.134764
0.498966
0.628698
-0.670072
-0.964482
0.917259
-0.241929
0.706884
0.192931
0.874458
-0.253758
-0.975465
0.033644
0.080133
-0.478257
0.592263
-0.218112
-0.838952
-0.041603
-0.914627
-0.497715
0.194774
0.781500
-0.473968
0.804555
-0.810360
-0.882178
-0.847374
-0.606131
0.728478
-0.039396
-0.542070
-0.279265
-0.470442
-0.813244
-0.670967
-0.399256
0.602282
-0.302443
0.679960
0.361423
0.867083
-0.862429
-0.273427
0.877208
0.953368
-0.802389
-0.667624
-0.600763
0.752287
-0.997254
-0.191213
0.800957
-0.964074
0.390712
-0.987978
0.366303
0.910137
0.461176
0.777671
0.987530
-0.731276
0.364982
0.654339
0.259349
-0.997989
-0.523357
-0.934621
-0.767350
0.999818
-0.961622
-0.982940
0.348758
-0.439111
-0.258768
-0.812927
0.443110
-0.238545
-0.951172
-0.576834
0.869216
0.877067
0.485562
0.951588
0.070140
-0.989282
0.998645
0.216965
0.092331
0.879715
0.997973
0.601777
0.998576
-0.046031
-0.887054
-0.738776
0.189970
0.997076
0.791417
-0.197739
-0.333867
0.315497
-0.561481
0.977858
-0.947347
0.760664
0.167331
-0.970501
-0.469784
-0.836105
0.317327
-0.999451
-0.553391
0.811535
-0.253414
-0.864031
0.192713
-0.996558
0.998947
-0.080892
0.660151
-0.872048
0.992066
-0.391913
-0.977959
-0.556417
-0.674575
-0.127734
0.660843
0.743728
0.994243
-0.444522
-0.894766
0.375522
-0.996055
-0.368158
0.098549
0.244354
0.921471
-0.612806
-0.620053
-0.070955
0.266419
0.765759
0.675427
-0.412483
-0.915403
0.389586
0.277732
-0.933063
-0.075064
0.131500
-0.989234
0.672990
-0.998399
-0.793051
0.932365
0.936289
-0.998534
0.611056
0.170159
0.652461
0.563137
0.441041
-0.966978
-0.514406
-0.956173
0.670793
-0.941091
-0.174517
-0.984716
-0.096820
-0.632951
-0.982271
-0.918813
-0.323116
-0.602925
-0.609472
-0.703186
-0.504221
0.762133
0.529158
-0.336738
0.956203
0.841866
-0.713151
0.852994
-0.322455
-0.994729
0.157882
0.567784
0.795992
-0.804002
-0.769285
0.874888
0.869988
-0.090957
0.765306
0.994060
0.301458
0.666089
-0.636438
-0.812383
-0.419535
-0.365847
0.725883
-0.671568
0.605302
0.499331
-0.112764
-0.986448
0.735786
-0.937059
0.794189
-0.940848
-0.637613
-0.444043
0.999349
0.970165
-0.943408
0.184549
-0.001412
0.984681
-0.403463
0.638898
-0.639630
-0.380613
-0.339858
0.433434
0.855926
0.282602
0.688090
-0.729323
-0.960437
0.931159
0.456927
0.819837
-0.401322
0.736618
-0.115413
-0.531945
-0.810567
-0.665690
-0.250588
0.145928
-0.999061
0.908279
0.747944
0.939370
-0.069108
-0.034822
-0.863960
-0.824275
0.978022
-0.603717
0.997374
-0.853606
-0.547000
-0.897585
0.327543
-0.707116
0.544123
-0.032066
0.972246
0.417976
0.198790
0.926185
-0.267152
-0.615368
-0.451243
-0.979170
0.896813
-0.698344
0.439073
-0.430937
0.999049
0.342214
0.989130
-0.055042
-0.934599
0.156266
-0.980509
0.997830
0.077532
-0.591803
-0.048008
-0.205004
-0.975263
0.288555
-0.042382
-0.578972
0.888764
0.449513
0.591688
-0.709782
-0.098988
-0.980510
0.992332
0.989524
0.976015
-0.975641
-0.739545
0.516412
-0.363648
0.330559
0.870282
0.646264
-0.621079
0.075879
0.859819
0.927749
-0.944537
0.915366
0.913243
0.953109
0.791183
-0.039699
-0.982070
-0.302825
0.285364
0.498706
-0.529262
0.672500
-0.191448
-0.969993
0.930035
0.965638
0.034358
-0.464606
-0.041054
0.821365
0.497879
0.225514
0.220931
-0.639506
-0.045290
-0.926022
-0.644680
-0.368143
-0.177251
0.809006
0.000472
0.996204
-0.557557
-0.321682
-0.302112
0.299455
-0.000257
0.925144
0.915904
-0.601514
-0.689444
0.741776
0.190521
-0.996779
0.097592
0.212119
-0.999596
0.999001
0.883451
0.535695
0.974393
0.625099
0.997412
0.999983
0.998367
-0.790083
0.953669
0.909471
-0.981457
0.904456
-0.413839
-0.949895
-0.583868
0.990895
-0.019765
0.717951
0.978508
0.875365
-0.169045
-0.755704
0.895517
0.383245
0.386572
-0.961097
-0.905989
0.498830
-0.183976
0.362225
0.190550
-0.843731
-0.776436
0.155290
0.453997
-0.275850
0.421603
0.836692
0.488829
0.961451
-0.666289
0.623409
0.170745
-0.145430
-0.599167
0.169349
0.928300
-0.816239
-0.949331
0.534091
0.752345
-0.006043
-0.858839
-0.925150
-0.993136
-0.853776
0.218828
0.698793
-0.628544
-0.526438
0.078120
0.895766
-0.380074
0.647052
0.725260
0.253489
-0.260028
0.766250
0.854238
0.846313
0.357686
0.288507
-0.763299
0.547849
-0.618759
0.594827
0.349954
0.839824
-0.977482
-0.072541
-0.971116
-0.985668
-0.847927
-0.909351
-0.049752
-0.765120
-0.232955
0.511089
-0.225819
-0.947998
-0.910779
-0.991799
0.344314
0.999720
0.199112
0.932229
0.940608
0.972794
0.750050
-0.945982
0.183556
-0.954911
-0.414907
-0.377011
-0.215717
0.574703
-0.941312
0.988007
0.346013
0.572333
-0.273237
-0.949923
0.779316
0.995585
0.940586
0.258201
-0.488817
-0.874215
0.698315
-0.903741
-0.265864
0.906398
0.869164
0.304984
0.100202
0.101753
-0.817714
-0.267973
0.892182
0.866849
-0.464893
-0.775552
-0.988705
-0.888014
0.963410
-0.529645
-0.537776
0.928411
0.289852
-0.683722
0.916585
0.351744
0.278800
-0.979485
0.028612
-0.273239
-0.937207
0.982678
0.802778
-0.773449
-0.862479
-0.935734
0.259618
-0.029892
0.188579
0.170857
0.979899
-0.099935
0.995215
-0.121691
-0.896025
-0.693967
0.675354
0.941718
-0.012767
-0.817849
0.867796
-0.875686
0.999731
-0.933988
-0.655025
-0.200102
0.617647
-0.910560
0.933604
-0.097721
0.921008
0.502729
0.128664
0.692766
0.844601
0.088692
-0.346448
-0.848752
-0.807165
0.768969
-0.051637
-0.923818
0.664489
0.825158
-0.247481
0.358733
0.283324
0.620571
-0.983886
0.572125
0.985806
-0.198260
0.750119
-0.155708
-0.964063
-0.257192
0.973390
0.983341
-0.932327
-0.156589
0.553455
-0.781845
-0.357239
-0.892250
0.424126
-0.605190
0.966745
-0.164756
0.989167
-0.870623
0.241464
0.834586
0.846708
0.274523
-0.697477
0.926060
-0.840432
0.980662
-0.839616
0.997965
0.527715
0.062759
-0.094684
0.811431
0.404041
-0.480651
-0.942584
0.550678
-0.316051
-0.831533
-0.588834
-0.874879
-0.975687
0.927264
0.988459
-0.222834
-0.637312
-0.682075
0.980423
-0.544822
-0.987530
0.685564
-0.446881
-0.988378
0.254043
0.442059
-0.893469
0.923462
0.610343
0.401180
0.981661
-0.894678
-0.212499
0.976354
-0.626223
-0.654207
0.435942
-0.652898
0.331932
0.369971
-0.995103
0.461045
-0.999837
-0.178179
-0.886768
-0.133338
0.994851
0.890773
-0.807254
-0.259108
-0.540764
-0.951220
0.908741
0.558352
-0.663181
-0.147902
-0.494315
-0.341448
-0.558694
0.981035
-0.235332
-0.286017
0.554822
1.000000
0.689633
-0.390901
-0.989361
-0.978176
0.692881
-0.532227
-0.998616
0.028947
0.351317
0.996145
-0.973905
-0.897409
-0.079371
0.207697
-0.795206
-0.895555
-0.967049
-0.858081
-0.993059
-0.542628
-0.992962
-0.950294
0.902425
0.998713
0.180866
0.124144
-0.401788
0.033070
0.152213
-0.999490
-0.798726
0.994253
-0.828165
-0.999985
-0.893321
0.430423
0.996154
0.451211
0.926608
-0.323611
0.013240
0.496065
0.333772
0.982029
-0.761650
-0.557122
0.809518
0.876730
-0.255997
-0.129083
-0.999723
0.994602
-0.940508
-0.428199
0.800046
-0.788081
0.108594
0.329903
0.929094
0.678113
0.885440
-0.927265
-0.997315
0.924530
-0.730046
-0.698290
0.988022
0.907260
-0.773052
0.849336
0.937483
-0.606589
-0.529401
-0.899141
-0.191185
0.436254
-0.255106
-0.087912
-0.237472
-0.831283
-0.946679
-0.957468
0.959997
-0.569267
0.194847
-0.332576
0.652828
-0.951479
-0.379768
-0.012031
-0.914841
0.858035
-0.047094
-0.125176
0.977074
-0.757408
0.798920
-0.716180
-0.470250
0.423015
0.895611
-0.742443
-0.721651
-0.137370
0.683041
0.903245
0.764099
0.986512
-0.500214
-0.999572
0.156598
-0.679450
-0.943990
-0.996981
0.776116
-0.672763
0.478075
0.827831
-0.841700
-0.308891
0.036147
-0.971583
0.200848
-0.416666
0.648833
-0.702964
-0.999820
-0.170442
-0.825207
-0.929605
-0.520305
0.996820
0.754780
-0.563795
-0.961919
-0.897936
0.915923
0.140294
-0.098434
0.991536
0.186345
0.649939
-0.100792
-0.415868
-0.995709
0.825401
0.626323
0.262433
0.942225
0.221315
-0.351256
-0.366735
-0.460071
0.929349
0.990229
-0.098785
0.887692
-0.871457
0.020474
-0.991969
0.078635
-0.358921
0.045358
0.728244
0.485088
-0.999961
-0.551650
-0.394439
0.387570
-0.594846
-0.692063
0.329561
0.847707
0.459040
-0.960277
-0.988957
0.765748
0.428545
-0.884977
-0.797839
0.891768
-0.978613
0.249028
0.973844
-0.617106
0.124734
-0.157684
0.363097
-0.184798
-0.896364
-0.865799
0.261696
0.997504
-0.948242
-0.737234
-0.480388
-0.619665
0.929658
0.175485
-0.800263
0.642119
0.638834
-0.876764
0.991388
0.376196
-0.907938
0.242058
-0.119032
-0.835562
0.560742
0.880555
-0.192279
0.330079
-0.935262
0.185280
0.068428
0.909308
-0.993179
-0.792190
0.507221
-0.361794
-0.993408
-0.411647
0.759837
-0.694649
-0.828255
0.916165
-0.756314
-0.881733
0.760484
0.975365
-0.990886
-0.875645
0.129432
0.939468
0.988952
-0.993223
-0.805509
-0.812381
-0.493010
-0.267474
-0.972139
0.806837
0.817906
-0.399203
-0.326534
0.992915
0.810656
-0.142164
0.428381
0.919023
-0.736751
0.049727
0.433104
0.918501
0.861491
0.570310
0.762721
-0.107017
0.928987
-0.644843
0.727661
-0.941844
-0.032582
-0.873254
-0.852606
0.238073
-0.001918
-0.728468
0.273417
-0.946884
-0.021649
0.522043
0.913436
-0.398814
-0.919284
0.774957
-0.964744
-0.820079
-0.400834
-0.965035
-0.923698
-0.269921
-0.499676
0.492789
0.751434
0.946222
-0.083264
0.106317
-0.438262
0.086549
-0.950103
-0.906683
0.168523
-0.337299
-0.958355
-0.382338
-0.375005
-0.999024
0.184978
-0.867363
-0.848848
0.856902
0.596844
-0.987357
0.298616
0.804270
-0.407950
-0.134591
-0.664007
-0.427387
-0.999623
-0.836545
0.955114
0.997938
-0.239204
-0.666573
0.709036
0.913079
0.983116
-0.081836
-0.809366
0.761492
0.364296
0.516350
0.754535
-0.556272
0.508938
0.989682
0.865900
0.030953
-0.929398
0.488860
0.948906
-0.138281
-0.485178
-0.144477
0.903383
0.986079
-0.644391
-0.294403
-0.813600
-0.133384
0.782034
-0.737538
0.698572
-0.981618
-0.439813
-0.731755
0.897026
0.867940
0.342270
0.410663
-0.168792
0.892468
-0.756801
-0.846177
-0.702561
0.995673
-0.866738
0.119103
0.811896
0.941887
0.836283
0.481677
0.888133
0.604139
0.898902
-0.424538
0.904203
0.815752
-0.342811
0.167334
-0.982043
-0.376467
-0.227786
0.961076
-0.166035
-0.944579
-0.146526
-0.766301
-0.709950
0.822741
-0.293907
0.248796
-0.442497
-0.739637
0.301296
-0.852801
0.253429
0.697904
0.977530
-0.712035
0.508666
0.429769
0.958582
0.943535
-0.362679
0.992033
-0.752630
-0.831821
0.970570
0.916299
-0.193912
-0.042495
0.957890
-0.987495
-0.968402
0.158326
0.955789
0.674265
0.790755
-0.745491
-0.875840
0.587169
-0.855597
-0.818560
0.129862
0.795361
-0.759968
-0.840344
-0.821852
-0.728427
0.960607
0.358137
-0.999634
-0.879482
0.422997
0.992626
-0.959034
-0.311107
-0.992692
-0.847838
0.996048
-0.746359
0.908163
0.618405
0.599149
0.197360
0.536806
-0.995109
-0.555854
0.420136
-0.869683
0.774083
0.067707
0.999990
-0.610880
0.685366
-0.818558
0.202411
0.950941
0.583929
-0.179636
-0.740228
-0.946499
0.945246
0.129430
0.923247
-0.571727
0.123027
-0.459249
-0.859609
-0.972350
-0.996180
0.780872
-0.641768
0.655468
0.231742
-0.463493
-0.728934
0.986425
0.039381
0.739494
0.672752
-0.674983
0.263142
0.992596
0.331763
-0.487261
-0.589233
-0.057694
-0.517034
0.011272
0.821389
0.947577
-0.975740
-0.858653
-0.975709
0.201135
-0.975017
0.446928
0.752489
-0.500160
-0.472884
0.373550
0.285969
-0.990577
-0.999813
-0.133002
0.885813
-0.231566
-0.556134
-0.175509
0.502016
-0.915986
-0.363469
-0.248222
0.075324
-0.896350
-0.496720
-0.220042
-0.308549
-0.206364
-0.004607
-0.897776
0.973027
0.396124
0.171545
0.811301
0.171827
-0.501307
0.687668
0.921573
0.937064
-0.901457
-0.998080
0.181670
-0.867143
-0.834985
-0.590098
-0.785485
0.994135
-0.588592
-0.733148
-0.961309
-0.993545
0.853492
-0.027776
-0.935396
0.100729
-0.594775
0.672655
-0.195794
-0.757485
0.239654
0.793194
0.904991
0.969678
0.805334
0.771402
-0.969980
0.853276
0.613441
-0.258583
0.767534
-0.083356
-0.990711
0.709045
0.976779
0.871117
-0.819697
-0.985145
-0.646168
-0.992700
-0.826959
0.050629
0.085453
-0.778921
0.294099
0.026882
-0.499590
-0.908488
-0.163816
-0.900095
0.718553
-0.199368
0.638714
0.999989
0.321686
0.377378
0.562689
-0.708986
0.035261
0.847011
-0.415937
-0.202402
-0.891669
-0.754087
-0.496788
0.888641
0.785791
0.350899
0.251797
-0.757752
-0.357058
0.826718
0.770985
-0.235687
-0.426259
0.546030
0.476269
-0.818550
0.412259
-0.842995
-0.124781
0.812459
-0.982899
-0.800522
0.994438
0.034286
-0.992844
0.347768
0.600615
0.736059
-0.991281
-0.998404
0.712972
0.824625
0.402303
0.007100
-0.054935
-0.128954
0.565675
0.956260
-0.884630
-0.843768
-0.882229
-0.289996
-0.139334
0.466460
0.561718
0.097174
0.835218
0.994080
-0.208346
-0.468531
-0.765660
0.963656
0.710690
0.220601
-0.095641
-0.985040
-0.154564
-0.642748
-0.936729
-0.679266
0.157193
0.991189
0.584488
-0.920875
0.041185
0.945770
-0.978540
0.501933
-0.361590
0.796603
0.804281
-0.666380
0.404107
-0.990831
-0.994806
0.027607
-0.788763
0.320268
0.348981
-0.395426
-0.385643
-0.070595
0.036597
-0.505580
0.806751
-0.996491
0.577736
-0.690287
0.119083
0.962744
0.955589
-0.364631
-0.701639
-0.993403
-0.915487
-0.675303
-0.680202
0.377559
-0.667719
0.997792
-0.354926
0.323552
0.862132
0.138967
-0.407353
-0.990041
0.464203
0.987948
0.263958
-0.208529
0.476292
-0.495087
-0.408514
0.883851
-0.942617
-0.884886
0.718337
-0.953646
-0.652416
-0.999585
0.845166
0.937431
0.025567
0.598326
-0.983277
0.735344
-0.321186
0.805927
0.225858
0.531950
0.747628
-0.460428
0.653719
-0.811973
0.316498
0.489042
-0.779753
-0.599658
-0.873528
0.832452
-0.879287
0.872045
-0.972879
-0.804066
0.800433
0.734745
-0.508503
0.465140
0.622881
-0.869058
-0.146402
-0.154873
0.327572
-0.963584
0.804155
0.298295
0.999987
0.769150
0.993487
0.958540
-0.961134
0.240600
-0.234697
0.963783
-0.803516
-0.893151
0.474351
0.092264
0.808535
-0.772978
-0.821554
0.179187
-0.524329
-0.778164
-0.890665
-0.976570
0.448809
-0.041151
-0.626195
-0.110788
0.264810
-0.607211
0.028958
0.179690
0.982287
-0.239303
-0.646568
0.886257
-0.129646
0.992191
0.998056
-0.483197
0.201367
0.818888
-0.031094
-0.926382
0.356889
0.884591
-0.398152
-0.668874
0.618778
-0.873399
-0.751402
-0.880917
-0.108023
0.112477
-0.027270
0.284041
0.623376
0.772549
-0.244668
-0.898389
-0.352937
0.748807
-0.898424
0.817961
0.927299
0.133104
0.602503
-0.930603
-0.810399
-0.803725
-0.646289
0.942569
-0.963280
0.651194
-0.398291
0.970924
0.726544
0.278486
-0.549080
0.879250
-0.710436
0.001444
-0.757456
0.833496
-0.699421
0.270046
0.410584
-0.998824
-0.154713
0.087340
-0.452105
0.735291
-0.997399
0.993551
-0.968134
0.820275
-0.115629
0.058819
0.450464
-0.321629
0.587089
0.598333
-0.999096
-0.005124
0.961095
0.841686
-0.099269
0.153474
0.839185
-0.760430
-0.376689
-0.605596
-0.442403
0.799901
-0.019348
0.999140
-0.959339
-0.863180
-0.121133
0.908974
-0.535308
0.083400
0.821551
-0.261326
-0.996345
0.038686
-0.045251
-0.510136
0.018913
-0.556765
0.018561
-0.817831
0.515927
0.266385
0.995647
0.509673
-0.356264
-0.676446
-0.995834
-0.034823
-0.864874
-0.132229
0.998339
-0.443952
-0.163100
-0.995975
0.867803
-0.959705
0.922860
0.966421
-0.577615
-0.986181
0.207721
-0.969418
0.062358
-0.533483
-0.969381
-0.635829
-0.997661
0.999358
-0.702841
0.972296
-0.752258
0.789222
-0.316368
-0.320665
-0.894372
-0.958102
0.950775
-0.193396
0.585769
0.237629
-0.985764
0.782474
-0.998941
0.646126
0.694348
0.210627
-0.849791
0.665092
0.918610
0.433938
-0.846998
0.001450
-0.693506
0.546900
-0.771342
-0.241954
0.940153
-0.762356
-0.045308
-0.996946
0.782827
0.987857
0.243598
0.989934
-0.626692
0.988050
-0.940002
-0.319460
0.987272
-0.104751
0.974502
0.603684
-0.812787
-0.977985
-0.409583
0.933988
0.653426
-0.925526
0.660973
-0.566595
-0.978985
-0.589475
-0.967376
0.624495
0.927940
0.425725
0.874764
-0.812554
-0.971904
-0.890212
0.318861
0.499692
-0.739015
-0.115956
0.723797
-0.982003
-0.052138
0.169880
-0.721553
-0.576445
-0.620654
-0.373942
-0.898423
0.810049
-0.999826
0.894062
0.805313
0.994379
-0.008292
-0.904651
-0.835347
0.766883
-0.957070
-0.671662
0.347394
0.212780
-0.326667
-0.794795
-0.747791
0.478211
-0.998690
0.962651
0.691292
-0.950185
0.650699
0.929891
0.856138
0.793789
-0.399749
-0.246520
-0.968920
-0.589535
-0.054781
0.633617
-0.486462
0.287363
-0.864285
0.659824
-0.029832
0.926899
-0.709624
-0.507576
-0.275491
0.431706
0.242784
-0.111062
0.941711
-0.332096
0.153295
-0.890118
0.015117
0.384841
-0.922619
0.208255
0.880453
0.622377
-0.340297
0.910534
-0.777755
0.502257
-0.373313
-0.754527
0.697595
0.733197
0.067612
-0.042181
0.750442
0.975452
-0.862171
0.915222
0.754112
0.912972
-0.092669
-0.997516
-0.882970
0.865633
0.422688
0.777403
0.503479
0.834046
-0.246039
0.245296
-0.522424
-0.690914
-0.951317
0.843107
0.217433
0.951463
-0.429211
0.781724
-0.231195
-0.444687
0.869581
0.939771
-0.766177
0.777140
-0.210156
-0.723749
0.576448
0.577173
-0.985098
-0.644969
-0.432641
0.926131
0.858633
0.636358
0.442548
0.977001
-0.298469
0.995802
-0.346331
-0.027774
-0.946885
-0.050813
0.123698
-0.993275
-0.784594
0.670821
-0.553695
0.722886
0.999801
0.571283
-0.202446
-0.958687
-0.912395
0.997522
0.590623
0.557719
-0.451929
-0.842888
0.320471
-0.726347
0.916904
-0.473002
0.487756
-0.506808
0.841973
0.567495
0.960870
-0.125229
0.778706
-0.745909
-0.065773
-0.386949
0.952463
-0.857728
-0.613630
-0.914389
0.838527
0.566690
-0.545671
0.397815
0.593949
0.757497
0.088598
0.944681
-0.784473
-0.761754
0.143711
-0.999999
0.634856
-0.740277
-0.018032
-0.995821
-0.607750
-0.900696
0.430634
-0.771178
0.990581
0.866922
-0.199023
0.318672
-0.309880
0.984315
0.797626
-0.676187
-0.893921
0.053564
0.816657
0.755189
-0.444928
-0.653558
-0.985126
0.902382
-0.060639
-0.940583
-0.108749
-0.176066
-0.430547
0.592224
0.557893
0.753645
0.977697
-0.999689
-0.176868
0.635061
-0.466778
-0.360565
0.961045
-0.890238
0.957020
-0.826569
0.814127
0.320601
-0.015824
-0.876040
0.965264
-0.816022
-0.937203
0.999900
0.039864
-0.844442
0.926366
-0.863226
-0.995975
0.905723
-0.593247
0.943475
0.435316
-0.999627
0.919819
0.981556
0.966999
-0.738583
0.995282
-0.936532
0.650297
-0.987589
0.675373
0.725803
-0.422519
0.768855
0.196765
-0.973721
-0.837691
-0.941586
0.286499
0.999828
0.490907
-0.498067
0.670493
-0.988759
-0.944313
0.771513
0.908141
0.999523
0.657802
0.916943
-0.845027
0.654600
-0.221408
-0.946611
0.993167
-0.708811
-0.873357
0.573012
0.882074
-0.436154
-0.999371
0.806452
0.515913
0.002327
0.988116
-0.342567
-0.982179
0.028034
-0.015054
-0.991300
0.779644
-0.746591
0.999999
-0.786604
0.445422
-0.756981
0.594005
0.899093
-0.996576
-0.842345
-0.999991
0.150023
-0.901860
0.999093
-0.973770
0.994573
-0.387319
0.716429
0.702410
0.862152
-0.478647
-0.508788
0.935246
-0.804535
0.998945
-0.780511
-0.841258
0.759828
-0.489432
-0.334183
-0.326857
0.911628
-0.998768
0.287447
-0.584311
-0.992010
-0.685305
0.690010
-0.255842
-0.305885
0.289265
-0.142876
-0.042730
-0.863427
-0.882566
-0.745596
0.999775
-0.020869
0.882880
0.821844
0.866404
0.936106
0.725536
-0.193314
-0.709855
-0.967776
0.828041
-0.848178
-0.297953
-0.968255
0.317391
-0.386540
0.656372
0.998263
0.283159
-0.407450
0.341978
-0.594475
0.657391
-0.789316
-0.776912
0.027269
-0.304414
-0.511681
0.941764
0.753543
-0.738481
-0.764882
-0.178287
-0.215088
0.717862
-0.692257
-0.989488
0.391850
0.206597
-0.759936
-0.169100
0.082804
-0.999873
-0.272346
0.895105
-0.530982
-0.933648
0.825636
0.986213
0.387141
0.779916
-0.955100
-0.743634
0.640561
-0.901833
0.532651
-0.484837
0.124163
-0.098200
-0.590777
0.614967
-0.975743
-0.683188
0.780287
0.671655
-0.503771
-0.999391
-0.497613
-0.979031
0.033821
0.091497
0.538650
-0.505059
-0.996258
-0.982971
-0.638373
-0.398850
-0.486673
0.586463
0.874487
0.689685
-0.998842
-0.055378
-0.963618
0.036719
0.998825
0.461157
0.508320
0.797039
0.980535
0.632949
0.991137
0.769090
0.086879
-0.920913
0.994846
0.383752
-0.204790
0.951372
0.757751
0.318064
-0.862938
0.996967
0.707688
0.445675
-0.679106
0.345136
-0.567967
0.997862
-0.907062
-0.686430
0.998319
-0.738447
-0.987957
-0.933832
-0.984706
-0.889015
0.262370
0.729933
-0.912505
-0.243202
-0.750103
0.517110
-0.997363
-0.239548
-0.389261
0.068007
0.325066
-0.667108
0.273985
0.675770
-0.925833
-0.340700
0.222310
-0.880021
0.248080
-0.572104
-0.966480
-0.965924
-0.398054
-0.571695
0.701646
0.955966
-0.029331
-0.188664
0.955711
-0.868616
-0.526198
-0.994597
0.400066
-0.218562
-0.627020
0.808712
-0.851423
0.489404
-0.196148
-0.600662
0.170278
-0.967229
-0.357838
0.643924
0.515232
-0.705791
0.580996
0.904212
0.568367
0.245532
-0.379374
0.754332
0.491137
0.970140
0.454317
-0.027811
-0.575314
0.937966
-0.684693
-0.712520
-0.411976
0.887552
0.116530
0.497761
-0.885965
0.864394
0.223114
-0.693574
-0.839656
0.289531
-0.984999
0.852039
0.370879
0.807832
-0.855184
-0.971493
0.090776
0.817218
-0.997321
0.643576
0.951509
0.896718
0.941368
0.983574
0.999712
-0.600856
-0.895183
-0.355800
-0.328971
0.873252
0.890738
-0.795680
-0.993505
0.984213
-0.932401
0.463165
0.769428
0.417471
-0.128183
0.891034
0.645433
-0.941281
0.212832
-0.942189
0.999969
-0.849564
-0.212484
0.999122
-0.719421
0.716906
0.962335
0.996929
0.455607
0.687044
0.100203
0.085989
0.956324
0.997282
0.062348
-0.665443
0.437656
-0.969158
0.903498
-0.365114
0.995967
0.462403
-0.836016
-0.677974
0.902195
-0.862443
-0.689435
0.868031
-0.403782
0.898155
0.116890
0.654516
-0.863567
-0.424953
-0.295670
0.620198
-0.034688
0.940186
-0.606454
0.269620
0.999801
0.811353
-0.968166
0.038116
-0.112846
-0.006591
0.736665
0.871148
-0.910577
0.489205
0.774837
0.948973
-0.299586
0.744080
-0.885563
0.120165
0.966707
-0.490304
0.992319
0.032768
-0.867710
-0.958985
0.100015
-0.128248
-0.003342
0.376983
-0.277559
-0.884446
-0.596042
-0.606363
0.813473
0.380298
-0.220631
-0.405855
0.651509
0.274783
-0.589278
0.771057
0.997294
-0.445792
0.196062
-0.732161
-0.498596
-0.999913
-0.657602
0.605651
0.998486
-0.284137
0.843504
0.083570
-0.945015
0.493796
0.242621
-0.208695
-0.704730
0.587076
0.783451
-0.243561
-0.712314
0.802397
0.820652
-0.999062
0.571483
0.915384
0.398061
0.671461
0.978301
0.010022
-0.935274
-0.375060
-0.579910
0.999941
-0.998778
0.047869
0.554636
-0.819314
-0.041782
0.960566
0.323899
0.919404
0.252219
0.188020
-0.311645
0.999605
-0.601106
-0.078766
0.530732
-0.119673
0.665846
0.107539
0.977314
-0.634564
0.779342
0.824780
0.880218
0.434550
0.131743
0.425469
-0.441929
-0.374869
0.800759
-0.895786
0.911066
0.504637
-0.439595
-0.106699
0.277431
-0.188067
-0.467482
-0.923437
-0.984023
0.281065
0.549553
0.828207
0.297459
-0.565876
0.312912
0.923280
0.734181
0.772028
0.816924
0.702131
0.676708
0.979850
-0.771876
0.958722
-0.058221
0.891174
0.974534
-0.984138
0.914870
0.150228
0.714919
-0.560376
-0.797791
0.652924
0.248807
-0.607505
-0.025185
-0.711293
0.998927
-0.870092
-0.479546
0.891864
0.975825
0.677590
0.450594
0.850161
0.046660
-0.778549
0.232670
0.728262
0.810181
0.787562
-0.992422
-0.997500
0.475540
-0.725232
-0.801738
-0.953895
-0.869942
-0.994774
-0.801619
0.870035
-0.992486
0.757125
0.061978
-0.624701
0.602083
0.976231
0.699320
-0.466975
0.821467
-0.395100
-0.064317
-0.848616
0.850746
0.196769
-0.955094
-0.514136
-0.279130
0.957068
0.565730
0.139709
-0.382386
0.462227
0.931110
0.399461
0.949586
-0.997115
-0.000994
0.836005
0.387102
0.999148
0.945634
-0.842342
-0.994549
-0.909016
0.777866
0.342284
0.161792
-0.932507
-0.767811
0.869347
0.240007
0.886319
-0.678571
0.031596
-0.192019
0.831502
0.999982
-0.502680
0.740419
0.363700
-0.956920
0.996713
-0.936777
-0.076252
-0.862253
-0.654733
-0.405164
0.760997
0.606698
-0.981774
-0.996208
0.985540
0.931795
0.582616
-0.803280
-0.658007
-0.267239
0.752886
0.944369
0.910991
-0.600780
0.476663
0.282010
-0.989787
-0.744941
-0.700453
0.902799
-0.503612
0.999914
-0.999118
-0.606803
-0.742018
-0.401437
0.199118
0.965570
-0.961286
-0.027633
0.453837
0.394218
-0.467995
0.997547
0.751963
0.332536
-0.989140
-0.876559
0.555076
0.413517
0.792885
-0.226853
-0.782289
0.231747
-0.541828
0.919427
-0.649297
-0.999002
-0.968084
-0.692822
-0.738987
-0.733609
-0.627931
0.124575
0.571551
0.566880
0.967144
0.852792
-0.509307
-0.478685
-0.955419
-0.121689
-0.912201
-0.175425
0.925303
0.939881
0.005099
-0.768629
-0.508452
0.995597
-0.787019
-0.717146
-0.708528
-0.998854
0.819384
-0.904865
-0.003222
0.677283
0.936733
0.817726
0.581544
0.683906
0.080727
0.883793
0.759141
-0.998025
0.689518
0.763410
0.741023
0.199925
0.526088
-0.651338
-0.356404
0.976182
-0.995107
-0.219012
0.718204
0.935375
-0.879823
0.823376
-0.252925
0.114908
0.312983
-0.085328
0.144262
0.997932
-0.920660
-0.184280
0.993685
-0.150114
-0.396504
0.479280
0.091087
-0.069853
-0.022861
-0.837314
-0.250023
0.236866
-0.897114
0.948470
0.961255
-0.967120
0.523245
-0.287893
-0.786710
-0.209124
0.303857
-0.813127
0.819299
0.483457
-0.996799
0.885252
-0.990990
-0.578981
0.959019
0.927808
0.680821
0.949570
-0.708265
-0.998316
-0.199135
-0.999733
0.624915
-0.728053
-0.857395
0.859625
0.956476
-0.826744
-0.088928
-0.930417
0.053777
-0.486270
-0.753317
0.320378
0.742233
0.968488
0.353472
0.615426
0.990205
0.369557
-0.267134
-0.822709
-0.589883
0.785632
0.733578
-0.092352
-0.649963
0.589230
0.121402
-0.274042
0.253130
-0.311534
-0.414730
0.486000
-0.252927
0.074402
0.956976
0.999999
-0.062438
-0.707669
-0.016037
0.588181
0.046118
0.555799
0.620411
0.993311
0.946023
-0.749905
-0.647345
-0.600718
0.973544
0.513494
0.293555
-0.155592
0.619833
0.997796
0.627404
0.871127
-0.965233
-0.875006
0.097697
-0.999916
-0.217390
-0.905422
-0.012853
-0.672921
-0.061168
0.984424
0.118076
-0.489416
-0.033711
-0.931672
-0.942117
-0.893285
0.974747
0.879308
-0.291465
-0.721640
-0.402405
0.958033
0.340528
0.142919
-0.634131
-0.779349
-0.693088
-0.789191
0.923306
0.929200
0.800462
0.010739
-0.989764
0.948386
-0.497481
0.931023
0.448061
-0.999651
-0.626310
-0.523938
-0.732547
0.416499
0.692228
0.861176
0.380366
-0.992684
0.083910
-0.976327
0.334658
-0.959266
0.783316
0.694464
0.200108
-0.529954
-0.399725
0.174561
0.838522
0.679464
0.999844
-0.228732
-0.944489
-0.962171
0.788796
0.540250
-0.865087
-0.823369
0.042812
-0.336292
-0.403504
-0.062903
-0.718515
-0.656965
-0.836435
-0.861199
0.356197
0.930863
0.999579
0.741850
-0.996404
0.814666
-0.415637
0.513366
0.333396
0.972534
0.725441
0.848881
0.014672
0.999932
-0.547697
-0.556547
0.952172
0.628712
-0.861219
0.857751
-0.088066
0.712534
0.101223
0.990737
0.648833
-0.704413
0.961684
-0.661874
0.926150
0.951509
0.887839
-0.928977
0.228908
-0.974343
0.027066
0.550613
-0.998046
0.046882
0.306421
0.321327
0.292683
-0.216289
-0.858999
-0.125267
0.240788
0.124128
-0.631538
-0.586421
-0.932640
-0.814315
-0.928798
-0.999093
0.974138
0.449270
0.721719
-0.996884
0.264645
0.369359
-0.168610
-0.911190
0.633506
0.943143
0.596612
0.011185
-0.486968
0.022123
0.912270
-0.449078
0.952835
-0.387744
-0.613824
0.842270
-0.701062
-0.620983
-0.915080
-0.499314
-0.220083
0.379047
-0.490247
0.347639
-0.995432
0.166069
0.972634
-0.116712
0.548645
0.385626
-0.230992
0.092502
-0.969028
-0.993071
0.865697
0.520557
-0.166749
-0.744459
-0.935491
0.950262
-0.298631
-0.927077
0.611172
-0.738235
-0.659075
0.847543
0.999963
-0.870372
0.577036
0.885949
-0.998599
-0.768588
0.517313
0.715928
0.281181
0.504227
-0.837993
0.975802
0.559969
-0.866093
0.191465
0.858390
-0.828241
0.665436
-0.304932
0.730528
0.061444
0.244464
-0.669082
0.781536
-0.995079
-0.978823
-0.991132
-0.998692
0.378186
0.433392
0.257883
-0.951688
0.678731
-0.475403
-0.975080
-0.858442
-0.668445
-0.811984
0.579881
-0.835133
0.904229
-0.050439
0.137243
0.985812
-0.713527
-0.987759
0.977099
0.919798
0.782482
-0.967134
-0.318677
0.392013
-0.046536
0.154281
0.834161
0.592029
-0.998471
0.952922
-0.955126
-0.733473
0.441828
0.758123
-0.468526
-0.816328
0.643256
0.483789
-0.984373
-0.996622
0.850042
-0.642415
-0.786753
-0.982340
-0.965488
0.351226
-0.166124
-0.380412
0.757905
-0.913260
-0.552270
-0.332943
0.428784
0.679558
-0.538261
-0.809439
0.190546
-0.875717
0.493077
0.999999
-0.407260
0.000827
0.973353
-0.817603
0.167382
-0.802434
-0.913081
-0.996119
-0.073611
-0.484355
0.034699
-0.855035
-0.349169
-0.592517
-0.684170
-0.266966
0.692454
0.027154
-0.782397
-0.438592
-0.019419
0.316682
-0.382939
-0.899621
0.215310
0.118744
0.679727
0.967153
0.999627
-0.797014
-0.876692
-0.871251
-0.688611
0.966110
0.764823
0.991122
0.295190
-0.318080
0.679489
0.847893
0.072504
0.653413
-0.993791
0.053934
0.844675
-0.797347
0.792451
0.361885
0.049874
0.230386
-0.814872
0.679302
-0.835758
0.763665
0.457678
-0.620909
0.411747
0.828547
0.453411
-0.977048
0.258297
-0.820252
0.718608
-0.999595
0.750972
0.430039
0.568954
-0.309767
-0.257217
0.785075
-0.245906
0.563950
-0.961073
0.337217
0.377723
0.544171
0.802122
-0.483877
-0.283533
0.160825
0.426490
-0.548226
-0.580934
-0.661047
0.770396
0.074576
-0.873171
0.687550
-0.679185
-0.992676
0.944201
-0.314080
0.602426
0.402020
-0.880533
0.819046
0.998444
-0.172022
-0.336725
0.862089
0.999999
-0.839815
0.996177
-0.983340
0.963500
-0.928400
-0.715318
-0.683883
-0.575992
0.532667
-0.733696
-0.301696
0.975676
-0.386403
-0.977579
-0.999785
-0.939657
0.999987
0.983467
-0.874029
0.583389
0.934249
0.833578
0.990398
-0.998277
0.973554
0.948017
0.133689
-0.907857
-0.350380
0.363023
-0.998376
-0.969973
0.533076
-0.455930
-0.803014
0.492275
-0.976726
0.112864
-0.288477
0.987051
-0.929947
0.415713
-0.935925
0.048568
-0.215521
-0.366802
0.660965
-0.407741
-0.540965
0.369250
-0.835552
0.774626
0.932450
-0.359182
0.997924
0.772880
-0.390027
0.995251
-0.226267
0.204682
0.565215
-0.934997
0.182533
0.080493
-0.274589
-0.376753
-0.969246
0.779648
-0.821544
0.456035
-0.865823
-0.499692
0.736692
0.988785
-0.996367
0.890240
-0.975359
0.951107
-0.860222
-0.466542
-0.835168
0.065927
0.142697
0.059190
0.478751
0.567922
-0.553285
-0.924765
0.130710
-0.774747
0.909399
0.909967
-0.130456
0.267628
-0.976147
-0.859718
0.976401
0.194938
-0.944858
-0.940817
0.763230
-0.698271
0.830815
-0.329356
0.998420
0.739489
0.761790
-0.874945
0.808459
-0.072961
-0.852315
-0.166589
0.948212
0.648323
-0.867335
-0.926311
-0.367039
-0.956155
0.981308
-0.998305
0.223474
-0.743961
-0.949204
0.077004
0.913308
-0.988430
-0.290092
-0.967610
-0.485664
0.066735
-0.779097
-0.946340
-0.079675
-0.809047
-0.925511
0.988068
0.685516
0.606916
-0.073481
0.993924
-0.979085
0.953922
-0.444879
-0.998414
-0.554290
0.245612
-0.979092
0.957540
0.212282
0.929479
0.876404
-0.993038
0.411852
0.229145
0.376817
0.158477
-0.965123
-0.968224
0.683124
-0.692971
0.468002
-0.997824
-0.996219
-0.390934
-0.724944
-0.992487
0.833848
-0.487693
0.987639
-0.996709
0.917562
-0.026892
0.347750
0.316795
0.999238
0.840011
-0.961861
0.651618
0.429301
-0.526858
-0.927443
0.032499
-0.330079
0.934424
-0.832434
0.998687
-0.865463
-0.839490
-0.752138
-0.834753
0.166285
-0.709269
-0.409898
0.991522
0.930318
0.992885
0.155842
-0.427725
-0.999715
0.468769
0.504233
-0.892302
0.692706
-0.368034
-0.842404
0.276325
-0.625675
-0.995524
0.347616
-0.869368
-0.827025
0.905661
-0.048597
-0.266704
-0.812190
0.277804
0.058653
-0.110514
-0.984624
-0.384951
-0.042628
-0.379930
-0.177117
-0.973709
-0.143303
0.798045
-0.998839
0.749376
-0.175905
0.051036
-0.467823
-0.982021
0.999896
0.973728
0.997098
-0.457695
0.835015
0.999511
0.694691
0.932622
0.975371
-0.791826
-0.905701
0.998049
-0.815649
-0.201988
-0.280828
-0.405401
0.355505
0.967475
-0.799269
-0.905117
-0.500658
0.671684
0.130533
0.859485
-0.372820
0.361443
0.986226
0.997716
-0.493694
-0.797136
0.969941
0.997073
0.231726
-0.214729
0.629133
0.659816
0.155702
0.931693
0.818809
0.751480
0.077461
0.544102
-0.436475
-0.950141
0.072721
-0.937485
0.512438
0.858509
0.231651
0.884826
0.980813
-0.527617
0.950692
0.999900
-0.346942
0.999807
0.999222
0.960709
0.445804
0.021976
-0.969699
0.500028
-0.871134
0.999267
0.849389
-0.469300
0.931578
-0.013913
-0.978581
-0.667145
0.902716
0.405436
-0.838050
-0.387660
0.758355
-0.190317
-0.960726
0.548362
-0.198736
-0.863127
0.996568
0.410695
0.421096
-0.847100
-0.092972
-0.329095
-0.124293
-0.859807
-0.999974
0.726210
0.827020
-0.954453
-0.915519
-0.871315
0.990612
-0.452111
0.658424
-0.161133
0.567971
-0.999840
0.786960
0.665203
-0.972447
-0.704971
0.933401
0.011318
0.987980
-0.575435
-0.525080
0.978911
0.449852
0.666937
-0.424886
0.810881
-0.312406
0.644384
0.143435
0.029650
0.899562
-0.612941
0.813412
0.828746
0.180561
-0.803888
0.820057
-0.250146
-0.948744
0.617732
0.628628
0.706418
0.991004
-0.934839
0.980956
-0.708467
-0.150910
-0.982219
0.378724
-0.095196
-0.175644
-0.978993
0.035751
-0.815070
0.964313
-0.141201
0.201214
-0.429217
0.852490
0.736938
0.999732
-0.994308
-0.981534
0.581475
-0.618059
-0.981788
-0.221030
-0.843595
-0.209164
0.841090
0.212256
0.676990
0.999164
0.649077
0.105740
0.701914
0.948986
-0.827605
0.489948
-0.765938
0.756915
-0.721979
0.999427
0.962630
0.865516
0.357784
-0.995805
0.778558
0.005592
-0.258351
0.025787
-0.095212
-0.429085
-0.992276
-0.481766
0.581334
0.413903
0.075858
0.635383
-0.936378
-0.358974
-0.789784
-0.609980
0.841136
0.997811
-0.999247
0.502074
-0.043526
-0.214019
0.335559
0.796334
0.846417
-0.480811
0.915050
0.984260
-0.136021
0.143880
0.963320
0.084829
0.912746
0.230287
-0.461342
0.778008
-0.846532
-0.846133
-0.831529
-0.679834
0.573182
-0.989331
0.823866
-0.808874
-0.587248
0.465337
-0.954622
0.880025
-0.092445
0.759093
-0.366733
-0.488168
-0.899979
-0.844734
-0.802272
0.546873
-0.989645
-0.219460
0.796332
0.805906
-0.352075
-0.587431
0.178772
-0.977139
0.926756
-0.605935
-0.969966
0.079133
-0.614250
-0.976065
-0.884758
0.634545
-0.966369
-0.304043
-0.715757
0.948844
0.292620
0.777961
0.251234
0.933621
-0.787565
0.998685
-0.290981
0.988788
-0.892787
0.998843
0.499019
-0.325991
-0.994634
0.104540
0.797560
-0.533093
0.146711
-0.764611
-0.815668
0.356877
0.758006
0.573167
-0.897807
0.586466
0.839944
0.708269
0.985631
-0.999648
0.994544
0.954646
0.274061
-0.548250
-0.887187
0.563937
-0.854139
0.886382
0.999016
0.603651
-0.257684
-0.805444
0.772639
-0.494124
-0.185453
0.249179
-0.735111
-0.165288
-0.878997
-0.958285
-0.524176
0.692261
0.970371
-0.151334
-0.741800
0.383522
-0.747007
-0.463985
0.671680
0.047243
0.488183
0.986531
0.985359
0.244889
-0.969105
-0.613250
0.609377
-0.938875
0.810623
0.710420
0.377990
-0.755246
0.935393
-0.229636
0.969917
-0.172426
0.253039
0.955539
0.623187
-0.976637
-0.588220
-0.767084
0.746344
-0.999348
-0.776670
0.190556
-0.783538
-0.864939
-0.757312
-0.999308
-0.999975
-0.069485
-0.100276
0.907469
-0.197592
-0.276957
0.811736
0.216220
-0.152817
-0.677869
-0.379450
-0.502684
0.682123
-0.262733
-0.756197
0.937986
-0.991648
0.951904
-0.992610
-0.807037
-0.358606
-0.542758
0.797836
-0.917812
0.901803
0.577113
-0.476747
-0.951461
0.521310
-0.665603
-0.792955
-0.989978
0.990809
-0.954742
0.533879
0.230729
-0.964215
0.050205
0.805147
-0.116967
0.557709
-0.274865
0.879901
0.975511
-0.297675
0.067592
-0.368086
-0.933401
-0.013235
-0.563772
-0.724549
0.952267
-0.372012
0.655020
0.303410
-0.557496
0.782647
-0.022558
-0.826593
0.995158
0.572798
0.164927
0.929801
-0.044667
0.121301
0.991030
0.941748
0.998075
-0.998645
-0.106873
-0.459933
-0.611840
-0.704152
0.983606
-0.983605
0.977335
0.811663
0.726627
-0.985060
0.972308
-0.982863
0.896597
-0.456709
0.936933
-0.892273
0.964298
-0.885250
0.977220
-0.960507
-0.113385
0.320296
0.748303
