-0.606170
0.574176
0.933339
0.175862
-0.632026
0.069965
-0.667336
-0.498312
-0.914173
-0.789553
0.838640
0.325259
0.613692
0.157355
0.260104
0.343162
0.267906
0.804069
0.929586
-0.015363
-0.226537
0.161949
0.994779
0.330850
0.384135
0.969261
-0.757168
-0.559432
-0.934643
-0.592058
-0.346670
-0.721350
-0.098345
-0.065175
0.243700
-0.655193
0.679951
0.392840
-0.208369
0.924048
-0.454437
0.609334
0.735340
-0.835743
0.170170
-0.812135
-0.718101
0.248840
0.796398
-0.654467
-0.318783
-0.707499
-0.398510
0.759965
-0.435789
0.818190
-0.382154
-0.960166
0.768828
-0.717979
-0.321641
-0.562416
0.051818
-0.934413
-0.282745
0.800770
0.244674
0.452289
0.024319
-0.606376
-0.926476
-0.426577
0.787515
-0.918248
-0.677416
-0.939848
-0.879116
-0.743933
0.994554
-0.017498
0.136434
-0.802494
-0.904024
-0.970562
-0.694882
0.156431
-0.397792
0.008800
0.706859
-0.708245
-0.200271
0.667342
0.607180
0.465183
-0.873524
-0.724662
0.472776
-0.532072
-0.430880
0.758456
-0.890825
-0.755588
-0.865407
-0.751930
0.305467
-0.776992
0.879185
0.180585
0.263568
-0.466133
-0.718930
-0.137974
0.066212
-0.627689
-0.558516
-0.554482
-0.529932
-0.973031
0.325506
0.589025
-0.573259
-0.936318
0.045721
0.923304
0.783640
0.554909
-0.418743
0.121296
0.528879
-0.492126
0.883853
-0.353281
0.893971
-0.543286
-0.410441
-0.762780
-0.996418
-0.190616
0.718122
0.151330
0.889239
0.529879
0.088470
-0.619211
0.756491
0.700366
-0.735057
-0.131099
-0.868534
0.343251
-0.692728
0.843679
0.911325
0.125273
0.768267
-0.587414
-0.471962
-0.404677
0.455314
-0.201327
0.754796
0.708652
0.298548
0.492749
-0.639512
-0.829810
0.839232
-0.379864
0.073064
-0.309406
-0.418594
0.559586
-0.544395
0.368690
-0.509908
-0.009679
-0.620620
0.959066
0.448511
0.671113
-0.960808
0.978345
-0.932009
0.749214
-0.745143
-0.108021
-0.157183
0.502267
0.042774
-0.157314
0.413077
-0.125791
-0.955788
0.350248
0.298893
-0.007393
-0.587310
-0.728583
0.376338
0.971025
-0.539089
-0.758405
-0.241008
-0.058623
-0.439479
0.704749
0.903305
0.486770
-0.912027
0.884827
-0.502186
-0.730615
-0.977969
0.094196
-0.211288
-0.600530
-0.611655
0.197190
-0.405170
0.463015
-0.354174
0.523371
0.396938
0.169759
0.708753
0.028353
-0.242769
0.345175
0.670101
-0.272451
0.704762
-0.625665
0.111737
0.864731
0.462190
0.178548
-0.045806
-0.269202
0.573055
0.205503
-0.453843
0.300305
0.624597
0.248990
-0.839309
-0.081500
0.633069
-0.430257
0.897343
-0.374374
0.766198
-0.948863
0.313425
0.791844
-0.241919
-0.574230
0.187722
-0.620808
0.998022
0.839380
-0.665988
0.568420
0.803587
0.373116
0.945455
-0.495539
0.754107
0.910734
-0.863810
0.330300
-0.494671
-0.998292
-0.044870
0.539875
-0.240057
-0.927430
0.310751
-0.093684
0.293810
0.672955
0.574474
-0.103301
-0.017691
0.873881
-0.803761
0.578567
0.352163
-0.902865
0.473463
-0.803214
0.310491
-0.271891
-0.402800
0.869635
-0.357515
0.707065
0.881577
-0.047830
0.629209
0.547351
-0.036149
0.051397
0.224904
-0.182503
-0.679937
-0.125590
0.243823
0.890644
0.343963
0.723596
-0.966122
-0.256397
0.801024
0.774230
0.457133
-0.547411
-0.918499
-0.559145
-0.142445
-0.313878
-0.033766
-0.401360
0.217587
-0.499309
0.698672
0.110488
-0.895626
0.001377
-0.301670
-0.463332
-0.863037
0.407211
0.696450
0.153456
0.552367
-0.703450
-0.490502
-0.464535
-0.558229
-0.889260
-0.916371
0.249145
-0.374046
0.051237
-0.103089
-0.261843
-0.052602
0.581511
-0.441235
0.058307
-0.587724
0.367722
-0.116623
0.386220
0.711204
0.425343
-0.848900
0.769700
0.233661
-0.897977
-0.667471
-0.805773
0.751722
-0.862142
0.668294
0.869976
-0.035988
0.599846
-0.920841
-0.992701
-0.344865
0.365393
0.344872
-0.248756
0.588454
-0.066223
0.749957
0.292438
0.738592
0.028559
0.290591
-0.843335
-0.714603
0.824974
0.402888
0.594493
-0.829905
-0.888098
0.476256
0.566559
-0.289073
-0.910855
0.636723
-0.520806
0.027234
-0.648150
-0.875383
0.181553
-0.435458
0.218162
0.688632
-0.144339
-0.282837
0.813832
0.998556
-0.880319
-0.932667
0.448141
0.628743
0.370959
0.125093
-0.090167
-0.211150
0.769364
0.754033
-0.411799
0.893925
0.712857
0.995891
-0.267936
0.760939
0.714948
-0.854722
-0.686962
-0.687857
0.933518
-0.522145
0.731739
0.550525
0.696612
0.632571
-0.854287
-0.800482
0.896965
0.696338
-0.113149
0.861669
0.000297
0.709769
-0.429395
0.918938
-0.551764
0.742255
-0.299098
-0.697581
0.721400
0.957245
-0.047226
-0.678361
0.891381
-0.120712
-0.686385
-0.770958
-0.815206
0.479249
-0.380875
0.837540
-0.823615
-0.030982
-0.308477
0.559999
0.383212
0.048660
-0.756828
-0.607561
-0.874343
0.368138
0.626900
-0.838139
0.996874
0.703347
0.725684
-0.725721
0.075792
-0.965399
-0.535770
0.327410
-0.884418
-0.032300
0.751379
-0.868062
0.925382
-0.518917
-0.768293
0.102384
-0.902004
0.374101
0.865818
0.823312
0.613536
-0.462716
-0.788788
0.399708
-0.972519
0.074866
0.716548
0.881148
0.902071
0.883281
-0.681935
-0.396953
-0.418774
-0.406119
-0.962709
0.559908
0.871739
-0.555600
0.903686
0.729936
-0.847469
0.653820
-0.027987
0.768402
-0.205253
0.430137
-0.846770
-0.754702
0.689055
0.649653
0.243536
0.319008
0.305225
-0.654735
0.472689
0.073376
0.974926
-0.190340
-0.940242
0.483562
0.439691
0.507622
0.324513
-0.636162
0.008309
-0.100413
-0.348428
-0.992046
0.297581
0.047688
-0.072331
-0.705370
0.416751
-0.503344
0.223042
0.238045
0.891027
-0.381933
0.649744
0.632116
-0.580720
-0.372249
-0.951838
0.210793
-0.443062
0.273666
0.742443
0.011037
0.014898
0.892054
0.276591
-0.599981
0.668534
0.963893
-0.095835
0.333667
-0.396919
0.288137
-0.083676
0.947924
0.014472
0.170215
-0.093187
0.129558
0.522592
0.205869
-0.642177
-0.029691
-0.129433
-0.547685
0.559047
0.524712
0.597279
-0.048712
-0.088645
-0.179682
0.062593
-0.961316
0.964732
-0.176628
0.488804
0.551770
-0.636291
-0.194385
0.905461
-0.491909
0.457376
-0.576363
0.547414
0.967454
-0.473127
0.770393
-0.488293
-0.138285
-0.520497
-0.881097
0.849408
0.460155
0.890012
0.742582
-0.592984
0.160652
0.481382
0.654936
0.978560
-0.833609
0.572414
0.217450
-0.683023
0.953426
-0.239226
-0.752553
0.607788
0.708952
-0.543581
0.609302
0.181421
-0.519111
0.288548
-0.524472
-0.040722
-0.086656
-0.786362
-0.695106
-0.713998
-0.746746
-0.159822
0.720093
0.314450
-0.815580
-0.237035
-0.834113
-0.542882
0.335222
0.629819
0.588039
0.927504
-0.910191
0.923891
-0.743915
-0.726436
0.200616
-0.015985
-0.014588
0.009710
-0.924684
-0.499762
0.695342
0.764466
0.648237
0.986963
0.091611
0.990496
-0.032420
0.856664
-0.140537
-0.122316
-0.301732
-0.497748
0.726786
0.448598
0.559291
-0.506557
-0.761874
0.911034
0.569259
0.815916
0.251003
-0.776091
0.359198
0.470387
0.885454
-0.976461
0.905102
0.905349
-0.573648
-0.103941
0.325916
0.589786
0.233763
-0.653013
-0.236142
-0.618326
-0.337571
-0.371545
0.444740
-0.909571
0.417374
-0.386567
-0.310319
-0.980546
0.850643
0.665348
0.549631
0.511885
-0.682182
-0.641353
-0.045475
0.966047
0.825239
-0.882380
-0.698913
-0.266762
-0.997341
0.334979
0.727865
-0.839044
0.424071
0.499644
0.136801
-0.974557
-0.792592
0.971394
0.520727
0.683322
0.184373
0.314715
-0.582328
0.766169
0.566970
0.614517
0.071213
-0.961142
0.529060
0.554727
0.414968
0.584208
0.754706
-0.632234
0.570903
0.251931
0.034325
0.991558
0.356596
0.529790
0.631956
0.769916
0.482324
0.094255
0.753807
-0.579599
0.436591
0.274407
0.575290
-0.986565
-0.470131
-0.175461
0.970741
0.071562
-0.619273
-0.326838
0.058940
-0.612890
-0.661628
0.967840
0.892080
0.755863
-0.345414
-0.505110
-0.900892
0.898540
-0.305904
-0.261615
-0.431091
-0.718918
0.931946
0.107618
-0.231824
0.111952
0.251268
-0.557628
-0.884858
-0.746783
0.924632
-0.521349
-0.955664
0.421612
0.530985
0.423628
-0.743556
-0.991519
0.437464
0.513169
-0.193600
-0.675900
0.270877
0.197931
-0.655287
0.470330
-0.608192
-0.339300
-0.257635
0.963654
-0.635287
0.841146
-0.826272
-0.696074
0.669440
0.466933
-0.221578
-0.959721
-0.850505
-0.302238
0.903430
0.454207
-0.237059
0.820253
-0.718295
0.880341
-0.693533
0.472135
0.993449
-0.635577
-0.080248
0.399520
0.024387
0.520763
-0.844627
-0.018203
0.523516
0.803291
0.232103
0.345396
0.208475
0.776001
-0.361290
-0.165235
0.980452
-0.665028
0.938175
0.783960
0.210452
0.173762
0.118798
0.433276
0.274284
0.616981
-0.405417
0.452286
0.299936
0.396330
0.323175
-0.872659
-0.914411
0.656345
0.973776
-0.116735
0.203735
-0.529811
-0.971473
-0.010323
-0.710293
0.724385
0.760416
0.819968
0.720092
0.295117
-0.459790
-0.503032
-0.676610
0.898873
-0.147324
-0.155012
0.850498
0.159928
0.993859
0.632378
-0.577068
0.760575
0.321101
-0.145370
0.686826
0.342080
0.875937
0.790414
0.446564
0.879953
0.247441
0.524361
0.781670
-0.290060
-0.704571
0.194979
0.558065
0.165240
-0.902829
-0.882604
-0.798239
0.770977
-0.888141
-0.363791
-0.505126
0.857210
-0.233636
-0.739711
0.679396
0.874113
0.674247
0.947679
-0.625753
0.228953
0.229977
0.540136
-0.960080
0.402926
-0.832902
-0.756190
0.621177
0.482278
-0.684405
-0.774540
0.910119
-0.263325
0.334406
-0.539588
0.981906
-0.834799
-0.881033
-0.002721
-0.909942
0.297685
0.680416
0.363225
-0.669578
-0.222363
0.598057
-0.093608
-0.543373
0.165472
0.806408
0.763000
0.881574
-0.097144
-0.377241
0.466389
0.889030
0.585815
-0.370091
-0.122966
-0.973547
0.501529
-0.317082
0.623673
0.643507
0.643657
-0.858173
0.772975
0.338851
0.941853
-0.206787
0.051307
-0.986689
-0.848202
-0.647744
-0.741087
0.676295
-0.292008
0.172432
-0.963958
0.868105
-0.581937
-0.739444
-0.712176
0.810447
0.608093
-0.203206
0.914333
-0.101391
0.594976
-0.732046
0.152747
0.802310
-0.389509
0.122145
-0.709647
-0.028353
0.976178
0.720290
-0.303514
0.729510
-0.514659
-0.432307
-0.517265
0.573845
-0.634491
0.413811
-0.239223
0.381726
-0.565543
-0.792135
-0.940036
0.334833
0.366845
-0.279542
-0.589105
-0.811792
-0.597564
0.113780
-0.888995
-0.035719
0.838873
-0.243951
-0.927962
0.377484
-0.542514
0.451057
0.213038
-0.773644
-0.030716
-0.312956
0.767435
0.818167
0.507792
-0.902150
-0.361690
-0.630426
-0.854394
-0.744328
0.917069
0.758205
0.741880
-0.831876
0.988624
0.730211
-0.057077
-0.021952
-0.099768
-0.421033
0.916100
0.755511
0.419970
-0.189972
0.907425
-0.147662
0.757312
-0.937104
-0.702323
0.969070
0.280058
0.823228
-0.924644
0.279752
-0.092970
0.603720
0.240875
-0.076148
0.350108
0.035349
-0.679495
0.714237
0.883594
0.935729
0.919177
-0.078472
0.427951
-0.432150
-0.924395
0.923726
0.639240
0.835321
0.272852
-0.291355
0.633348
-0.707029
-0.272254
-0.626394
-0.640317
-0.480125
0.000494
-0.222236
0.604908
0.221250
-0.275909
-0.559413
0.761234
-0.155407
0.614834
-0.614648
-0.285889
0.013842
0.242177
0.695863
-0.295813
-0.723395
-0.323304
0.796527
0.865755
-0.941889
-0.500670
0.286076
0.987189
0.447782
0.771082
0.981633
-0.042892
-0.310655
-0.392352
0.099679
0.415779
-0.279374
0.121490
0.970416
-0.129544
-0.288083
0.948322
-0.511178
-0.969621
-0.775092
0.383203
-0.106717
0.476892
0.981927
-0.452035
-0.182149
0.959711
0.410746
-0.520210
-0.120524
0.323524
0.903723
-0.633274
0.942623
0.290677
0.562193
0.936947
0.335904
0.216191
-0.695611
-0.664123
0.417144
-0.101427
0.440765
0.304091
-0.811647
0.020826
0.432607
-0.598288
0.043654
0.332118
0.756059
-0.912586
-0.692136
0.447287
0.695747
0.914776
0.147722
-0.219474
0.518091
-0.906524
0.822364
-0.048030
0.699133
0.045203
0.757580
-0.243241
0.416108
-0.935635
0.857122
0.197999
0.479363
-0.528198
-0.262804
0.376828
0.905911
-0.161483
0.832133
0.915742
0.083668
-0.416557
-0.384382
-0.975691
-0.436288
0.699633
-0.709665
0.221540
0.375267
-0.219623
0.130089
0.904020
0.892894
0.439128
-0.418293
-0.595652
-0.656311
-0.420561
0.602588
-0.840933
0.666255
0.539016
-0.489440
-0.981646
0.541533
-0.725260
-0.303841
0.805916
-0.193236
-0.882011
0.096506
0.291078
0.955265
0.548056
-0.394225
-0.229918
0.449361
0.537078
-0.638144
0.424618
-0.655824
-0.102959
-0.199701
0.569427
-0.418443
-0.997830
-0.743646
-0.001687
-0.624522
-0.983696
-0.513476
-0.899500
0.598910
-0.667988
0.406813
0.225482
-0.988013
-0.238276
-0.580050
0.880565
-0.600438
0.962000
0.018352
-0.684225
0.339758
-0.511753
-0.466069
0.371114
0.656069
0.291216
-0.353139
-0.841929
-0.958416
-0.117326
-0.117696
-0.996268
-0.762752
-0.540456
0.597360
-0.704463
0.056699
0.071933
0.423404
-0.387661
0.853703
0.211441
-0.137742
0.835132
0.862990
0.135443
-0.473640
0.365122
-0.063025
-0.407439
-0.386505
0.723257
-0.846191
-0.293355
0.648551
-0.207911
-0.296967
0.850636
0.442055
-0.644805
-0.674674
-0.423931
-0.714099
-0.508213
-0.057681
-0.938023
0.085134
0.766823
0.973716
0.768511
-0.284950
-0.979256
-0.528334
-0.524315
-0.199159
-0.604866
0.522837
-0.478423
-0.090929
-0.520734
-0.830962
0.790504
0.022252
0.680332
0.912335
0.849632
0.096459
-0.486947
-0.016084
0.434577
0.610892
0.971691
0.166778
-0.556265
-0.199713
0.363133
-0.136706
0.503619
0.378139
0.065103
0.285058
0.729266
-0.512731
-0.614828
0.713062
0.558181
0.095258
0.594119
0.908365
-0.758526
-0.372352
-0.640291
-0.020926
0.076855
0.185469
0.107167
-0.620271
0.853670
-0.435545
0.792866
-0.124640
-0.762996
-0.530659
-0.998332
-0.819656
0.887566
-0.219802
-0.740308
0.262596
0.071712
0.933720
-0.695766
-0.054108
0.828320
0.433281
0.365796
0.834289
-0.336063
-0.125666
-0.973115
0.731435
-0.785540
-0.145801
0.636527
0.195938
-0.269088
0.377529
0.218233
-0.229258
0.938455
0.009032
0.424159
-0.087942
0.941513
-0.618702
-0.691668
0.481885
0.907272
0.401694
-0.810565
-0.242856
0.547296
-0.997855
0.408505
-0.359254
0.685619
-0.417129
0.365696
-0.814954
0.958014
0.542379
-0.680474
0.698497
-0.934545
0.121223
0.973017
0.865476
-0.006340
0.040927
-0.715789
0.287704
-0.991391
0.889662
-0.184743
-0.188572
0.862542
0.077471
-0.217742
-0.601315
0.238216
-0.420306
0.747223
0.494340
0.678661
0.263387
0.703869
-0.924732
0.642720
-0.485472
0.224435
0.394921
-0.527958
0.665174
-0.463757
0.208955
0.410449
-0.822925
0.363254
-0.191358
0.925856
0.670993
0.990502
0.031001
0.798559
0.946395
-0.799285
0.172346
-0.474014
0.220879
-0.160811
-0.030480
-0.583954
-0.114770
-0.791020
0.860150
-0.862649
-0.589847
0.776189
0.972269
-0.841830
0.525173
0.207080
0.628212
-0.658750
0.586793
0.038897
-0.735974
-0.238564
0.875510
0.977933
-0.811037
0.909009
-0.820938
-0.066027
0.803384
-0.090610
0.829589
-0.825985
-0.540842
0.180423
0.986767
0.338381
-0.648719
0.833641
0.035533
0.267614
0.116635
-0.476694
0.289347
-0.748637
0.824298
0.282252
-0.144830
-0.031963
0.040400
0.991881
0.562630
0.224886
-0.477052
0.428039
-0.979684
-0.703025
0.878037
-0.849994
0.971652
0.230045
-0.424158
0.111147
-0.493534
-0.307607
-0.179363
-0.888774
0.663920
0.861359
-0.725276
-0.217369
-0.666830
0.172037
0.805511
-0.131177
0.867275
0.768125
0.959028
-0.313363
0.242798
0.572968
0.752149
0.658471
-0.818800
0.210279
0.771595
0.450571
0.287839
-0.858324
0.002570
0.539794
0.453245
0.790071
0.366094
-0.403479
-0.156819
-0.032705
0.362909
0.273974
-0.379573
0.778581
-0.846288
-0.033227
0.122006
-0.901408
-0.662572
0.866279
0.433672
0.744892
-0.259574
0.150574
-0.753794
0.606501
-0.978623
-0.415298
0.080206
0.964825
-0.423985
0.932611
0.570023
-0.473965
-0.990117
0.050358
0.048476
0.389849
-0.638185
-0.317788
-0.749828
-0.030451
-0.119497
0.561760
-0.308013
-0.030545
0.434370
0.094057
-0.408646
0.064232
0.914823
-0.988441
-0.460326
0.340022
-0.261768
-0.865934
-0.346091
0.651217
-0.358968
-0.574868
-0.497956
0.947790
-0.546281
-0.149512
0.102085
0.747148
-0.842857
-0.061737
0.481432
-0.569769
0.711286
0.886382
0.054869
-0.816542
0.597797
0.686750
-0.986690
0.656693
0.914689
0.551001
0.616022
-0.186961
0.680280
0.006200
-0.914687
-0.516682
0.190016
-0.213754
-0.973951
0.793981
-0.244557
-0.591773
0.487955
0.602759
0.068657
0.738917
-0.524309
0.115752
0.297135
-0.155986
-0.599993
0.471900
-0.870039
0.901224
-0.786035
-0.912260
0.570684
0.611798
0.245344
-0.384504
-0.947977
0.993549
0.670251
0.319280
0.674593
0.612389
0.199476
-0.359900
0.268677
-0.930235
-0.111943
-0.109266
0.208888
0.658690
0.943055
0.416738
-0.869532
0.135243
0.410798
0.877539
0.067504
0.551301
-0.440355
0.420247
0.339246
-0.734152
-0.533685
0.871595
-0.531086
-0.089404
-0.167845
-0.385960
-0.504277
0.854204
-0.746658
-0.627827
-0.877037
-0.897891
0.275357
-0.904111
-0.502801
-0.850730
-0.369883
-0.797472
0.389114
-0.520357
-0.570243
0.799124
0.982460
-0.229101
-0.593682
0.456420
-0.193507
0.847232
-0.928570
-0.990583
0.438182
0.202796
0.617916
-0.621217
0.887343
-0.320668
-0.924106
0.309188
0.873799
-0.301611
0.520885
-0.741528
0.966210
-0.171567
0.594140
-0.757758
-0.891891
0.761275
0.612612
-0.060299
-0.874134
-0.656221
0.861996
0.726113
0.754000
-0.976494
0.279760
-0.115840
0.345541
0.552979
-0.533718
0.327609
0.339741
0.001031
0.265221
-0.003844
0.698262
-0.972857
0.945312
0.855602
0.636069
-0.123925
0.579718
0.591168
-0.626261
-0.392533
-0.852007
0.560209
-0.142181
-0.126657
-0.655975
-0.686887
0.647257
0.335765
-0.700806
-0.881348
0.238713
-0.511030
-0.539324
-0.667881
0.227421
-0.151352
-0.212458
-0.033124
-0.269859
-0.816958
-0.881392
-0.604245
0.956212
0.442602
0.259119
0.633606
0.714311
0.638430
-0.411897
0.514510
-0.054445
-0.537272
-0.271160
-0.739855
0.152589
0.823315
0.670486
0.337378
-0.762136
0.328724
0.231226
0.402844
-0.161612
0.368826
-0.322474
0.105076
0.605061
0.805334
-0.577676
0.910810
0.588677
-0.397136
0.664623
0.156874
0.667966
-0.772510
-0.138291
-0.610212
0.520539
-0.468051
-0.089835
0.168834
-0.602179
-0.535953
-0.757375
-0.187751
0.130660
-0.087341
0.634521
0.196699
-0.198428
0.760680
0.145617
-0.714709
0.978027
-0.987418
-0.829645
-0.219051
-0.804197
0.825071
0.133503
0.885137
-0.808552
-0.802898
-0.095299
0.798989
0.610548
0.884812
-0.976828
-0.119098
0.855611
0.793667
0.218276
0.485946
0.429308
-0.350639
-0.596095
-0.081584
-0.740648
0.319664
0.827827
-0.461521
0.797947
0.061935
0.679872
0.897843
0.880302
-0.861228
-0.757898
0.681695
0.292796
0.454144
0.651144
0.447238
0.889881
0.327596
0.579945
-0.650214
-0.812927
-0.846031
0.646177
-0.038932
-0.836355
-0.875807
-0.433272
-0.211589
-0.233752
-0.597000
0.747735
-0.805312
0.951966
0.221238
-0.468706
-0.840321
0.060658
0.536728
-0.440445
0.937761
0.992395
0.462234
0.889756
0.020383
-0.102466
-0.428067
0.668279
0.613405
-0.706958
0.970836
-0.136676
0.960090
-0.197987
-0.281063
-0.882213
0.415940
0.366331
-0.581841
0.904567
-0.995335
0.983219
0.331894
-0.884520
0.115624
-0.351649
-0.853788
-0.580185
0.629254
-0.993745
-0.429742
-0.750678
-0.894514
0.499231
0.064432
0.067176
-0.676952
-0.975546
0.376991
-0.496117
-0.811412
0.210028
-0.536414
-0.394303
-0.189919
0.496538
-0.305465
0.799384
-0.432570
-0.795458
0.131311
0.216021
0.663204
-0.083080
-0.342192
-0.687097
-0.983491
0.502025
0.057975
0.202931
0.752092
-0.382127
-0.539253
0.562176
0.663335
0.173316
-0.955807
-0.789832
-0.117110
-0.450198
0.585302
-0.939679
-0.985326
-0.152738
0.853229
-0.423540
-0.493451
-0.938897
-0.156925
0.587386
-0.018582
-0.971328
0.775607
0.734925
-0.046567
-0.277555
-0.845125
0.993222
0.360894
-0.241302
-0.750853
0.059768
0.498067
0.895125
0.795433
-0.602607
0.525171
0.173694
-0.972034
-0.497549
-0.379960
0.531557
-0.122146
0.690416
0.014582
-0.105275
-0.791534
-0.289284
0.772136
0.161120
-0.141047
-0.192956
-0.462401
0.398495
-0.653897
0.750385
-0.249771
0.403637
0.731445
-0.624596
-0.230978
-0.448637
-0.169814
0.469689
0.921287
-0.836984
-0.204061
-0.689411
-0.758931
0.580583
0.057024
-0.827453
0.970933
-0.291282
-0.229252
-0.978897
-0.446733
0.402089
-0.405233
-0.438760
0.413490
0.592102
-0.941677
-0.387066
-0.388422
-0.446311
-0.764246
-0.780967
-0.198734
-0.118225
0.666462
-0.468447
-0.608981
-0.788614
-0.573927
-0.781663
0.432789
0.348205
-0.626539
0.935478
0.253564
0.059076
-0.443806
0.139573
0.877493
-0.791891
-0.634677
-0.853682
0.200619
0.041663
-0.779174
0.377946
0.952496
0.243250
-0.265996
-0.320202
0.586654
0.090925
0.166300
-0.114470
-0.030053
0.177806
0.210472
0.507183
-0.944880
-0.735624
-0.148459
0.568742
0.167781
-0.331716
-0.300424
-0.521078
-0.492111
-0.898170
-0.893739
-0.445917
-0.330188
0.278162
0.548868
0.354378
0.797693
-0.471928
0.944491
-0.637560
0.312043
0.635370
0.607444
0.899299
-0.306482
-0.387070
-0.460615
-0.430124
-0.961823
-0.678076
-0.114067
-0.779054
0.510652
0.293577
0.673227
-0.807710
0.239040
0.226414
-0.172644
-0.447282
-0.605468
0.394647
-0.951638
-0.146692
0.536650
0.299080
0.981072
-0.636406
-0.146743
-0.315917
-0.744794
-0.040468
-0.073760
0.786710
0.857427
-0.304073
-0.922745
-0.371602
-0.519494
-0.304468
0.764868
-0.329888
-0.919268
0.413311
-0.368774
-0.878824
0.448173
-0.891751
-0.711418
-0.108347
0.727526
-0.734326
0.663862
-0.862344
0.982302
0.776071
0.108483
-0.455847
-0.057803
0.550917
-0.825003
0.984965
-0.257616
0.162340
-0.832146
0.869893
0.470275
0.537858
0.334699
0.210206
0.769813
0.657975
0.389635
-0.066650
0.952656
-0.772176
-0.254510
0.873658
-0.864323
0.985241
-0.944564
-0.782708
-0.071235
-0.652985
0.267199
-0.530927
0.586377
-0.929515
-0.677467
0.779771
0.188792
0.409200
0.945605
0.371160
-0.661903
0.284872
-0.288973
0.725133
-0.301889
0.046135
-0.588600
-0.351784
0.989046
0.071536
-0.712364
-0.490855
-0.245092
0.923967
0.518254
-0.210853
-0.560998
0.983748
0.467859
0.644674
0.451497
-0.627258
0.784563
0.871859
0.335700
-0.132837
0.518032
-0.434403
-0.478811
0.567008
0.720611
-0.745429
0.883010
0.229596
0.474143
-0.102351
-0.611257
0.902427
0.425794
-0.277696
0.928449
0.755880
-0.029466
-0.602521
-0.060659
-0.553628
-0.301104
0.660621
-0.144222
-0.434860
-0.065793
-0.243197
0.930878
0.916758
0.952577
-0.267430
0.830622
-0.256819
0.059499
0.241174
0.714538
0.086080
-0.338447
-0.467723
-0.747965
0.578394
-0.617469
-0.619746
-0.310114
0.325201
-0.354251
0.622366
0.566117
0.377178
0.573523
0.008493
-0.114799
0.795982
-0.234157
0.992197
0.556889
0.588749
0.844174
-0.170898
-0.758187
-0.432828
-0.971947
0.967101
-0.517484
0.932010
-0.723842
0.713203
0.974158
-0.850697
0.260788
-0.795351
0.570444
0.733397
-0.667601
0.994169
0.590328
-0.723103
-0.513600
0.984259
0.517974
-0.841473
0.908854
0.340178
0.293150
0.098359
-0.486363
-0.443807
0.121703
0.338929
0.200252
0.223203
0.798611
-0.144513
0.988871
0.734015
0.120584
0.661871
-0.834166
0.547527
0.852336
-0.588239
-0.290898
-0.088479
0.480223
0.334462
0.416621
-0.991158
-0.663766
0.509285
-0.296143
-0.484158
-0.224944
-0.494589
0.367748
0.320223
-0.230752
0.016218
-0.320444
0.693493
0.927955
-0.510649
0.507593
-0.194914
0.527781
-0.681158
0.952315
0.826103
0.660978
-0.060319
0.846130
0.479975
-0.480627
-0.256124
-0.880167
-0.147487
-0.069499
0.004388
-0.836819
0.800542
0.652309
0.262166
-0.815513
0.973250
-0.149595
-0.260873
-0.611084
-0.200037
-0.818415
-0.933081
0.747521
-0.340796
-0.223081
-0.550469
0.260050
0.997507
0.906157
0.432301
-0.419102
0.309327
-0.917615
-0.744914
-0.145406
0.876536
-0.283853
0.585679
-0.649798
0.504592
0.376039
0.265063
-0.718534
0.741932
0.093210
0.249369
-0.812446
-0.270934
0.910062
0.729210
0.365206
-0.717080
-0.098915
-0.343483
0.603837
0.201683
0.930253
0.467946
0.391331
-0.641085
0.523149
0.733591
0.771662
-0.817511
-0.769034
-0.942675
0.768232
0.841336
0.646342
0.799924
-0.827412
-0.116152
-0.628919
-0.505061
-0.091346
-0.828751
-0.170278
-0.632206
-0.857518
0.654351
-0.989722
0.958010
0.457155
0.386504
-0.745442
0.659211
-0.192249
0.799603
-0.542218
-0.692877
0.028660
-0.143001
0.917965
-0.638369
0.599482
0.978451
-0.896511
-0.331899
0.797826
-0.098920
-0.423243
0.984363
0.249689
0.334014
-0.823966
-0.323841
0.900779
-0.981565
-0.677543
0.906042
0.297756
-0.210902
0.709992
0.848152
-0.299338
0.896498
0.079868
-0.387389
0.421679
0.021126
-0.927337
0.018291
0.392517
0.598632
0.709668
-0.166027
-0.145770
-0.918467
-0.733988
0.377819
0.900766
0.805572
-0.329769
0.999405
-0.510974
0.430724
0.134484
0.398922
0.312930
0.856059
0.916132
0.975412
-0.915158
0.787251
0.769765
-0.214313
0.523503
0.597509
-0.193409
-0.328552
0.571325
-0.728514
-0.475622
-0.154223
-0.690967
0.545860
-0.873729
-0.463415
-0.217442
0.805071
0.775542
-0.458232
0.592561
0.777277
0.170714
-0.188831
-0.822334
0.939757
0.474240
-0.533549
0.135587
-0.192100
-0.868368
-0.674812
-0.347042
-0.697474
0.568523
0.534319
-0.374583
-0.646936
-0.883068
0.092068
0.220380
-0.097355
-0.839978
-0.143772
0.731631
0.026529
0.278983
-0.394663
0.712919
0.055643
-0.625398
0.228911
-0.466381
-0.775402
0.910808
0.548676
-0.065748
-0.830745
0.041879
-0.199919
-0.936668
-0.526951
-0.762695
0.518231
-0.603072
0.694756
0.689190
0.947096
0.435412
0.968312
-0.149330
0.787777
-0.303576
-0.890195
-0.079965
0.859914
0.883656
0.069764
0.198229
0.103515
0.979903
0.878348
0.878120
0.713427
-0.692352
0.728302
0.778851
-0.062695
-0.670914
0.381794
-0.880827
-0.251910
0.316798
0.864109
0.588911
-0.658093
-0.782053
-0.505290
0.159157
0.797970
0.502499
-0.605125
0.890234
0.809888
0.628727
0.085128
0.671547
0.483877
-0.432895
-0.068339
0.324336
-0.242085
0.822703
-0.203395
-0.113226
-0.392673
0.908699
-0.567255
0.674960
0.577385
0.579326
-0.982426
0.873640
0.833912
0.913564
-0.376643
0.101455
0.452925
0.738129
-0.540837
0.264463
-0.174738
0.446590
-0.794394
-0.997154
-0.093185
0.170120
0.868244
0.428547
-0.735932
0.517507
-0.568952
0.356781
-0.524206
-0.211193
0.066248
0.729353
-0.975746
0.957352
-0.020286
0.179648
0.739675
0.743031
-0.754107
-0.911316
0.066313
-0.287963
0.875747
-0.712564
-0.393806
0.584236
-0.945234
0.665501
-0.882932
0.640862
-0.304255
0.170283
0.984575
0.302248
-0.720468
-0.672654
-0.147383
-0.447604
0.176698
0.659590
0.285868
-0.372586
-0.412849
-0.172884
-0.217288
-0.780685
-0.332492
-0.758077
-0.504709
-0.292380
0.225928
-0.237274
0.014128
0.768566
0.718710
0.342974
-0.795648
0.781227
0.009649
0.133920
-0.561195
-0.347689
0.924355
0.373451
0.365891
0.372857
0.783721
-0.042501
-0.549685
-0.733741
0.675837
-0.122177
0.851978
0.947753
-0.297774
-0.091157
0.186324
-0.990409
-0.266540
-0.975065
-0.501500
0.610726
0.171561
-0.788560
0.445513
-0.308002
0.152158
-0.017857
0.492187
0.150351
-0.641414
0.935804
-0.385568
-0.152406
0.097139
0.299038
0.337738
-0.472975
-0.771280
-0.485944
0.486928
-0.317573
0.739357
-0.842077
0.010499
-0.496924
-0.072100
0.966025
0.417181
0.531685
-0.003827
-0.350293
0.994149
0.199726
-0.145348
-0.235630
-0.477704
-0.297584
0.964541
0.163267
0.119788
0.061994
-0.422387
0.902849
-0.775259
-0.599516
0.473029
-0.374677
-0.153600
0.908848
-0.503401
-0.741269
-0.550335
0.510223
-0.815128
-0.154804
0.132074
0.285131
-0.138958
0.881014
-0.054574
-0.576705
0.828511
-0.529872
-0.280617
0.279052
0.754928
-0.730596
-0.671363
0.702599
-0.213904
-0.999901
-0.938470
-0.305332
0.462211
0.529367
0.535533
-0.247689
0.011238
-0.839843
0.244058
0.644962
-0.696692
0.944988
0.763526
0.106788
0.693999
-0.379636
-0.267682
0.814945
0.894988
0.262852
0.145942
-0.393958
0.101748
-0.842336
-0.685643
-0.013229
-0.595829
0.403437
-0.558895
-0.318532
-0.688262
-0.991939
0.955620
-0.787518
0.879152
-0.460547
0.726752
-0.179924
0.249580
0.599830
0.840052
-0.122035
0.447213
-0.407222
-0.868674
-0.258953
0.039014
-0.878640
-0.222942
-0.653182
0.694648
0.813631
-0.618539
0.205129
-0.397291
0.136865
0.520849
0.701246
0.477159
-0.671243
0.747887
0.093063
-0.078439
0.933998
0.513107
0.813452
-0.154255
0.835542
0.245872
-0.516474
-0.407482
-0.578029
0.702124
-0.413937
-0.987262
0.188049
0.629696
0.508833
0.285738
-0.448863
-0.401732
0.173046
0.794242
0.316539
0.721484
0.439207
0.894687
0.730436
-0.157328
0.186892
0.269265
0.490485
0.933995
0.466598
0.652775
0.192070
0.395918
-0.379986
0.090285
0.055863
0.884799
-0.250626
0.780928
0.636313
0.582270
0.313350
-0.464143
-0.123217
-0.273254
-0.151711
-0.922877
-0.827035
0.664359
0.626876
0.796249
-0.099630
0.138764
0.068159
0.870826
-0.556100
0.596732
-0.945675
0.354863
-0.283893
0.489398
0.309902
0.312471
0.789403
-0.876315
0.328059
0.663988
-0.718280
-0.878136
-0.985438
-0.850936
-0.093237
-0.871683
0.910888
0.002881
-0.601896
-0.099494
0.563328
-0.166851
0.661280
-0.906590
-0.443817
-0.055698
-0.294899
-0.032244
-0.398454
0.070335
-0.832561
-0.622327
0.118252
-0.219667
-0.802563
-0.126979
0.292895
-0.927240
-0.176736
0.785095
0.275185
0.542941
0.698149
0.378553
0.780836
0.987845
0.998620
0.382329
-0.237372
-0.177711
-0.718049
0.675700
-0.494963
0.215152
0.847641
0.508275
-0.837143
0.951172
-0.784156
0.362891
-0.025693
0.924264
0.676549
0.086766
0.538160
-0.701865
0.883774
0.229577
0.148830
-0.696526
0.670261
0.493128
-0.412390
-0.724435
0.420327
-0.402393
-0.566505
-0.845068
-0.702682
0.801810
0.749035
-0.551305
0.792999
0.255747
0.873699
0.616157
-0.293438
-0.729821
0.851350
-0.455242
-0.588080
-0.793173
0.685061
0.016263
0.431636
0.158782
0.858510
-0.648360
0.933767
0.178440
0.271083
-0.539690
-0.740098
-0.013593
-0.330038
0.702945
-0.254336
0.095515
0.656909
0.365019
0.302326
0.960295
-0.060486
0.436120
0.613361
0.598408
0.938811
-0.592698
0.950048
0.046581
-0.127831
0.827048
0.714006
0.881489
0.934221
0.694177
0.722552
0.936220
0.116315
-0.843837
0.257184
0.618458
0.582026
0.034191
-0.932312
-0.954702
0.132287
-0.379006
-0.464298
-0.576695
0.978359
-0.678173
0.105466
-0.222083
-0.980736
-0.813469
-0.531781
0.434860
0.072245
-0.691633
-0.940484
-0.104629
-0.585278
-0.681825
-0.518236
0.519720
0.029089
0.664443
-0.936002
0.947290
-0.724786
0.325840
-0.091758
0.223802
0.320344
-0.290305
0.486365
0.473943
0.188889
-0.090437
-0.582709
0.385685
0.042615
-0.774888
0.290310
0.695347
0.847091
0.556147
0.221794
0.679001
0.080240
-0.516738
-0.777761
-0.726873
0.057662
0.602684
0.813041
0.885209
0.557386
0.861894
0.862399
0.020436
0.215072
-0.473407
0.177090
0.860170
-0.960541
-0.389754
0.159819
-0.753166
-0.455253
-0.775945
-0.688827
-0.727367
-0.548221
-0.392978
-0.034242
0.126688
-0.886534
-0.856227
0.044945
0.696801
-0.133666
0.584559
0.641392
0.735736
0.099443
0.678952
-0.776508
-0.622876
0.865848
0.778938
-0.894903
-0.714385
0.865248
-0.173642
-0.216807
0.886297
-0.308876
0.144646
0.490059
-0.858052
0.948324
-0.483094
-0.763381
0.466705
0.046797
-0.132291
0.311824
0.889617
-0.560081
0.286867
-0.403344
0.991944
-0.264368
-0.347548
-0.842857
0.737328
-0.192972
-0.152880
0.617791
-0.726891
-0.268034
0.630263
-0.865114
0.625661
0.242309
0.780110
0.175193
0.814504
-0.991452
-0.316103
0.317496
0.873716
0.223497
-0.559250
0.115767
0.550917
-0.825985
-0.547733
-0.284745
0.316244
-0.043456
0.894533
-0.604226
-0.757883
0.935178
0.621085
0.911002
0.123167
-0.555788
-0.253784
0.457833
0.916468
-0.454577
0.309997
0.848180
0.242531
0.322834
-0.342610
0.654621
-0.411916
0.983601
-0.393081
0.309728
-0.513639
-0.094906
0.988500
0.795544
-0.621326
-0.975033
-0.629652
0.275663
0.631847
0.903093
-0.263193
0.434384
0.321533
0.816525
0.467776
-0.434522
-0.588026
-0.727932
-0.347936
0.939774
0.793030
0.816311
-0.722987
-0.508596
0.879898
-0.340958
-0.830158
0.596161
-0.824721
0.168913
-0.732169
-0.007575
0.593411
0.996794
-0.877733
0.417107
-0.714450
-0.571857
-0.535043
0.074828
0.095614
0.210036
-0.951412
0.251066
0.269940
-0.783265
0.813964
-0.668275
-0.555716
0.964620
-0.307551
0.774810
0.684702
-0.203658
-0.299774
-0.251883
0.761770
-0.756054
0.987710
0.051633
0.164810
0.314931
0.914330
0.617216
-0.435223
-0.022050
0.369560
-0.805933
-0.119222
-0.861861
-0.255759
0.957581
0.336661
-0.851088
-0.858685
-0.575061
0.306957
-0.892187
0.857795
0.423647
-0.439629
-0.556368
0.109389
-0.260306
0.491496
0.789475
-0.224548
-0.188002
0.152252
-0.546024
0.137043
0.867134
0.186999
-0.060705
0.761478
0.152979
0.980261
-0.307405
-0.315381
-0.141754
0.658636
0.199885
0.398493
-0.676406
-0.121290
0.219503
-0.039982
-0.420208
0.337171
-0.072896
0.413830
0.081745
-0.773938
0.734515
0.847292
0.171205
-0.429110
-0.472675
0.175147
0.065298
-0.304398
-0.130207
-0.773399
0.230620
0.757767
-0.957008
0.549442
0.695581
0.869738
-0.391613
0.070547
-0.858168
0.846989
0.719713
-0.317635
-0.280636
-0.036600
0.935969
-0.622818
-0.190144
0.190390
0.260813
-0.632971
-0.523771
-0.995570
0.464170
0.582972
0.040321
-0.261758
-0.716519
-0.387473
-0.955046
-0.394805
0.414847
0.627261
-0.735883
0.609302
0.194310
0.273935
-0.987562
0.445025
0.926993
-0.478433
-0.268528
-0.731796
0.507033
0.621125
-0.447995
-0.238024
-0.574470
-0.276063
-0.669819
-0.920479
-0.160255
-0.178247
0.834198
0.637630
0.901793
-0.274188
0.953347
0.309050
-0.173519
-0.269494
-0.127429
-0.855202
0.669454
0.706710
0.765027
0.503267
0.546626
-0.140334
-0.910903
-0.313728
0.034522
0.822979
0.656761
0.054731
0.397127
-0.251312
-0.187058
-0.890259
0.772922
-0.641529
0.968354
0.675750
0.416383
-0.477346
-0.445121
0.701101
-0.049329
0.407123
-0.785528
0.075416
-0.663534
0.461532
-0.621450
0.941701
0.950802
0.666908
-0.840787
-0.740706
-0.727613
-0.813689
-0.458339
0.825578
0.084706
-0.006027
0.975851
-0.560273
0.589685
0.547478
0.035799
0.469546
0.604659
0.024243
-0.629399
0.566773
-0.725024
0.174354
-0.529695
0.962464
0.833292
-0.280953
0.907342
0.346089
-0.682509
0.620754
-0.810228
-0.692205
-0.786467
-0.568054
-0.711467
-0.946056
-0.856658
0.246677
0.343817
0.856836
0.028794
-0.012211
-0.544630
-0.737353
-0.261976
-0.184729
0.046561
0.172960
-0.398436
0.867770
-0.243704
0.628056
-0.912570
0.828239
0.964922
-0.576169
-0.245236
0.650054
-0.122758
-0.996312
0.151112
-0.584877
0.050004
-0.845812
0.597756
-0.029072
-0.560194
0.411201
0.933786
0.880468
-0.371878
-0.272195
0.788411
0.950949
-0.971601
0.373222
0.674759
-0.605526
-0.629040
0.640996
-0.387133
0.564336
0.683198
0.049758
0.611242
0.868629
-0.611905
0.586493
-0.991615
0.590875
0.501286
-0.126454
0.603452
-0.294010
0.149782
0.411845
-0.152694
-0.487352
-0.684432
0.799169
-0.498434
-0.932917
-0.280857
0.448499
0.463185
0.470525
0.632241
-0.448477
-0.085052
0.770416
-0.772478
0.461569
-0.627665
-0.121647
0.580205
-0.279728
0.489034
0.324444
-0.511565
0.674376
0.890243
0.966778
0.724428
-0.542719
-0.991545
-0.091137
0.513146
-0.589112
-0.916705
0.893472
0.361372
-0.549910
-0.468539
-0.182770
-0.907698
-0.929831
-0.584424
-0.386540
0.143839
0.371893
-0.820110
0.781775
-0.456434
-0.044834
0.272864
0.078065
0.216131
0.401565
-0.883183
0.643947
0.095363
0.251237
0.972714
-0.374865
0.835720
-0.597531
-0.208658
0.358710
0.598273
0.677014
0.050908
0.745816
-0.117284
-0.523743
-0.562426
-0.826107
-0.733296
0.415647
-0.434155
-0.612482
0.252865
0.923195
0.750971
-0.817328
0.548453
0.245649
-0.057330
0.449024
-0.982309
-0.900400
-0.033622
-0.112184
0.089847
-0.870426
0.532831
0.979908
0.959973
-0.423001
0.449370
0.686738
0.826176
-0.069365
0.120576
0.534843
0.344455
0.649709
0.404363
0.506430
0.664629
0.265486
0.166008
-0.743162
0.465984
0.821196
0.710444
-0.758959
0.065487
0.726931
0.946104
-0.284261
0.028238
-0.808239
0.817462
-0.136486
-0.041408
-0.904320
-0.458679
-0.772322
-0.827780
0.009654
0.217627
0.163954
-0.925726
0.100123
-0.618581
-0.642427
-0.287162
-0.354530
0.785577
0.989052
0.180475
0.528014
-0.811810
-0.912946
-0.036462
-0.900640
-0.475338
0.533637
0.352377
0.582831
-0.336453
0.478862
-0.730859
0.812973
-0.362846
0.459873
0.281044
0.578862
-0.761168
-0.725898
-0.283139
-0.043150
-0.383295
0.634772
0.461416
-0.526405
-0.596584
-0.300848
0.729858
-0.209612
-0.834344
0.109715
0.919712
-0.121963
-0.467012
0.928139
0.953052
0.692355
0.346769
-0.049015
-0.878409
-0.128334
0.866691
0.117003
-0.160014
-0.371769
0.819181
-0.870282
0.482582
0.342651
0.040456
-0.129039
-0.308771
-0.197083
0.086221
0.955663
0.040577
-0.223715
-0.927993
-0.226549
0.007270
0.650132
-0.608670
0.487746
-0.169120
-0.588228
-0.600151
0.504758
-0.917411
0.919657
0.871635
-0.028428
0.696798
-0.197445
-0.455680
0.464322
-0.957884
-0.295653
-0.155298
0.335195
0.000095
-0.529327
-0.950032
-0.276666
-0.656068
-0.264732
-0.147081
0.380972
0.729474
-0.887937
-0.619588
0.401047
0.750111
0.972016
-0.833812
0.911244
0.636906
0.638254
-0.562476
0.369114
-0.593770
0.959509
0.826727
-0.187636
-0.053245
0.435666
-0.829972
-0.094402
0.948569
0.165997
-0.918272
0.912723
0.896391
0.115007
0.529006
-0.396066
-0.035272
-0.142967
-0.579776
-0.572427
0.323862
0.174896
0.082291
-0.036179
-0.459556
0.932512
0.709839
0.817678
-0.291886
0.126598
-0.320837
0.383647
0.092306
-0.030907
0.717561
0.444607
0.949871
0.718496
0.644207
0.521741
-0.600301
-0.714094
-0.416631
0.447264
0.314501
0.013280
-0.660563
-0.885399
-0.020512
0.622055
-0.731493
-0.262349
0.711404
0.863250
-0.534392
-0.861507
-0.608853
-0.643602
-0.235274
-0.801272
0.850971
0.742251
-0.356344
-0.481119
-0.333798
0.296377
-0.296465
0.878804
-0.585719
-0.047930
0.268323
0.488627
0.879727
0.101031
-0.280444
-0.978032
0.902462
0.107922
0.604203
0.371072
-0.063627
0.669376
-0.141249
0.639690
0.145614
0.451123
-0.742905
0.946595
0.978026
0.997718
-0.425444
-0.519376
-0.349205
-0.940052
0.020061
0.354887
0.988503
-0.378326
0.929073
0.420933
-0.557931
0.093984
0.484794
0.670219
-0.038956
-0.236833
0.432082
0.848821
-0.204374
0.374859
-0.922887
-0.983479
0.726890
0.249604
0.965234
-0.652336
-0.722346
0.672353
0.698356
0.681579
0.261835
-0.083102
-0.700133
0.742598
-0.309981
0.462864
0.717128
0.932341
-0.542789
-0.150009
0.019277
-0.579573
0.866463
-0.043338
0.687723
-0.292807
-0.631876
0.638624
0.369933
-0.234307
-0.286389
0.017207
-0.739131
0.775639
-0.750323
-0.130159
0.010526
-0.056699
-0.067948
0.497986
-0.477612
-0.796094
0.852689
-0.186101
0.305927
0.651626
0.097660
0.521136
0.462938
0.420351
0.005001
0.866842
-0.485749
0.334989
0.873108
-0.905064
-0.204893
0.133205
0.165048
-0.255835
0.354608
0.506507
-0.094453
-0.715776
0.886968
0.821591
-0.249644
0.428659
-0.896812
0.147686
0.382221
0.025794
0.704622
0.718862
0.957255
0.152325
0.648860
-0.441797
0.900337
0.870398
-0.361057
-0.429661
0.608114
-0.489582
0.710555
-0.845572
0.929477
-0.053931
-0.421558
0.388579
0.860643
0.106517
0.404007
0.737346
0.441782
0.873241
-0.494677
0.918472
0.837351
0.825541
0.584236
0.975871
-0.162727
0.712678
-0.123101
-0.441256
-0.304227
-0.155184
-0.552767
0.033485
-0.047501
-0.990027
-0.914833
0.829771
0.082741
0.981274
-0.843250
0.866223
-0.429991
-0.810915
-0.220439
-0.864987
0.911664
0.416696
0.710249
-0.117266
-0.211712
-0.178515
0.591871
-0.531735
-0.847016
0.838519
-0.172299
-0.945520
-0.775159
0.533541
-0.519824
0.282894
0.130473
0.971383
0.316733
-0.210516
0.846341
0.978245
0.281030
0.356249
0.936952
-0.182849
-0.141990
0.917934
0.826269
-0.403626
-0.551996
0.870999
0.640124
-0.833915
-0.954342
0.920921
0.392578
-0.458444
-0.907789
-0.632534
-0.556037
-0.401278
-0.496275
0.643757
0.880491
0.078715
-0.474807
-0.802118
-0.217056
0.923337
-0.468811
-0.386791
0.084323
-0.058420
0.804860
0.999286
-0.811193
0.118556
0.613464
0.348417
0.820107
-0.946773
-0.359353
-0.941771
0.307930
0.888514
-0.827514
0.055108
0.968181
-0.654464
-0.939022
0.030823
-0.022551
0.476074
-0.472375
-0.924820
0.977982
0.165746
-0.887998
0.306702
-0.964601
0.675515
-0.492168
0.184939
-0.747098
-0.320033
-0.762079
-0.712124
-0.330233
-0.474919
-0.644371
0.223102
-0.842172
0.315528
0.503426
-0.880474
0.795799
-0.074705
-0.151671
-0.297481
0.626575
-0.334588
-0.442773
0.983304
0.255502
-0.439663
-0.975629
0.797860
0.539469
-0.968528
0.047744
0.840945
-0.902623
0.931362
-0.838749
0.927679
0.389089
-0.910476
-0.391414
-0.742735
0.353392
0.917402
0.921098
-0.353200
0.196106
0.433158
0.366321
-0.743295
-0.974590
0.616563
0.194199
0.156998
0.632206
0.977025
-0.139719
-0.507650
0.468360
-0.871194
-0.196763
-0.847330
-0.877841
0.413823
-0.037213
-0.766236
0.284861
-0.460967
-0.176103
0.816272
0.625777
0.208423
-0.068287
-0.890279
0.392193
-0.692568
0.990587
-0.351188
0.604298
-0.063621
0.760847
-0.944239
0.783064
0.369737
0.427659
0.861012
0.829058
-0.351307
0.701356
0.757389
-0.834459
-0.761405
-0.873667
0.711146
-0.632810
0.818185
0.827800
0.281891
0.789748
0.646339
0.746925
-0.749879
-0.917300
0.982786
0.019847
-0.771547
0.851968
0.792578
0.796341
-0.487240
-0.321667
-0.954383
0.149492
-0.221532
-0.237136
-0.437938
-0.886785
0.573288
0.090704
0.704448
-0.320353
0.145885
0.748637
-0.816671
0.286794
0.478059
0.115922
0.972080
-0.464251
0.125700
-0.519216
0.333453
0.184422
-0.925161
0.641723
0.349879
0.358990
0.824023
-0.692095
-0.886552
0.836441
0.437184
-0.078456
0.678165
-0.255211
-0.778912
0.993772
0.943922
0.706655
-0.211054
0.290582
-0.442210
0.162891
-0.098805
0.895909
-0.807086
-0.685464
-0.380159
-0.727208
0.259838
-0.128067
-0.932327
0.804443
-0.443316
0.131427
-0.088276
-0.362877
0.278169
0.648431
0.300620
-0.386375
0.825641
0.371172
-0.454513
0.571903
0.951207
-0.102394
0.750962
-0.145613
-0.432261
-0.353749
-0.675458
0.637517
0.968761
0.415426
-0.007568
0.713473
-0.378746
0.133599
-0.287465
0.828894
0.110554
0.170748
-0.518637
-0.129614
0.640147
-0.436172
0.591724
0.737831
-0.090721
-0.955603
-0.924326
0.209343
0.576665
0.547215
-0.355042
-0.049958
-0.840628
0.158168
-0.897376
-0.271396
-0.510312
-0.692013
0.553305
0.931784
0.856071
-0.891666
0.889245
0.647216
-0.395956
-0.265023
-0.797053
-0.203485
-0.590521
-0.565568
0.811776
0.300065
0.769727
-0.893295
0.921189
0.530487
0.165749
-0.846735
-0.110635
-0.647203
0.618565
0.364828
-0.812389
0.795270
0.558332
0.615892
-0.765010
-0.186933
0.874987
-0.598284
-0.858480
-0.879481
0.438333
0.673066
0.467487
0.870120
0.615823
0.094599
0.188428
-0.438692
-0.517937
-0.585083
0.814317
-0.365587
0.583428
-0.344598
0.668819
-0.187785
0.426124
-0.228958
-0.318460
0.530548
-0.843843
0.657741
0.776666
-0.644234
-0.965555
-0.843168
0.348421
0.885009
0.887763
-0.625738
-0.489981
0.229692
-0.017870
-0.855848
0.940191
0.620447
0.140553
0.397231
0.919386
0.804883
-0.603767
0.988760
-0.675235
0.451985
-0.658088
-0.695256
0.752035
0.657995
-0.921039
-0.592708
0.793697
0.646403
-0.211103
-0.521685
0.433963
-0.579380
0.076988
0.637319
-0.414982
-0.810732
-0.403678
0.652971
-0.514122
0.465448
-0.543902
-0.655043
-0.817623
-0.774738
0.639556
-0.477186
0.221962
-0.955378
-0.673672
-0.832634
0.080331
0.942158
-0.494240
0.108411
0.322135
0.485404
0.359927
0.196149
-0.916281
-0.097002
-0.113943
0.313326
-0.835960
0.253173
-0.362066
-0.694243
0.172563
-0.016534
-0.702553
0.999363
0.720809
0.723434
0.250910
-0.255212
-0.347063
0.985050
0.342881
-0.284373
0.466733
-0.515349
0.209113
0.911018
0.432760
-0.141649
0.319527
0.637200
-0.429981
-0.643146
-0.934701
0.360996
-0.609460
-0.858120
-0.314969
0.499183
-0.771605
-0.941366
-0.677010
0.027560
0.546112
-0.690499
0.587491
0.357632
-0.993211
-0.134567
0.327027
0.984702
0.739825
-0.692790
-0.848629
-0.361290
-0.173970
0.486851
0.453144
0.309624
-0.156665
0.696457
-0.057722
-0.222212
0.966170
-0.828060
0.269356
0.467733
0.891623
0.345148
0.219492
0.798362
-0.652569
-0.696768
-0.777873
-0.698569
-0.336696
-0.316306
-0.961741
0.916675
-0.625894
0.466543
-0.630923
0.764193
-0.191888
-0.562063
-0.777516
-0.016082
0.480635
0.389372
-0.348846
0.298126
-0.300843
0.810476
-0.915083
0.175406
0.174806
0.685845
-0.527790
0.300187
0.733041
-0.664196
-0.876344
-0.364121
0.211895
-0.904539
-0.499084
0.409087
-0.907256
-0.762393
-0.224011
0.382647
0.931135
0.938406
-0.918527
0.180973
0.421827
-0.004594
-0.446268
0.426719
-0.310440
-0.926530
-0.924157
-0.687871
-0.292386
-0.088552
-0.721417
0.766166
-0.179814
0.798501
-0.102535
0.533017
0.070978
-0.686494
-0.555548
-0.142026
0.348074
-0.128286
-0.405126
-0.875132
0.157746
0.472974
0.768694
0.955983
0.103935
-0.415245
0.952435
-0.942624
-0.304666
-0.437003
-0.972752
0.922929
-0.239090
0.514050
0.389918
0.533769
0.561052
-0.465248
-0.220942
-0.862475
0.615472
0.520740
0.891228
-0.186872
0.072141
-0.332790
0.488437
0.521762
-0.230646
0.868812
0.763630
-0.072955
-0.565182
-0.779522
0.222780
0.776785
-0.540584
0.607248
-0.437740
-0.978707
-0.011097
-0.953472
-0.680169
-0.112450
-0.122607
-0.637716
-0.358254
0.792530
-0.075256
-0.867197
0.705147
-0.384028
0.777583
-0.459085
0.639565
-0.303765
0.015362
0.214703
-0.321506
-0.386179
-0.023268
-0.866434
0.601350
0.383596
0.274416
0.720314
0.132318
0.134596
0.170996
0.303696
0.901387
0.646036
-0.450857
-0.953571
-0.538592
-0.395863
-0.633467
-0.347555
-0.940805
-0.132504
0.930567
0.330355
0.430933
0.123079
0.086661
0.865113
-0.638292
-0.115568
0.651593
0.074881
0.933703
0.967152
-0.208813
-0.142210
-0.607193
-0.693892
0.228937
-0.039275
0.763478
-0.762046
-0.790222
0.982011
-0.833383
0.632060
0.527233
0.303355
0.913791
-0.163831
-0.813182
0.642974
0.637231
0.109745
-0.641364
-0.254835
-0.335898
0.555372
-0.710171
-0.909821
0.908152
-0.694560
0.728108
-0.633133
-0.697926
0.772680
-0.638931
0.503661
-0.996547
-0.401725
0.292405
-0.415945
-0.447451
0.033657
-0.800856
0.251209
0.553855
0.069224
-0.355181
0.299862
-0.526033
-0.445191
-0.487423
0.173079
0.575071
-0.139402
-0.175821
-0.615375
0.897828
0.615170
-0.932327
0.795578
-0.002987
0.918567
0.604043
-0.680519
-0.653112
0.095986
0.076845
-0.077579
0.524337
-0.141699
0.556345
0.114399
0.922069
-0.192595
-0.728300
-0.747877
0.105596
-0.181035
0.640902
0.413939
-0.157195
0.943378
0.478865
-0.697934
0.640581
0.946524
-0.553793
-0.629551
-0.029024
0.408669
0.336544
-0.165063
-0.316533
-0.621375
-0.911701
0.926844
0.697057
0.283659
0.372456
0.299942
0.796296
0.775142
0.529182
0.566092
-0.055066
-0.322415
0.297280
0.189348
-0.818181
-0.748574
-0.103009
-0.981851
-0.290593
-0.952935
-0.526111
0.299422
0.477834
0.437139
-0.838556
-0.528461
-0.638815
-0.991244
-0.314714
0.597420
-0.155888
0.247803
-0.389612
0.459843
0.161316
0.968436
0.232069
-0.229350
-0.557780
0.622633
0.799097
-0.407484
0.916645
0.861330
0.609494
-0.613827
-0.456570
0.222052
0.504749
0.944559
0.700709
-0.819933
-0.086390
-0.593332
0.324641
0.692375
-0.331062
0.244350
-0.755528
-0.518895
-0.410475
0.392542
0.988006
0.099563
0.583624
0.972446
0.527408
-0.842380
0.569442
-0.159901
-0.580835
-0.292436
-0.694722
-0.083928
-0.877919
0.990996
-0.489477
0.334763
-0.786085
0.230569
-0.085402
-0.979272
-0.815727
-0.868054
-0.940988
0.471583
0.965719
0.727159
0.916258
-0.359755
0.609293
0.032592
-0.135387
-0.688872
0.549864
0.954091
0.363340
-0.801462
0.813837
-0.930166
-0.834013
-0.745263
-0.244716
0.919736
0.335333
0.158380
0.502900
0.500716
0.526883
0.506442
0.854607
0.599741
-0.694806
0.505757
-0.472811
-0.067722
0.044992
-0.613865
0.944503
-0.409645
-0.159271
0.356869
0.923328
-0.807380
0.121740
0.915480
0.066137
0.956949
0.384105
0.518029
0.077712
0.403172
-0.692410
-0.312847
-0.918171
0.803892
-0.240465
0.612351
0.134791
-0.788484
-0.249470
-0.841653
-0.362459
0.993268
-0.791433
-0.500004
-0.791481
0.689724
0.120994
-0.896697
0.285683
0.721389
0.774811
-0.376884
-0.493148
0.053370
-0.473137
-0.606161
0.730380
0.894540
0.017139
-0.333993
0.876502
-0.912086
0.615936
0.000232
-0.369087
0.093936
-0.772398
-0.167929
0.325217
-0.079878
0.229229
0.629336
-0.313097
0.514460
-0.877790
-0.685377
0.572926
0.028029
-0.093112
-0.719535
-0.241467
0.659245
0.420428
-0.761315
0.743122
0.869601
-0.888513
0.834790
0.720313
0.115008
0.552799
0.526267
0.755586
0.830678
0.788783
0.123791
-0.699025
-0.781638
0.866876
-0.543234
0.495662
-0.732406
-0.122637
0.919547
0.825587
-0.271016
-0.235597
0.084064
-0.144410
-0.696902
0.421215
0.049178
-0.597193
0.922727
0.015436
-0.653320
0.570402
0.913226
-0.655977
0.048898
-0.986783
-0.643834
0.321136
0.456892
-0.491839
-0.445378
0.513383
-0.676628
0.599435
0.200510
0.325168
0.099622
-0.582903
-0.896213
-0.840866
-0.846154
0.417522
-0.367171
-0.992477
-0.012477
-0.733460
-0.488632
0.323302
-0.826159
0.388613
0.726186
0.006520
0.817607
0.227697
0.600056
0.639719
0.336269
-0.599506
0.651198
-0.677100
0.515664
-0.988461
-0.842247
0.947624
0.373193
0.148056
-0.940198
-0.739948
-0.702166
-0.344398
-0.155680
0.275617
-0.142453
-0.448048
0.920347
-0.943556
0.040105
0.357721
0.425802
0.654621
-0.410993
-0.025005
-0.247499
0.261551
-0.748433
-0.991783
-0.693839
-0.890069
0.883180
-0.687602
0.993485
-0.623007
0.654651
0.129142
-0.616198
-0.434877
-0.362155
-0.106280
0.165390
-0.546381
0.209103
-0.931919
0.428686
-0.473766
0.293590
-0.879899
0.787655
-0.466096
-0.097111
0.176798
0.233299
-0.668585
0.180296
-0.345019
-0.132636
0.857294
-0.718864
-0.997668
-0.007264
-0.540789
-0.947030
0.850285
0.309651
0.300570
0.846027
-0.717707
-0.954203
-0.470822
-0.043167
-0.658062
-0.244516
0.101077
0.483248
-0.750303
-0.349621
-0.202299
-0.720206
-0.260098
0.476189
-0.583329
-0.017372
0.115662
0.869596
-0.969663
0.473056
0.083870
0.359913
-0.038639
0.800863
-0.123857
-0.392573
-0.046343
-0.745998
0.941356
0.491842
-0.289813
-0.747463
-0.326988
-0.366137
-0.346442
0.984421
-0.681102
-0.098420
-0.538262
0.977422
-0.245324
-0.792168
0.518723
-0.479855
0.454902
-0.688801
-0.268191
0.704873
0.261129
0.208644
-0.579156
-0.190574
-0.089705
-0.915476
0.877650
-0.840368
0.844074
0.039640
-0.995577
0.325596
-0.003274
0.410335
-0.676885
0.177624
-0.709892
0.298861
-0.546099
0.892094
-0.811646
0.030253
0.992489
-0.571217
0.546096
-0.946800
-0.857888
-0.086928
0.944335
0.479482
-0.575538
0.341995
-0.533913
0.303347
-0.720605
0.853971
-0.953119
0.026947
0.878457
0.871796
-0.676379
0.859507
-0.553090
0.680320
0.722871
0.497614
-0.607064
-0.555111
-0.882478
-0.499136
-0.782951
-0.296443
-0.803751
0.750804
-0.654302
-0.190043
-0.242840
-0.718181
0.854123
-0.208336
-0.571964
0.048265
0.333566
-0.001251
0.290240
-0.465329
0.497910
0.315206
-0.706206
-0.040177
0.552349
-0.988109
-0.067327
0.290880
-0.313276
-0.406469
-0.663980
0.852400
0.620003
0.661780
0.009630
-0.187261
0.605493
0.047579
0.233684
-0.944946
0.048034
-0.631538
0.352743
0.480572
-0.681961
-0.845816
0.537840
-0.493453
-0.956329
-0.656531
-0.147244
-0.242877
0.535386
-0.693191
0.281912
0.766704
-0.052604
0.553986
-0.179565
-0.737817
-0.244611
0.937787
-0.530693
0.967041
-0.314230
-0.168217
-0.275576
-0.534445
0.291211
-0.924236
0.201352
-0.343533
0.934130
0.971651
-0.636387
0.203974
0.856426
-0.469823
0.902241
0.014086
0.083530
0.965938
0.765481
0.478918
0.219190
0.735913
-0.845020
0.897426
-0.840644
-0.156688
0.320200
-0.606017
-0.887792
0.062150
0.064625
-0.904905
0.781999
-0.485263
-0.371800
0.314274
0.397959
0.719046
0.151357
0.401526
0.512265
0.905876
-0.816940
0.688882
0.870502
-0.470459
0.496937
0.289268
0.014265
0.918511
-0.483830
-0.839811
0.885567
-0.906390
-0.743479
0.919602
-0.182312
0.394569
-0.217616
0.024307
-0.790026
0.465703
-0.362691
-0.257855
-0.480335
0.565158
-0.332194
0.055725
0.729217
0.643983
0.727967
0.133825
-0.035151
-0.232039
0.708992
0.180103
0.634910
0.624978
0.129868
-0.625567
-0.671853
0.313442
-0.962051
-0.976006
-0.443849
-0.598939
0.158001
0.504744
0.563538
-0.672820
-0.249136
0.527093
-0.043562
-0.882379
-0.673634
0.984275
0.573669
0.471664
-0.752317
0.448530
0.955982
0.085274
0.966657
0.411834
-0.329811
0.332764
-0.895645
-0.369032
0.980762
0.067055
-0.580288
0.889491
-0.916160
0.175334
-0.973970
0.440251
-0.096758
-0.276850
0.460182
-0.696547
0.532033
-0.249441
-0.373760
0.678376
0.487051
-0.298397
-0.059219
-0.398125
0.633067
0.930090
-0.638944
0.839997
0.493878
-0.051298
-0.887295
-0.825210
-0.636600
0.596906
-0.327149
-0.942705
0.194959
0.221086
-0.885763
0.498155
0.352400
0.944059
-0.958886
0.983264
0.182896
-0.990756
-0.918044
-0.873459
0.507556
-0.800342
-0.644406
0.131626
-0.829217
-0.554047
0.758515
0.167025
-0.646839
0.035846
-0.843879
-0.532542
-0.210537
0.515766
0.479598
-0.661962
-0.760545
-0.656596
-0.927111
0.264144
0.770361
0.298486
-0.551172
0.160632
0.143082
0.403962
-0.013964
0.345067
0.918071
-0.668736
-0.660698
0.844651
0.434923
-0.924399
0.840793
0.843625
-0.082326
-0.448921
0.688662
-0.137428
-0.951811
0.734579
-0.071974
0.951124
0.353361
0.429135
0.871949
-0.329496
-0.637487
0.861770
0.620434
-0.092808
0.518288
0.380516
0.500276
-0.779282
0.478226
0.863737
0.371172
-0.737860
0.927447
0.029979
-0.745864
-0.751925
-0.739139
0.644908
0.422687
-0.018863
0.624512
0.500524
-0.690872
0.156568
-0.213229
-0.294319
-0.816345
0.423409
-0.296544
-0.417225
0.800820
-0.895501
0.308979
-0.510498
0.271529
0.627394
-0.822847
-0.273905
-0.560687
0.176503
-0.476125
-0.411357
0.065161
-0.617672
0.739859
-0.077905
-0.672417
0.669806
0.714114
0.750295
0.203758
-0.141896
0.414736
-0.301200
-0.924760
-0.222424
-0.420912
0.885672
-0.980225
0.986863
0.179272
-0.961072
-0.445429
-0.364838
0.652291
-0.064797
0.202042
0.638132
-0.619703
0.453618
-0.004042
0.451561
0.455539
-0.596640
0.789074
0.714965
-0.560343
-0.105985
0.021618
0.848473
-0.500000
-0.728103
0.709677
0.001049
0.569228
-0.234944
0.492775
-0.209786
0.438054
0.103052
-0.362446
-0.818753
-0.972742
0.580550
-0.520045
0.629311
-0.040247
-0.613250
-0.723011
-0.886920
0.075266
-0.740594
-0.774689
-0.553618
-0.125671
0.953097
-0.452079
-0.909945
-0.560632
-0.925131
-0.828127
-0.528381
0.736328
0.742713
-0.307898
-0.206599
-0.975596
0.802626
-0.779088
-0.136381
-0.054927
-0.118855
0.706474
0.691555
-0.423225
-0.752406
0.892471
-0.082061
-0.255095
-0.477974
0.765953
0.771367
0.282087
-0.799272
0.419483
-0.103629
-0.795245
-0.098522
-0.127126
-0.057312
0.284853
-0.602675
-0.665890
0.233708
0.663395
-0.829749
-0.084759
-0.843464
0.984488
0.647174
0.928403
-0.122474
-0.536358
0.093959
0.065120
0.916648
0.913230
-0.581236
-0.985706
0.030006
-0.921634
0.369419
0.658019
-0.524792
0.008505
0.089636
-0.192229
-0.903379
0.968076
-0.646822
-0.935682
0.972513
-0.195284
-0.034335
0.665118
0.626689
-0.418461
0.719855
0.174263
-0.203698
-0.922912
0.564042
0.495879
0.879275
-0.187824
0.975538
-0.529220
0.846219
0.804007
0.885416
0.352889
0.822368
-0.335145
0.653661
-0.755685
-0.566915
0.344332
-0.936887
-0.632305
-0.680800
-0.924492
-0.911524
0.221908
0.217740
0.845314
0.439904
0.270558
0.557217
0.032185
0.571570
-0.651052
-0.867375
-0.586485
-0.892511
-0.694824
0.183216
-0.035584
0.954017
0.947905
0.985848
-0.828202
0.894823
-0.807106
0.994417
0.839789
0.756994
-0.536201
-0.861398
0.220566
0.882619
-0.947539
-0.776454
0.372814
0.068375
0.282726
-0.597449
-0.826746
-0.180571
-0.026528
-0.273926
-0.876701
-0.769120
-0.464397
-0.297755
0.239706
-0.695788
-0.445764
0.200326
-0.647266
-0.492073
-0.281874
0.184537
0.920633
-0.988305
0.613229
0.359069
-0.231715
-0.167427
0.965827
0.655988
0.894355
0.619495
0.057104
0.483225
0.903191
-0.455998
-0.931662
-0.797638
-0.592867
0.108065
-0.457017
0.454603
0.140124
0.327268
0.864800
-0.321524
-0.681809
-0.236828
0.516360
0.529794
0.709909
0.016445
-0.748399
0.970362
0.874856
0.307348
-0.638309
-0.415020
0.622494
-0.191780
0.231847
0.273925
0.868832
-0.903576
-0.703919
-0.590489
-0.454898
0.847381
-0.230229
-0.543586
0.648866
-0.343815
-0.786807
0.981989
0.786280
-0.495998
-0.850940
-0.160681
-0.926363
0.219447
-0.927585
-0.633652
0.565323
-0.897524
0.171939
-0.797453
0.730343
0.262674
-0.723459
-0.686889
0.612970
-0.029582
-0.080259
0.218697
-0.007690
0.143927
-0.265650
-0.805916
0.197099
0.175271
0.022926
-0.703567
-0.512556
0.313662
0.592523
0.133894
-0.951884
-0.374800
-0.148228
0.220329
-0.910332
-0.863466
0.610111
-0.210576
0.660245
-0.580757
0.821405
0.299104
-0.655380
-0.554539
-0.616715
0.872678
-0.769573
-0.433137
0.000431
-0.868030
-0.521973
0.757226
-0.460498
-0.506747
0.808757
0.467447
0.218194
-0.850069
-0.547095
0.356982
0.755642
-0.214149
0.168586
0.114984
0.989857
-0.382952
0.165496
-0.849524
-0.550570
0.606610
-0.006079
0.209369
0.970714
-0.473998
0.506406
0.263783
0.993843
0.306420
0.542087
0.515382
0.375518
-0.291817
-0.789249
0.228976
0.617400
0.791209
0.532216
0.817534
-0.849481
0.340964
0.264939
-0.589642
0.205142
-0.588781
0.654070
0.244825
0.850931
-0.015246
-0.393103
-0.060943
0.981936
0.376004
-0.604113
-0.842982
-0.347744
0.814431
-0.320317
0.730135
0.648293
-0.066218
-0.114791
0.916881
-0.792800
-0.747242
-0.829145
0.791477
0.308167
0.528179
-0.062501
0.426556
0.908484
-0.560608
-0.530765
-0.774187
0.341410
-0.915396
0.363519
0.100535
-0.094171
0.618909
0.170487
0.672066
0.708562
0.747874
-0.146318
0.447090
-0.573464
0.977387
0.804474
0.144880
0.844802
-0.836629
0.209749
0.997782
0.214240
0.362383
-0.174241
0.314516
0.267194
-0.065997
-0.775168
-0.493556
-0.680050
-0.061992
0.456508
-0.770603
-0.268604
0.096369
0.121116
-0.955493
-0.848960
-0.352595
-0.078953
0.829068
0.848594
-0.299300
-0.529132
0.296220
-0.807625
-0.273904
-0.547011
0.766427
-0.933558
-0.267083
0.380660
0.813841
-0.862557
-0.902328
0.391994
-0.741910
0.315872
0.375830
0.794445
-0.119719
-0.970296
0.415903
-0.273744
0.044250
-0.210903
0.868757
-0.259925
0.566177
-0.660587
0.661949
-0.790504
0.321735
0.036992
0.906817
0.645972
0.515380
0.336931
0.082441
0.255482
0.659734
0.756332
-0.111149
0.461214
0.205054
-0.187787
-0.463172
-0.243264
-0.432641
0.360750
-0.611148
0.754923
-0.826561
0.506414
0.406736
0.963197
0.736830
-0.879179
-0.069780
-0.450947
-0.427915
0.998162
-0.500584
-0.341997
0.502324
0.977946
-0.552963
-0.872822
-0.624601
-0.323354
-0.017702
0.925200
0.119484
-0.764194
0.172440
-0.342931
-0.564060
-0.053326
-0.877550
-0.273353
0.301477
-0.663946
0.809449
0.792050
-0.141255
0.546045
0.232218
0.174921
0.500551
-0.237184
0.832910
0.898226
0.751078
-0.121359
-0.902050
-0.727024
-0.590415
0.223224
-0.887452
0.318571
0.376248
-0.504488
-0.665241
-0.717617
0.636993
0.738707
-0.160704
0.754266
-0.334429
0.147183
-0.758183
-0.961540
0.725129
-0.372231
-0.680032
-0.900977
-0.112965
-0.223009
0.319311
-0.866117
0.349746
-0.508779
-0.098155
-0.340457
-0.776883
0.798723
-0.156917
0.712179
0.302057
0.665457
0.417466
-0.619125
0.207177
0.279613
-0.327869
0.562009
-0.822770
-0.896561
0.785377
-0.000738
0.378222
0.912592
0.734258
0.370735
0.535756
-0.564039
0.308032
0.161259
0.067491
0.342630
-0.316609
0.186726
-0.408997
0.375702
0.719962
0.026478
-0.558494
0.731933
-0.114464
0.075114
0.883606
-0.871174
0.204014
-0.080208
0.999206
-0.349440
0.749139
-0.039393
0.893916
0.543281
0.333281
-0.443655
0.621424
0.660500
-0.220196
-0.049965
0.162121
-0.296018
0.025366
0.453493
-0.002333
-0.805409
-0.098852
0.703812
0.938995
0.164156
-0.064181
-0.107261
-0.141772
0.365866
-0.053719
0.942177
-0.120439
-0.375562
0.849091
0.723684
0.597200
0.666780
0.978889
0.203260
0.077855
-0.145636
-0.802056
0.909670
-0.594302
0.025520
0.370925
-0.450449
-0.327381
-0.678833
0.814641
-0.578463
-0.613110
-0.357390
0.713135
-0.222849
0.861519
0.306208
0.837613
0.968366
0.897226
-0.542852
0.827389
-0.320458
0.475107
-0.005093
-0.585280
-0.716783
-0.944214
-0.188553
0.590980
0.254220
0.532877
-0.276195
0.902370
0.427353
-0.140594
0.988567
0.876981
-0.138162
-0.577250
-0.318519
0.428989
0.513307
0.097786
0.024612
0.929625
0.729336
0.756241
0.315416
0.708467
-0.996330
-0.208251
0.814624
0.959206
-0.939778
-0.846967
-0.301982
0.581774
-0.008255
-0.150897
-0.553383
-0.228906
-0.503595
0.087386
0.318741
0.501095
0.754982
0.256400
-0.763988
-0.234756
-0.567008
0.786208
0.868147
0.653009
0.175173
0.499172
0.710048
0.433712
-0.666058
-0.668483
0.695278
-0.382678
0.615836
0.335026
-0.570707
-0.978460
0.731762
0.928394
-0.309758
0.089289
0.571128
0.000423
0.686601
0.338677
0.144123
0.856315
-0.483776
-0.682156
-0.190920
-0.137885
-0.183041
0.072082
-0.431356
0.997804
0.636347
-0.879271
0.272426
0.931506
-0.151016
0.083977
0.514548
0.604449
0.513169
-0.258071
0.100247
-0.623341
0.981814
-0.055395
0.524186
-0.152432
-0.336179
0.010004
-0.295925
-0.910371
-0.442109
-0.291992
0.387567
0.499419
0.533867
0.160836
-0.652775
-0.605352
0.347198
-0.821115
0.781901
-0.745155
-0.374597
0.026005
0.004637
-0.901191
-0.650178
0.012683
-0.051026
-0.605865
-0.325856
-0.189304
-0.530527
-0.840206
-0.255331
-0.241674
0.366366
0.012639
-0.750790
-0.862096
-0.532989
0.416254
-0.779745
0.287957
0.335668
0.628142
0.198905
0.848642
0.600181
0.747404
-0.380126
-0.188944
-0.806344
0.599530
-0.244023
-0.068894
-0.482092
-0.812647
0.169557
-0.532817
-0.781167
-0.848295
-0.327743
-0.489541
-0.667578
-0.642145
0.541053
-0.691049
-0.898001
0.235867
0.877323
0.127450
-0.926565
0.454414
-0.964496
0.655578
-0.109554
-0.379203
-0.097327
0.774546
0.010752
-0.503432
0.792181
-0.557821
0.055522
0.745833
0.211769
-0.924634
0.311197
-0.952148
0.367141
0.534104
0.077988
-0.046654
0.389419
0.452773
0.250421
-0.035986
0.631009
0.737139
-0.239836
0.637301
-0.717288
0.334718
0.534041
0.917805
-0.752138
-0.451236
0.890838
-0.097666
-0.627436
-0.261285
0.859544
0.165762
-0.649506
-0.577492
-0.367335
0.377789
0.427967
-0.157415
0.642029
0.888214
-0.333520
0.764110
0.282242
-0.324552
0.781013
0.124919
-0.853474
-0.041202
0.376493
-0.544504
-0.652357
0.942880
-0.913245
0.291093
-0.817176
-0.773808
-0.990686
0.446316
0.842317
-0.507642
0.280286
0.466544
-0.600965
0.117813
0.870232
0.669185
0.727452
-0.011682
-0.190291
-0.168482
-0.476724
-0.230242
-0.754007
0.865286
0.567545
0.202898
0.216656
0.743402
-0.275265
-0.271348
0.304357
-0.546929
-0.922438
-0.649648
-0.982488
-0.335581
0.822482
-0.299930
-0.617611
-0.261896
-0.903400
0.589381
-0.598861
-0.559164
-0.471863
-0.561795
-0.316284
-0.636554
-0.118800
-0.766802
-0.998593
0.166195
-0.007792
0.637417
-0.744927
-0.580142
-0.693514
0.735299
0.503808
-0.592625
-0.451748
0.527735
0.608007
0.387574
0.619014
-0.070723
0.831385
-0.275194
0.183671
-0.847724
0.018418
0.376023
-0.447662
-0.798810
0.676472
0.772830
-0.243499
0.304678
0.643527
0.954472
0.863314
0.387387
-0.455770
0.816078
-0.880889
0.666752
-0.911809
0.922077
-0.104342
-0.036151
0.014060
-0.354570
0.130090
0.920615
0.702369
-0.190681
-0.362131
0.296006
-0.218910
-0.572197
0.139414
0.378261
0.038781
-0.566485
-0.528822
-0.612340
0.659604
0.544363
0.297094
-0.819721
-0.308698
0.988041
0.992738
-0.965101
-0.853852
-0.907569
-0.893346
-0.040945
0.435466
-0.069881
-0.032178
0.676805
0.477615
0.850569
-0.588086
0.294507
-0.451259
0.520631
0.039849
0.866353
-0.048890
-0.907834
0.598456
-0.767516
-0.237678
0.960009
0.294432
0.629449
0.313530
0.479581
-0.936357
-0.706670
0.528408
-0.278366
0.915072
-0.384935
0.100610
-0.917108
0.561720
-0.953677
-0.546307
-0.590504
-0.267461
-0.064032
0.277327
-0.835557
-0.204718
0.902157
0.479358
0.866048
0.434451
-0.617051
-0.820745
-0.638443
-0.872467
0.617021
0.319547
0.938408
-0.884102
-0.254220
-0.540238
0.205398
-0.098137
-0.034520
-0.292780
0.916091
0.796956
0.481309
-0.597026
-0.061693
0.830706
-0.752498
-0.171459
0.398703
0.766676
-0.567429
-0.262391
-0.813224
-0.147987
0.020867
0.999131
0.241134
0.055869
0.969260
-0.120293
-0.041918
-0.949122
-0.600410
-0.585461
0.282748
-0.223827
-0.733385
-0.742279
-0.159183
0.822335
-0.920120
0.564935
0.672251
0.539779
0.789342
0.898224
0.128808
0.653228
-0.123782
0.828507
-0.233922
0.754957
-0.217278
0.606469
0.498920
0.927841
-0.645166
-0.810069
0.168712
0.113349
0.338097
0.825730
0.286040
0.417293
0.335974
0.710555
-0.837375
0.789332
-0.889908
-0.820657
0.980874
-0.598815
0.747280
0.706408
-0.489516
-0.247353
0.920804
0.202314
0.938980
-0.153806
-0.072859
0.980587
-0.060510
-0.194719
-0.500462
-0.324413
0.979750
-0.071726
0.873797
-0.411285
0.690300
0.009162
0.469521
0.178513
0.907556
0.300199
0.915292
-0.290340
0.861255
-0.783391
-0.146220
-0.651737
-0.533188
-0.904009
-0.712284
0.929863
0.240808
0.874967
-0.947667
0.844536
0.401887
0.357702
0.144245
0.791401
-0.093328
-0.115207
0.349205
-0.526666
-0.909499
-0.281463
0.769804
0.515451
-0.536298
-0.469937
-0.985616
-0.252677
0.079463
-0.779083
0.433703
-0.798668
-0.882749
0.584419
0.295559
0.663343
0.797422
0.758434
0.753525
0.990720
0.232963
0.006085
-0.064989
-0.803179
0.292684
0.672425
0.255413
-0.501973
0.815121
0.022003
0.911636
-0.137095
0.349470
-0.257343
-0.318113
-0.163574
-0.742001
0.737880
-0.593878
-0.879989
-0.896741
-0.573476
0.806333
-0.777159
-0.082875
0.919321
0.627388
-0.586757
-0.752942
-0.527019
-0.759453
-0.634060
-0.404110
-0.393603
-0.156827
0.111495
-0.975208
0.815849
-0.977091
0.885892
-0.153298
-0.024934
0.892411
0.849880
0.968745
0.702052
0.380966
-0.425164
-0.263951
0.339608
0.468225
0.941769
0.239252
0.102732
0.120136
-0.465474
0.103667
-0.650838
0.803718
0.708166
-0.120611
0.940427
-0.976103
-0.298759
0.168930
0.849324
0.921441
0.061079
-0.862663
-0.834568
-0.203333
0.894397
-0.644681
-0.579268
-0.056771
-0.377584
0.911119
0.307090
-0.774473
-0.748596
-0.507980
-0.220591
0.759536
0.067774
0.804787
-0.306162
-0.408944
-0.808730
0.042442
-0.820887
0.859163
0.594788
0.150255
-0.141837
-0.698495
0.953000
-0.280310
-0.844007
-0.843714
0.494865
0.202460
-0.768023
0.866352
0.434574
-0.617880
-0.808889
-0.809242
0.930294
-0.497808
-0.646759
0.142211
-0.303312
-0.766371
-0.322289
-0.940375
-0.038280
0.459605
-0.129238
0.593222
-0.150321
-0.923200
-0.839083
-0.001608
0.675734
-0.850234
0.686334
0.154900
-0.635443
0.204034
-0.278393
-0.219976
0.534302
-0.668065
-0.949966
-0.510296
-0.433730
-0.354229
-0.411714
0.275824
-0.842024
0.967073
0.225534
-0.154002
0.840648
0.232853
0.283455
-0.926966
0.957617
-0.279811
-0.875421
0.672562
-0.173735
0.328294
-0.703305
0.022340
0.227525
-0.518152
0.034873
-0.173779
0.703840
-0.822028
0.438580
0.686184
-0.725834
0.115680
-0.866303
-0.724074
0.686420
-0.663141
-0.859978
-0.031577
0.147937
-0.823876
-0.731396
-0.582558
0.900067
-0.131271
0.443832
0.306896
0.445901
0.049613
0.307487
-0.409051
0.661623
0.958784
-0.923267
0.718214
-0.293537
-0.298709
0.964534
0.092146
-0.588730
-0.527990
-0.671819
0.889514
-0.454481
-0.133074
-0.090638
0.382856
0.310172
0.651382
0.191690
0.368536
-0.984614
0.968615
-0.405322
-0.460516
-0.798607
0.225900
-0.358222
0.888408
-0.777207
-0.929898
0.196447
-0.192205
-0.544045
0.060740
0.916393
0.181832
0.011817
0.325980
-0.433006
0.375263
-0.410899
-0.525545
-0.947081
-0.130409
0.061162
0.494041
0.650183
0.071297
0.391371
0.286653
0.221182
-0.388069
0.738358
-0.257880
-0.876652
0.819208
-0.912746
-0.494323
0.759650
0.060434
0.989079
0.220317
0.921948
-0.524686
0.630431
0.939897
-0.928112
-0.057120
-0.735237
0.621849
-0.210058
0.109084
0.944477
-0.892491
-0.319218
0.353808
-0.416858
0.759757
-0.055735
0.057789
-0.769428
0.140430
0.441286
0.801988
-0.108485
0.868274
0.947488
-0.219719
0.626239
-0.003301
-0.039245
-0.803176
0.976194
0.010664
0.128091
-0.727819
-0.393268
0.014461
-0.008589
0.610705
0.033627
0.477297
-0.404283
0.837388
-0.564703
-0.791460
-0.960113
-0.268563
0.754049
-0.108112
0.366273
0.533122
-0.201919
-0.697788
-0.881713
-0.477830
-0.383481
-0.428165
0.936682
0.788218
-0.491175
0.524420
-0.284168
-0.512174
0.633118
0.447058
0.938324
-0.464334
0.778436
0.633700
0.301903
0.190107
-0.782772
0.828589
-0.028861
0.972020
0.450949
0.458563
0.861395
-0.237412
-0.725788
0.196188
-0.300892
0.006621
0.403098
-0.028326
0.253482
-0.197068
0.343456
0.987469
0.977656
-0.089322
-0.865423
0.972421
0.061012
0.108647
0.027596
-0.912756
-0.179364
-0.908502
0.213503
-0.511168
-0.807977
-0.550964
0.021664
-0.465183
0.876145
0.606357
-0.569191
0.355383
0.969056
0.002078
0.782025
-0.148103
0.195030
-0.684326
0.620240
0.665906
0.053477
0.274652
0.483996
-0.081904
0.257029
-0.741323
0.004981
0.414867
0.934762
0.812207
-0.012615
-0.892355
0.217988
-0.116205
0.822114
-0.879784
0.883218
0.028995
-0.870772
-0.507886
-0.673186
-0.538347
-0.446365
0.576972
-0.364881
-0.070656
0.902265
0.475506
0.490489
0.256752
0.882596
0.664178
0.584580
0.667096
0.408288
0.145456
-0.073952
-0.286471
0.725915
0.021755
-0.999018
0.536758
0.086710
-0.400942
0.969392
0.414291
-0.448599
-0.082832
-0.189080
-0.962020
-0.722512
-0.245945
0.058324
-0.323560
0.703253
-0.927917
-0.827344
-0.914031
-0.332303
0.451085
0.693329
0.104539
-0.877853
0.209271
-0.628369
-0.039279
0.701748
-0.890865
-0.415925
-0.113683
0.424359
-0.852674
0.463946
0.905008
-0.863898
0.741080
-0.795223
-0.480837
0.320174
-0.928864
0.433992
-0.078466
0.516956
0.364364
-0.286170
-0.509101
-0.720833
0.885175
-0.094371
-0.597897
-0.374133
-0.075849
0.219387
0.126419
0.890559
0.792053
-0.560768
-0.085334
0.106893
0.770329
-0.736265
0.723956
-0.736030
0.812481
0.882480
0.531602
0.641740
0.634499
-0.171656
-0.760272
-0.977767
-0.046342
-0.722588
0.460916
0.254665
-0.411172
-0.936574
-0.767722
-0.252548
0.142785
-0.989506
-0.015560
0.702869
0.467489
0.861991
0.624945
0.205840
0.932820
0.461065
-0.254021
0.848139
-0.539133
0.550416
0.880036
-0.276202
0.805085
-0.991737
0.342312
0.610271
0.528108
0.788405
0.855287
0.912436
0.734765
-0.839571
-0.825389
0.181265
-0.980417
-0.707426
0.895272
-0.520284
0.223774
-0.140895
-0.834397
-0.927170
-0.877860
0.655483
0.299615
-0.469340
0.814558
-0.036950
-0.611804
-0.355102
-0.465512
-0.548356
-0.649753
-0.783719
0.063616
-0.834989
-0.299767
0.013720
0.334097
0.544282
0.944739
0.053211
-0.966854
-0.151571
-0.715617
-0.773534
-0.181812
0.311153
-0.032967
0.236927
-0.926168
-0.167665
0.510246
-0.443463
0.536133
0.736784
0.358946
0.404524
-0.920831
-0.726184
0.030472
-0.108427
-0.584758
0.043145
0.307760
-0.020058
-0.245741
0.599769
-0.210498
-0.910423
0.626209
0.125485
0.357538
-0.335558
-0.005645
0.997621
-0.915058
0.648524
-0.152146
0.213330
-0.127120
0.053534
0.151774
-0.100041
-0.104617
-0.390048
-0.634315
-0.340029
-0.866081
0.988652
0.514168
0.331965
0.153978
0.811445
0.403154
0.900458
-0.905894
-0.742882
-0.686361
-0.351165
0.959581
0.190237
-0.097672
-0.724023
-0.489237
-0.728499
-0.194692
0.020991
0.960077
-0.861414
-0.134812
0.459936
0.102273
-0.672968
-0.787907
-0.020966
-0.571616
0.161875
0.992226
-0.831299
0.091213
0.739082
0.406394
-0.612457
0.690708
-0.974776
-0.953564
-0.413713
-0.197220
-0.094375
-0.377435
-0.719289
-0.374596
-0.858934
0.933830
-0.675008
0.321014
-0.134510
-0.812550
-0.115710
0.404442
-0.249799
-0.057109
-0.181017
0.308695
0.966956
0.093114
0.748643
0.836534
0.091537
0.181105
0.519969
0.140879
-0.401461
0.578349
0.707729
0.370993
0.694348
-0.380507
-0.347593
0.478472
0.897654
-0.641506
-0.664683
0.847704
-0.396589
-0.525936
-0.049895
-0.763693
0.963213
-0.990421
-0.504074
0.190355
0.257160
-0.650117
-0.951567
-0.715083
0.518406
0.327397
0.920079
0.725702
-0.421442
0.282911
-0.378847
0.170667
-0.935304
-0.962710
0.545185
-0.070818
-0.833558
-0.562205
-0.995823
-0.450764
0.608052
0.368828
-0.290565
-0.767167
-0.093138
0.905871
-0.893653
0.341989
-0.642354
0.971909
0.327704
-0.169531
0.624569
-0.426155
-0.399285
-0.180911
-0.554460
0.818909
-0.262532
0.962569
0.810701
-0.911756
-0.107814
-0.880015
0.719658
0.766361
-0.085941
0.082316
0.276574
-0.365068
0.925662
0.742738
0.155616
-0.836086
-0.016651
-0.551185
-0.078287
-0.829318
-0.358260
0.697806
-0.833771
0.876963
0.942792
-0.745618
-0.465117
-0.059728
0.162437
0.740289
-0.594451
-0.507512
-0.504638
0.901689
0.160404
0.550655
-0.629897
0.116967
-0.541111
-0.315169
-0.750754
-0.232930
0.533355
-0.347175
-0.421194
0.305499
-0.740363
-0.744960
-0.945775
0.471609
0.387266
-0.423440
0.181313
-0.225529
-0.714287
0.287751
-0.267396
-0.662649
-0.471090
0.136223
-0.120011
0.432159
0.086409
0.884818
-0.661837
-0.632793
-0.929017
0.673139
-0.308663
-0.473975
0.866875
-0.562337
0.700277
-0.267369
-0.227320
-0.272130
-0.414292
-0.463064
-0.486036
0.959941
-0.997810
-0.764681
-0.411488
-0.076481
-0.180582
-0.212348
-0.303395
-0.066910
0.858967
-0.588210
0.219053
0.830574
0.900045
-0.549651
-0.161931
-0.031155
0.810730
-0.653314
0.666041
0.388241
0.833088
0.093123
0.887400
0.753749
-0.624792
0.127420
0.721178
-0.912794
0.665822
0.646830
-0.757081
0.979408
-0.633507
0.996341
0.433859
-0.260070
0.287600
-0.682906
0.970311
-0.113495
-0.647248
-0.180091
-0.438559
-0.345803
-0.766422
-0.999141
-0.434447
0.681798
0.566244
0.559590
-0.467403
0.550120
-0.064081
-0.536561
-0.823705
-0.554941
-0.152485
0.847802
-0.642393
0.324212
-0.222355
0.721151
0.656457
0.896844
0.478673
0.197959
-0.198506
0.799733
-0.216014
-0.548132
-0.908007
-0.657770
0.766281
0.536266
0.747125
0.791439
0.614315
0.673622
-0.036254
0.410138
0.952496
-0.879752
-0.569385
-0.909884
0.631233
0.526330
-0.685972
0.366753
0.268878
0.307436
0.816055
0.739099
0.700376
-0.566666
0.500119
0.687837
0.292539
0.339600
0.982393
0.840166
-0.500629
0.951121
0.294944
0.823887
0.913298
0.132224
0.671181
0.219499
-0.108229
0.595699
-0.603320
0.529034
0.099986
0.049098
0.177967
0.906972
0.234155
0.986749
-0.032937
-0.695778
-0.271106
0.158942
0.044405
0.158889
0.566844
0.372068
0.783767
0.802590
0.622315
-0.334391
0.777665
-0.989355
-0.000931
-0.702473
0.400500
-0.147232
-0.081356
-0.076259
0.708040
-0.302793
0.747751
-0.312732
0.370065
-0.797010
0.603582
-0.100689
-0.357612
-0.898820
-0.890477
0.751605
-0.896783
0.928895
-0.941752
0.106591
-0.461550
0.320344
-0.299644
0.101011
-0.601483
-0.622486
-0.585330
0.496576
0.365854
-0.253024
0.578929
-0.131723
0.711517
-0.193904
0.559271
0.260717
0.090723
0.292651
0.124497
0.504995
0.998110
-0.002366
0.728464
-0.440723
0.426598
-0.443695
-0.074160
0.476646
0.944349
0.747460
0.637734
0.681678
-0.029091
-0.682675
0.929145
-0.284692
-0.873036
0.221350
-0.693898
-0.192549
0.026683
0.721347
0.032868
0.231676
-0.486975
-0.491525
0.760611
-0.186435
-0.998290
0.008205
0.942769
-0.987701
-0.256764
0.938538
-0.436929
0.247562
0.441989
0.535166
-0.333392
0.825362
-0.685496
0.530730
0.196842
0.090518
0.003251
-0.759672
-0.483000
0.831251
0.179186
0.069926
0.764597
0.925273
-0.740797
-0.309635
0.889330
0.204453
0.906390
0.734651
0.120481
-0.994821
0.881022
-0.218012
-0.736904
-0.457217
-0.478373
0.761312
-0.789984
-0.825635
0.211075
0.052405
0.351149
0.804415
0.618446
0.370513
0.938433
-0.723805
-0.699955
0.142849
0.704867
0.821315
0.845599
-0.445642
-0.274940
0.945812
0.248513
-0.449554
0.357562
0.078124
0.107751
-0.878694
0.826470
-0.799125
-0.153451
-0.482129
-0.905788
0.439315
0.677164
0.630881
0.559013
-0.070975
0.733037
-0.905172
-0.672541
0.562907
0.842767
0.462183
0.965238
-0.582876
-0.457373
0.627524
-0.281591
0.719385
-0.474811
-0.871834
-0.101105
-0.916182
-0.256367
-0.751510
-0.384237
-0.643341
0.219888
0.094136
0.874018
-0.301107
0.588101
-0.315142
-0.304079
0.986351
0.359117
-0.664477
-0.815074
0.831041
-0.729309
-0.274633
-0.868694
-0.616372
0.677180
0.895290
-0.197074
0.241502
-0.088363
0.297376
-0.419609
-0.406298
0.143490
-0.176678
-0.346839
0.614031
-0.147836
0.431127
0.372764
-0.761028
-0.261268
-0.892954
-0.840706
0.754334
0.892979
-0.751589
0.988231
0.441643
0.625257
-0.618404
0.390086
-0.786714
-0.939337
-0.397921
-0.080241
0.515114
0.585381
0.063109
-0.839420
-0.085281
0.941897
0.654553
0.474712
-0.787386
-0.825531
-0.384512
0.903452
0.412773
0.928387
0.292601
-0.704628
-0.817260
-0.267320
0.604933
0.648070
0.145534
-0.845847
-0.060427
-0.889456
-0.516512
0.990613
0.186838
-0.640449
-0.723635
0.291841
-0.849983
-0.850800
0.403906
-0.932843
-0.896962
-0.647417
0.955677
0.333764
-0.842218
-0.560197
0.351827
0.030584
0.223770
-0.216225
0.130146
-0.214549
0.768220
0.646263
-0.600317
-0.998917
-0.110061
-0.391344
-0.661174
0.726756
-0.095866
-0.192662
0.247715
0.872975
0.705008
-0.671671
0.410608
-0.234126
-0.437188
0.017977
-0.590931
0.615710
0.192020
-0.441431
0.879932
-0.206754
0.594314
0.181343
0.274694
-0.883741
0.410696
-0.062466
0.965169
0.139278
0.212881
0.772629
0.242543
0.521316
-0.299166
-0.384799
0.303153
0.212900
-0.956670
0.932926
0.459421
0.895432
0.451850
-0.852497
-0.369464
0.011626
-0.725485
0.170563
-0.596971
-0.800536
-0.077509
-0.421374
-0.661923
-0.069415
-0.731299
-0.884283
0.461383
0.963293
0.557120
0.438115
-0.915002
-0.352610
-0.332884
0.972437
-0.643326
0.491547
-0.409631
0.077443
-0.672628
-0.965294
-0.530184
0.881196
0.993987
0.353177
-0.586665
0.105137
0.614570
0.962482
-0.864734
-0.506949
0.817901
-0.707226
0.368985
0.278978
-0.478283
-0.532488
0.725023
-0.199635
-0.445043
-0.800961
0.392629
0.411045
0.886266
-0.303184
-0.707775
0.877460
0.647080
-0.170464
0.150965
-0.908886
-0.930227
0.039272
-0.815324
0.363295
0.508967
0.045342
0.935983
-0.355641
0.880517
0.578875
-0.539310
-0.433690
0.994762
-0.000433
-0.981535
-0.086091
-0.413606
-0.476258
-0.595231
0.445435
0.475139
0.247219
0.966068
-0.992851
0.807100
0.906828
-0.440721
0.456383
-0.803139
-0.395953
-0.224040
-0.092110
-0.890827
-0.977454
-0.069231
0.242186
0.827819
-0.608278
-0.941978
-0.161336
-0.259350
-0.315345
0.470260
0.284940
0.830389
-0.446689
-0.909483
-0.095667
0.976365
-0.745401
-0.665594
-0.751549
0.164023
-0.956680
0.756805
0.180266
-0.598833
-0.069684
-0.860893
-0.683676
-0.262443
0.404173
-0.624116
-0.111076
0.464608
-0.280612
0.114517
0.792123
0.734975
0.857334
0.033680
-0.981053
-0.866154
-0.359563
-0.341338
0.083396
-0.712224
-0.047870
-0.977238
0.065923
-0.445379
0.497758
-0.215912
-0.912066
0.161328
-0.866663
-0.021167
0.288603
0.989266
0.853700
0.149676
0.726609
-0.666108
0.524611
0.909426
0.924903
0.586949
0.682663
0.881497
0.515672
-0.415801
-0.097864
0.296565
0.753717
0.087854
-0.331119
-0.705615
0.177303
0.245302
0.457685
0.514717
-0.647081
0.689123
-0.228690
-0.041052
0.746257
-0.414401
0.675281
0.380312
-0.846840
-0.003196
-0.412335
0.202416
0.577535
-0.308925
-0.664529
-0.562229
0.491450
0.013361
0.667322
0.262783
-0.962337
0.449581
0.056384
-0.917634
0.794153
-0.713614
-0.083353
-0.653050
-0.878862
-0.471954
-0.024823
0.649895
-0.837496
0.622156
0.989023
-0.397302
-0.051375
-0.089969
0.936447
0.594497
0.481789
-0.701949
-0.611692
-0.989752
0.393779
-0.992621
-0.802913
-0.365894
-0.421030
0.960405
-0.224197
-0.608808
-0.165152
0.297087
-0.920888
0.248701
0.591450
0.133071
0.039766
0.995022
0.714105
0.600598
-0.285603
0.610630
0.575077
-0.032925
0.899960
0.963593
0.242313
0.845408
0.123105
0.505328
0.160317
-0.861900
-0.956490
0.334655
0.608904
-0.553933
0.657513
0.882994
-0.080549
-0.405964
-0.462484
-0.976034
-0.957169
-0.546852
0.397917
0.017812
0.835174
-0.405938
-0.016027
-0.700824
0.830338
0.670707
0.105217
-0.156565
0.275290
0.676919
0.213310
-0.466527
0.872816
-0.241420
-0.640322
-0.572914
0.175859
-0.681249
-0.644318
-0.403644
-0.844395
0.975107
0.401176
0.836901
0.728222
-0.645805
0.369217
0.010522
-0.644094
-0.347317
0.912890
-0.884961
0.019406
-0.043552
-0.733682
-0.160547
-0.815720
-0.755109
-0.482691
-0.952681
-0.792765
-0.108778
-0.104639
-0.748487
-0.599120
-0.895271
0.550847
0.036438
0.540205
