2924.377197
2999.119986
2978.282704
2996.278918
3001.506515
3003.019882
2936.530911
2996.242386
2972.250096
2999.785636
2902.690602
2997.697733
2964.633311
2997.497945
2930.770525
3001.215857
3001.952638
2999.927003
3002.366982
2996.700899
2903.796388
2956.414934
2901.000619
2967.203223
2965.399104
2961.345449
2942.108813
2910.726992
2947.711540
2920.955914
2963.703036
2995.668803
2953.618995
3000.809362
2918.119366
2999.870259
2963.974519
2999.580896
2950.403931
2965.199142
3006.385345
2995.427234
2995.845381
2996.909118
2942.860790
2973.624508
2994.663424
2999.332773
2977.896889
2998.358970
2981.765018
2936.970744
2989.568019
2994.438127
3001.439261
2977.298200
2951.789356
3003.026684
2997.975009
2995.952489
3000.498387
2999.547029
2998.426968
2966.243134
3001.803202
2999.243137
2942.764995
3000.009440
2963.296935
2998.443701
2976.412561
2999.001166
2915.252657
2998.072523
2968.379218
2966.340747
2965.275792
2997.272781
3001.550729
2922.950570
3002.843669
2998.745835
2997.714795
2996.652913
2959.374629
2981.236579
3001.326884
2989.116697
2996.869878
2931.577076
2999.243606
2929.372218
2965.867289
3001.276596
3003.749760
3000.615743
2921.780924
2908.706912
2949.746070
2982.271287
2998.706232
2967.993692
2944.325669
2995.595282
2997.778561
3000.424026
2997.210508
2931.701650
3002.935604
2986.199743
2975.433602
3001.530346
2996.014896
3003.816899
2946.167893
2908.835926
2981.127977
3000.990090
2929.128364
3000.763865
2998.957370
2948.735820
2999.627151
2997.387580
2963.811776
2943.144057
2995.612333
2910.747903
2961.316349
2996.955794
2963.519052
3000.973102
2998.685469
2956.268731
2977.602438
2961.611926
3002.968205
2957.630805
3001.216522
2939.146114
3003.084913
2933.803176
2922.463265
2998.368437
2997.772930
2946.151786
3002.073711
2947.993301
2987.996720
2904.962220
2998.073426
2997.867637
2997.296285
3003.021866
2937.275681
2947.364837
3008.272279
2980.410839
2980.973264
2973.953886
2954.855797
2954.202705
3002.747308
2908.493287
2949.320242
2962.903116
2996.772170
2965.974775
2997.973377
2994.549269
2998.182882
2999.862054
3001.549415
2945.121635
2963.977526
2975.392727
2934.146385
2966.853341
2999.127474
2969.689561
2999.063411
3002.143836
2996.441597
2999.678751
3000.092100
2901.836928
2999.318093
2968.985883
2999.004991
2976.664277
2998.042225
2919.912827
2938.426455
2941.268024
2997.969869
3001.404806
2998.005249
2925.274950
2998.475012
2999.479044
3000.107758
2960.941078
2996.731426
2995.531593
2996.271944
3004.388601
3003.045066
2997.694394
2929.710385
2957.221685
2945.218797
2907.736450
2998.635300
3001.328128
2901.360704
2964.746553
3004.285609
3001.127556
2972.106178
3001.035138
2998.317338
2909.603869
3002.466668
2957.642297
2948.635587
2998.237978
2965.765156
2998.213295
3001.870564
2991.282765
3001.282044
2997.878686
3005.004262
2996.149435
2997.382964
3012.264462
2980.046532
3001.482883
2949.118765
2970.915935
2999.782023
2995.760819
2920.585106
2919.564310
2993.196374
2995.340747
2964.161596
2999.192452
2961.109094
2923.021330
3000.190564
2933.779868
3003.487181
2915.496849
2929.346414
3000.514519
2997.681108
2946.114264
2997.977765
2980.772657
2997.984113
2997.009721
2995.637322
2983.149762
3001.301791
2997.311169
2925.877671
2997.654095
2929.374578
2997.011473
2999.652795
2960.960718
2948.784573
3000.783325
2967.575779
2931.053500
2996.872426
3002.019060
2997.474987
2925.713112
2955.241178
2955.516653
2995.914079
2958.970127
2962.621480
2961.560613
3001.057129
2963.840421
3000.327850
3001.153113
2953.916214
2945.961046
2920.245744
2959.303577
2997.346973
3001.240857
2953.449811
2997.958237
3000.835261
2952.921999
2961.239620
2997.438986
2960.181764
2999.865647
2955.831337
2962.551068
2996.324852
3003.660264
2974.309638
2974.349014
2995.702004
2941.551002
2997.205644
2998.828145
2994.154576
3002.192742
2983.308214
2933.764565
2968.679643
2947.892727
2980.413810
2999.564221
2939.724714
2935.164188
2996.697697
2964.089335
2903.835165
2942.959434
2942.297535
2997.140813
2945.609085
3002.173036
2979.056745
2999.025871
2943.112718
2945.267167
3001.687413
2981.289913
2997.859350
2917.297494
2962.652848
2996.320485
2908.326450
2932.912519
3000.866119
2912.586175
3003.507116
2997.883845
3002.174564
2978.988762
3005.505900
2997.422336
2959.289187
2940.296467
2998.584461
2996.021515
2938.628045
3002.855740
2998.202285
3002.279094
2928.687894
2947.696756
2999.366090
2922.447740
2974.102708
2962.640236
3003.711650
2988.842595
2998.254357
2950.698738
2998.209408
2967.076127
2998.718636
2930.223029
2976.751937
2973.772593
2930.844295
3003.399408
2999.202192
2901.534427
2996.841697
2942.053340
3001.589128
2961.298182
3001.851166
2998.130453
3001.095696
2998.116184
2999.931471
3001.192358
2943.869416
2964.074897
2942.770414
2965.295627
2994.880813
2976.886360
3000.486452
2998.187280
2996.443011
2962.083290
3004.759183
3001.701322
2997.012986
2982.820904
2945.413326
2967.650333
3002.040490
3001.674302
3000.582333
2997.595717
2952.609903
3000.154894
2997.546137
2930.549276
2987.371274
2969.913463
2907.188337
2998.532131
3002.829185
2996.869480
3003.357430
2955.537246
2991.648252
3001.204106
2998.735399
2996.720276
2993.918279
3000.640116
2940.350888
2997.992007
3002.645793
2997.840404
2997.289129
2999.716300
3002.088549
2947.592962
2997.559832
3000.117019
3003.535241
2999.710967
2998.109654
2998.247999
2997.897318
3000.353037
2909.797550
3000.393982
2934.124256
2997.161939
2939.478242
3002.468344
2995.987019
2996.658485
2950.282476
3001.644786
2929.004561
3000.453392
3000.660576
2973.331382
2918.332759
2997.548881
3009.076281
3002.568101
2950.848612
3002.909223
2958.161392
2999.434389
3001.965632
2963.825519
2954.446810
2997.438834
2943.251543
2978.946180
2999.008131
2932.799570
2966.630722
2999.252893
2997.957798
2996.950279
2955.839482
2998.962943
2996.676155
3000.800309
2920.778032
2966.288875
2996.834753
2997.620465
2968.822774
2988.583741
2931.608923
3003.677265
2998.507035
3001.637965
2997.630428
2970.510607
2937.605119
2921.351491
2962.052706
3001.380181
2968.746602
3003.906674
2962.103554
3000.319090
2997.416123
2960.146228
3000.693736
2994.543441
2977.582592
3000.756528
2931.174522
2997.919382
3002.452139
2973.717485
2925.103712
2997.525935
3000.902866
2956.916088
2997.585689
2954.755569
2969.384453
2969.029971
2998.429590
2906.367851
2949.436652
2997.696179
2955.823641
2929.586007
2908.650174
2998.354931
3002.371370
3000.012405
2956.538150
2998.056102
2937.193591
2994.548037
2981.042904
2966.647454
2997.449254
2924.162169
2902.686877
2997.697436
3003.310448
2959.008364
2906.646403
2913.814805
3001.585905
2965.203566
2972.839067
2921.211225
2969.528078
2997.623282
2964.781061
3001.693869
2964.681086
2955.471079
2998.943149
2989.110678
2930.927236
2979.707867
3000.700278
2972.127090
2948.561848
2996.713035
2987.349962
3002.430393
3001.078166
2999.726512
2961.646423
2986.667397
2917.821411
2934.467777
2962.964653
3000.006554
2935.284656
2989.339005
2999.885048
2948.880613
2963.916569
2964.411765
3000.948311
2972.821949
2967.907734
3000.179570
3000.886952
2966.247933
2999.037517
2955.542956
2958.182944
3003.103163
2965.138900
2965.472134
2925.736200
2919.306187
3001.976139
2936.660868
2927.772373
2954.557211
2966.388014
2943.864629
3002.080264
2914.144697
2997.738258
2928.522000
3000.135403
2995.974312
2939.920417
3002.320002
2995.358064
2923.477353
3002.239019
2972.441376
2997.990761
3003.588457
2965.449003
2927.094750
3000.027734
3001.516101
2941.715644
2984.385016
3004.151321
2983.335760
2993.792810
2997.125935
2952.940924
2960.674667
3000.919122
2996.547562
2966.848589
2952.861292
2973.672240
3001.410053
2931.693012
3002.615943
2999.700988
2983.437661
2913.191952
2989.061875
2997.095976
2995.971725
2985.941412
2998.774213
2974.931333
2929.543088
2965.986448
2942.726219
2940.501831
2998.450805
3001.286884
2998.667753
2992.279886
2965.980802
2999.243687
3000.284828
3000.964680
2999.406246
2997.031489
2950.223759
2902.487854
2907.257803
3001.198779
2924.642300
2999.858217
2970.802068
2950.623931
3000.960264
3001.480965
2996.341917
2943.139707
2931.546545
2998.285104
2999.250667
3001.237121
3000.579884
2922.210742
3001.690814
2998.394310
3000.363195
3000.097337
2923.600260
2996.043411
3002.972582
3003.053911
2997.873708
2997.634060
2999.288320
2998.394501
3003.566964
3000.871667
2983.141471
2927.644395
2981.089447
2933.646607
2996.905354
3002.176248
2959.435457
3000.763872
2937.858185
2903.853849
2962.979401
2994.980553
2964.402026
2997.198021
2969.150365
2956.404594
2998.434484
2997.917038
3003.379159
2997.427287
3000.823927
2998.525591
2932.783792
3000.827431
2973.391884
2919.971734
2997.197730
2962.596568
2999.877570
2935.695996
3003.444022
2951.928831
3000.928073
3001.448335
2976.949162
2910.074225
2956.653869
2999.661514
2980.137878
3001.022189
2966.789419
3000.971693
2972.298384
2922.233934
2928.049683
3000.309120
2999.191672
3001.385494
3003.225155
3002.677856
2971.769358
2997.529426
2961.932612
2973.619696
3000.056770
2911.218927
2993.171398
2938.386242
2905.329128
2995.146932
2919.675220
2997.684655
2998.640045
2939.194188
2996.652272
2959.862811
2924.205487
2955.034026
2964.635602
3003.956175
2997.975050
2997.248926
2998.435786
2937.370785
2964.283633
3002.805368
2914.074530
2958.422568
2999.070333
2999.344194
2984.084381
2990.166558
2905.476803
2983.241626
3001.288346
2997.803444
2997.337607
2958.604958
3000.320452
2910.511868
2995.739554
2995.268031
2997.016266
2953.927900
3001.936080
3001.336322
2970.413571
3000.223103
3001.189600
2973.735057
2945.967980
3001.067799
2935.984433
2945.116648
2997.340583
2952.958020
2960.176570
2945.605247
2919.522973
3001.832779
2918.797101
2936.874007
2955.232382
2960.044031
3000.334203
3000.284544
2960.518459
3001.415244
2999.538838
2953.436368
2926.501047
2998.235294
2997.658273
2998.178782
2993.143518
2904.009253
2954.210097
2996.021131
2980.992861
2965.479075
3001.294114
2938.804179
3000.791795
3000.923485
2991.253192
2997.386200
2901.710016
3002.996249
2945.325633
2997.035090
2965.741071
3003.003882
2911.097402
3002.147760
3002.208868
2925.744861
2960.338626
2966.523179
2998.323270
3001.479595
2919.826466
2972.278577
2960.758414
2995.764963
3001.744139
2974.054618
2911.307168
2994.862116
2999.316595
2996.834865
2999.802302
3000.046887
2921.341270
3000.860122
2994.370730
3000.317011
2996.972070
2998.525712
2996.653024
3001.499155
2907.765113
2983.559230
2998.387745
2943.625449
2938.412660
3001.957279
2998.295681
2999.897582
2999.997615
2977.650243
3000.551760
3001.154312
2998.338292
3002.220234
2935.598285
3001.540215
3005.413086
3000.241322
2996.228677
2961.889846
2984.395709
2934.003353
2997.152822
2935.094328
2997.950664
2966.614740
3001.116191
3003.123073
2965.550643
3002.409625
2997.894016
2920.566699
2948.060303
3002.926182
2947.669824
2996.686790
2960.310662
2995.408312
3001.955657
2999.568221
2998.612765
2999.137724
2931.688208
3000.694376
3000.484049
2955.453841
2964.521599
3003.034540
3002.869748
3003.134986
2998.267281
3001.291584
3001.375900
2950.664255
3001.266795
2977.915912
2919.158922
3006.768526
3003.328826
2961.173266
2928.838523
2948.963434
3003.726031
2941.511596
2940.045155
2949.694340
2934.664893
3000.688020
3002.805413
2963.687708
2999.204337
3004.136347
2931.235712
3000.158774
2948.118340
2911.808991
2997.052127
2996.389015
2958.561065
2947.175370
2998.044231
2969.424909
2997.191654
2995.864291
2927.242313
2980.227137
3000.551726
3000.569240
2966.015827
2941.734224
2958.814728
2999.528325
2960.764317
2998.878231
2996.846592
3000.092275
3000.570985
3000.517940
2998.516378
2915.122096
2980.592371
3002.047964
3000.147175
3003.493097
3005.816485
2910.767919
2959.882796
2906.923135
3000.649157
2936.216810
2966.351278
2995.696189
2968.011479
3000.317298
2996.206255
2995.662923
2969.929398
2921.784746
3002.497483
3003.278483
2999.947473
3003.029398
2985.474647
2954.258328
2973.360957
2997.032948
3000.003936
2998.594935
2970.171312
2997.589292
2997.803955
2953.675447
2942.775916
2953.226949
3000.639130
3008.141238
2974.488342
3001.435420
2998.801786
2923.584626
2993.456163
2992.860048
2997.491251
2998.005320
2997.437707
2998.527601
3002.964210
2970.649474
2945.945245
2956.691941
2994.271152
2911.557262
3002.494366
3001.741641
2954.813043
2953.684740
2961.686717
2969.398921
3001.426888
2947.208719
2951.214834
2995.670542
2976.048070
2968.492062
2997.696927
3001.476582
2991.975414
3002.558146
3002.744439
3000.334600
2980.478834
3001.529774
2948.070071
2998.464067
3003.106515
2980.948456
2997.894239
2945.495345
2947.799029
2928.589086
2949.670954
3000.501090
2958.353987
3003.560302
2971.456610
2921.945076
2929.804198
2962.465307
2957.072075
2965.575055
2966.303833
2950.488481
2991.192883
2940.412578
3001.497066
2996.781102
2996.834996
2997.592564
3001.940787
2924.042617
2920.443414
2998.110949
2970.764031
2996.893184
2995.445852
3003.621466
3001.497520
2970.572057
2963.844741
2953.378698
2967.427989
2998.936166
2959.707470
2995.562627
3002.737586
2995.726506
2979.846047
2948.208077
2995.807434
3003.586973
2995.909996
2998.280630
2996.787419
2996.840284
2995.777002
3000.671038
2997.093963
2929.571590
2977.036584
2968.879365
2995.764262
3000.322028
3005.007048
2980.872737
2973.632214
2994.305393
2986.712642
2999.275456
2973.342903
2943.047009
2989.698089
2986.931872
2966.507554
2928.977373
2917.699028
3002.943526
2998.839738
2901.123748
3000.389926
3001.939793
2999.239790
2997.430771
3003.418206
2984.481301
2996.449183
2929.179701
2996.824942
3000.383325
2982.200804
2953.105459
2999.235069
2989.645988
2999.234615
3001.629534
2996.275262
2999.393869
3002.727305
3000.936274
2917.803577
2906.073116
2951.008322
2985.697808
2941.929850
3000.505731
2969.707116
2999.572942
3001.688474
2945.422569
2954.073939
2914.960602
3002.117474
2998.736680
3000.833964
2962.173239
3003.472318
3002.185501
2997.833879
2962.932904
2990.441774
2994.773521
2990.761289
2946.247841
3002.916049
2942.950335
2958.297253
2948.535651
2909.525607
2998.945540
2949.757325
2999.937873
3002.591815
2949.129963
2931.667422
2998.963703
3009.074428
3001.914913
3001.565846
2988.508656
2998.415785
2900.102345
2962.372690
2999.516637
2996.171528
2965.673956
2939.302620
2996.267964
3003.459616
3002.012554
2966.338438
2958.325471
2997.658437
2971.209897
2997.366483
2999.407020
2931.623380
2970.782277
2997.737332
2961.277840
3001.242081
2962.390029
3005.667845
3000.272094
2997.995102
2913.406941
3003.356244
2997.662759
2997.981106
2997.325608
2970.161492
2998.173204
2996.635972
2931.858822
2997.424183
2913.928552
3000.755502
2998.174975
3000.961495
3000.008898
2995.551206
2996.446787
2999.387644
2964.187142
2998.687146
2949.370715
3001.656751
2999.850419
2944.754758
2999.341161
2946.821187
2975.395362
3001.711359
2952.210415
2997.077162
3000.039712
2964.810191
3000.744016
2995.709753
2975.248464
2924.427948
3002.909138
2902.787231
3000.101281
2974.518144
2930.105861
2964.825090
2999.558990
2979.582791
2998.977106
3004.605532
2999.563934
2953.012838
2951.501604
2995.717803
2997.372261
3001.674165
2998.286222
2961.217601
3001.407854
2997.617707
2925.536262
2998.456030
2921.857577
2998.177177
2948.200857
2997.054191
2977.578540
2997.142655
2962.449442
2969.174644
2990.149177
2966.826616
2957.149715
2995.296909
2982.147601
2996.777748
2956.436338
3005.000989
2997.361438
2997.172483
2934.329925
2996.569739
2975.840285
2998.630179
2997.937667
2997.787639
3000.424620
3000.215246
2968.917054
3006.323967
2998.059331
2966.207443
2952.692456
2979.506046
2977.181860
2957.344018
2975.188295
3001.782868
2966.313074
3000.754613
3002.358840
2947.462628
2949.988457
2995.202402
2903.189872
2963.587494
2935.572658
2951.157971
2999.622899
3002.204777
2975.684790
3001.828125
2997.246800
2954.948321
2942.156812
3002.862785
2963.854522
3002.929252
2952.633690
2999.970467
2995.485437
2941.782889
2932.102838
2912.341434
3003.035227
2960.642941
2996.936552
2956.986966
3001.631197
2954.570206
2978.479644
2961.202468
2957.730845
3003.571936
2967.473305
2943.745773
2982.305313
2970.897614
3004.286352
2955.279967
2985.443851
2940.382857
3002.587312
3001.160322
2961.122375
2962.999692
3001.094622
2960.847464
2903.480244
2999.077413
2965.948563
2993.701754
3001.711860
2996.135540
3000.323579
2997.873760
2998.503112
2996.490653
2988.999627
2903.565333
2998.497793
2948.776552
2904.197664
2932.751106
2983.722440
2997.511620
2961.806436
2973.250270
3001.086615
2970.147832
2995.969459
2904.836423
2950.622390
2997.062767
2997.219822
2928.493812
2915.462511
2995.143007
2975.318321
3000.178458
2997.112332
2996.421464
3000.056935
2953.877746
3004.230782
2995.028092
3001.526289
3000.807684
2999.964604
3000.788530
2974.624769
3000.052815
2907.544746
2951.532330
2935.651658
3000.243633
2925.755162
3001.312754
3001.200108
2964.516136
3001.434564
2985.979596
2956.778725
2934.971518
3000.856076
3002.102200
2996.314140
2970.513331
2998.331431
2941.332508
2964.085425
2954.572622
2997.786482
2954.210098
2996.024514
2946.710317
2975.114956
2953.769219
2962.710516
2965.051968
2958.770472
2963.243772
2974.568186
3001.116823
2956.215331
2924.737268
2939.752482
2998.353725
3000.663996
2903.895652
2997.237646
2946.378785
2958.257707
2933.324669
2996.112601
2996.195143
2933.929350
3001.604497
2997.022299
2965.895569
2997.892814
2978.321692
3001.547562
2932.259116
3002.649973
2998.017599
3000.401606
2922.305093
2941.552901
2951.918945
2997.082315
2903.283600
2997.707095
2956.470804
2963.382558
3001.264814
2955.063049
2905.799738
2907.631737
2974.860573
3002.075370
3003.063972
2921.695087
2998.388365
3002.154168
2996.540954
2999.487322
2998.475144
3003.453130
2933.689613
2975.970718
2997.897080
3003.073342
2993.269617
3001.827135
3001.069089
3003.244513
2997.476046
3001.528250
2946.887056
2941.309965
3000.693370
2974.092469
3001.038472
2995.306803
2904.364328
2983.596219
2998.777459
2922.461859
3001.308085
2999.453081
3003.635354
2927.624891
2963.623604
2939.323010
2975.050206
2920.773463
3001.637507
2992.468889
2954.535970
3002.245349
3002.438282
2999.961596
2998.311740
2938.641062
3000.030434
2974.062669
3001.930310
2992.963400
3000.931595
3002.508829
3001.875147
2999.843830
3002.993503
2999.698129
2995.231184
2955.014609
3003.580135
2995.705100
2962.893898
2988.563883
2957.596961
2995.414593
2946.105201
2985.649501
2997.664345
2998.592212
2925.255314
2999.650995
2998.386098
2963.927630
2947.958004
2913.952310
2920.040970
2995.259679
2921.925077
2997.903634
2980.983218
2997.094877
3002.921185
2900.883918
3003.901167
2998.361569
2964.287640
2950.849816
3001.229319
2997.413113
2996.562630
3000.535544
2923.570933
2932.243975
2919.499876
2975.824943
2934.703953
3002.008874
3001.437732
2986.605178
2999.829704
2994.423887
2973.758327
3000.312700
3000.795241
2999.518265
2998.111189
2996.865408
3000.171611
2937.316539
2999.435237
3001.174716
2975.887581
2973.923984
2911.731803
2943.280182
2998.723170
2964.378636
2959.919741
2998.086627
3002.167059
3000.979965
2999.630596
2980.773352
2992.504118
2997.673682
3001.431941
2995.823247
2965.032661
3001.223328
2982.221197
2924.264400
2996.715362
2909.337767
2998.546867
2996.212754
3001.263952
2970.900289
2938.308774
3000.732124
2906.564572
3005.766549
2999.138830
2997.978305
3001.102178
2996.447380
2962.126029
2999.666707
3001.096543
3002.211558
2998.802858
3003.513616
2990.096001
2979.213365
2911.405943
3001.083532
2963.774524
2949.246736
3000.349345
2907.553904
2994.097678
3000.685426
2911.085452
3000.614600
2963.018649
2907.215776
3003.607177
2949.744064
3004.161917
2999.357872
2997.342734
3000.168314
2965.353102
2952.240767
2997.582134
2966.965628
2943.961979
3001.053329
3000.340456
3002.626401
2999.117779
2999.688084
2998.934277
2997.996788
2990.510912
2965.290291
2963.941459
3001.671390
3002.493836
2998.460034
2941.978539
2996.546971
2998.981316
3000.331858
2982.117770
2997.224416
2997.666941
2997.879230
2958.901880
2985.067670
2996.440333
2978.450512
2965.429934
2998.097248
2995.472315
2999.706587
2934.312177
3002.522420
2965.051778
3001.372020
2902.174378
2952.682958
2997.475384
2945.915249
3001.269921
2985.593094
2915.598388
2997.349947
2936.741590
2998.077457
2965.027676
2993.317721
2996.387783
2962.622328
2995.390639
2974.291347
2969.849587
2997.334050
2997.427197
2919.163206
2997.967117
2974.354326
3002.397195
2999.810197
2997.129587
3001.470070
3000.744677
2959.337374
2999.546479
3000.953829
2942.134832
3000.558257
2995.275280
2932.072649
2970.665427
2997.999913
2919.826598
3000.409592
3001.911694
2998.333089
2957.534054
2914.153306
2931.037083
3002.348890
2997.768163
2964.494637
2938.837023
2999.788992
2955.046900
2919.536715
3000.358657
2998.486704
3002.154374
2922.393554
3008.540135
2996.995870
2907.516215
3000.863891
2985.451168
2996.906598
3003.548505
2986.183510
3001.002254
3002.820463
3002.085138
2950.217731
2942.885041
3001.441641
2995.678008
2965.088451
3001.414109
3001.021341
2937.298898
3002.935359
3000.071157
2928.456960
2955.114173
2994.777715
2952.323228
3002.782045
2994.116329
2924.787147
2975.199206
2945.186208
3000.288085
2998.295643
3000.871659
2966.482817
2997.920222
2974.912538
3001.198816
2969.652834
2918.796481
3002.232672
2945.190175
3000.034305
3001.468500
2925.431735
2955.975876
2954.352660
3000.707011
2976.862808
2979.035880
3000.626071
3002.034215
2997.910073
2998.547679
2930.371189
2997.802203
2937.348024
2995.398214
2975.498589
2998.544427
3003.482056
2929.812068
2970.372245
2997.381457
3003.119289
2996.688193
2930.111389
3003.601726
2960.345861
2968.474993
2995.647359
2921.417544
3000.603399
2997.966793
2938.134019
2994.748536
2903.911213
2924.714950
2998.344536
2997.488871
2997.419202
2947.146570
3001.464418
2914.527261
2935.100051
2969.778950
2996.619660
3000.917351
2982.027471
2922.475303
2959.161281
3001.594693
2932.885945
2999.886851
2995.012279
2959.426419
2995.972658
2924.152504
2918.400295
2998.626338
2929.091739
2981.691909
2997.621492
3005.094124
3000.613225
2978.407578
2927.832756
3005.919843
2998.334324
2977.231147
2915.921497
2997.000500
2999.060130
3002.744829
2997.272505
2953.299894
2997.389649
2998.812762
2966.592118
3003.023823
3000.738449
2999.985560
2998.947203
2943.498459
3002.255908
2951.793120
2926.740503
2903.431583
2999.440094
3003.258748
2962.551156
2936.144356
2997.008854
3004.054470
2968.063687
2995.667392
2962.153731
2949.082475
2978.141372
2997.115302
2968.861193
2958.590736
2982.339385
2960.831248
2999.075687
3001.257115
2998.578847
2997.183170
3002.190114
2999.084122
2999.131171
3001.632608
2943.225439
2998.082104
2951.951887
2960.184878
2929.497621
3001.901891
2941.608520
2997.141201
3000.234254
2960.141955
3000.861997
3002.680159
2976.218128
2954.970270
2996.574318
3000.907868
2998.622793
3000.936630
2998.393912
2936.460212
2999.661701
2988.922052
2997.987109
2952.643338
2998.952328
2964.464488
3000.738018
2944.412955
3001.945590
3002.328992
2962.091206
2999.358175
2985.730991
3000.407947
2999.681289
2979.929187
2997.628408
2998.369132
2925.493065
2952.333371
2969.921370
2995.129010
2985.900555
2999.929510
2987.982322
3000.312664
3000.190467
2973.177832
3000.990980
2964.501685
3001.196926
2956.066061
2997.118387
3001.763788
3003.508226
3000.718128
3000.279378
3000.149813
2947.743818
2946.098017
3002.687858
2999.055562
3000.684964
3002.298019
2913.416768
3002.792033
2987.482717
2901.639033
2998.173105
2994.966725
3000.832266
2960.124933
2997.571440
3002.889115
2999.732884
2998.696263
2966.032880
3002.266454
3001.103963
3001.029817
3000.791861
3000.396980
2989.682224
2998.502953
2995.544278
3007.378117
3003.238207
3001.798298
2999.534210
2943.474040
3003.351514
2912.921567
2995.925446
2955.506710
2990.827337
3001.959871
3000.043566
2902.167966
2997.705847
2998.828828
2995.916892
2947.799080
2999.469208
2911.266679
2995.737522
2999.347367
2999.125328
2997.453751
3001.613278
2980.905550
2997.674424
3004.671700
3000.238389
2997.797893
2998.912452
2961.731528
2998.527825
2998.966574
3001.411125
3001.731654
2998.258280
3002.564219
2927.853541
2948.824006
2909.054314
2997.227345
2972.917538
3003.585077
3000.177933
2998.806993
3000.069724
2983.044092
2968.120723
2995.759815
2962.501870
2995.773727
2949.634317
2962.193066
3002.779119
3007.428558
2913.102344
3001.860496
3002.370833
3000.981240
2998.032946
2996.001499
2968.251877
2998.243465
2999.839797
2941.211893
2996.018055
3000.265455
2995.006652
2920.346579
3003.072676
3000.526294
2956.312636
3000.906830
2941.467322
3000.016929
2997.618522
2904.350005
3000.301734
2905.049636
3003.132102
2966.132373
3001.292131
2935.029983
2998.543853
2996.409239
3002.764678
2954.401683
2997.592825
2935.417056
3000.742614
3000.787210
2918.040923
3002.007634
2962.959540
3004.464193
3002.145082
3006.592059
3002.012747
3001.056507
2984.173813
2939.046600
2995.684018
3000.843314
2998.028567
2997.679636
3000.470071
3001.288662
2957.332639
2917.969846
3003.012044
3009.081002
2903.093852
3000.785731
2982.336409
2991.809503
2988.085081
2996.568093
2997.997964
3000.945324
3001.897339
2996.722766
3003.988944
2981.134444
2980.144139
3003.862823
2964.740910
2995.901119
3001.653754
2939.335478
2997.272615
2965.634656
2963.237272
2968.874135
2954.137304
2966.388478
3002.629815
2965.799244
2997.612656
2998.867921
3001.561237
2997.782653
2986.656811
2976.141966
2998.872227
2997.644335
3000.264724
2966.733761
3000.551791
2996.566990
2972.059487
2995.773773
2997.245646
2998.438486
2914.587501
2964.862813
3001.702865
2997.522403
2983.323944
2953.859350
2956.259625
2993.485816
2963.279518
2997.598455
2999.238176
2994.719404
2999.368744
3002.432905
2995.718192
2997.906536
2967.117072
3000.597101
2999.972341
3001.547271
3001.472912
2997.656661
2939.700112
2997.641807
2970.407042
2990.044573
3000.883040
3000.364274
2998.519641
2994.827464
2965.723636
2957.746277
3003.587712
2954.823824
2997.616887
2947.814823
2957.020586
2951.369532
3001.074880
2998.939852
2997.487153
2932.760518
2985.971939
2999.723959
3002.525076
2926.922459
2999.286545
2958.134488
2998.399479
2937.623363
2957.069636
2924.580812
2920.054652
2998.430281
2999.898570
2915.543451
2998.269230
3001.120473
2998.800401
2993.116242
2911.897991
2997.810933
2934.767250
3000.525055
2965.471581
2916.434229
2920.987751
2998.291794
2907.584953
3002.556365
3001.233798
2996.408041
2967.464898
2911.951302
2922.713441
3002.099283
2998.129921
2996.202772
2997.061762
2903.169538
2921.299067
2925.588935
2902.445107
2946.623544
3000.485671
2994.906321
2953.356621
2998.140395
2996.548015
2958.134955
2945.461020
2974.742866
2991.914804
3001.981676
3004.855102
3001.367712
2927.861230
2998.784648
3000.495426
3002.081203
2999.398578
2995.356661
2999.888671
2968.604072
2984.351924
2995.058339
3000.103508
2971.378931
3001.456094
2921.582635
2961.672112
2967.549114
3000.240833
2954.151209
2999.604204
2977.656101
2998.157911
2993.153585
2953.942603
2973.939506
3001.012335
2945.247101
3001.778226
3000.772344
3003.839696
2949.253410
2996.328763
2936.843028
2997.619847
3002.793115
3001.106603
3000.160600
2965.010386
2995.158150
2999.424479
2998.344514
3002.536633
3000.162199
3003.212602
2942.765923
2912.704494
2947.847084
2981.540154
3001.233290
2966.756502
2998.267902
2932.116688
2976.192442
2999.433649
2999.898734
2994.725023
2981.301200
2911.126495
2997.690611
2997.032952
2965.036602
3000.687037
2942.669465
2947.446455
2968.498923
2939.456353
2997.946837
2905.963418
2955.826282
2973.984539
2915.935918
3000.845547
2904.194108
2949.476059
2997.830933
2971.789788
2998.360003
2921.888791
3000.863633
2949.720991
3001.183160
3000.685495
2939.406860
2992.716546
3001.119730
3001.840358
2991.958516
3001.171244
2951.274718
2994.858444
2965.325870
2953.162570
2969.568503
2998.186927
2925.829884
3003.895632
2998.986735
2965.440074
2903.595651
2996.705857
3000.377706
2999.974695
2969.117781
3002.136483
3002.654436
2907.163938
2995.348455
2996.442561
3001.210987
2907.713167
2971.260783
2997.044934
3002.637120
2998.315003
2965.135896
3000.130307
2944.767692
2927.550854
3001.245909
2996.525782
2924.325117
2938.586322
2924.920991
2959.627243
2995.489998
2926.159712
2999.222900
2989.183096
2946.521455
2996.486619
2997.027038
2911.313232
2997.593106
2938.191764
3002.514235
2992.499780
2945.425891
2938.793417
2998.992432
2997.308825
2999.901542
3000.636270
2997.571549
2995.478503
2932.775283
3001.006639
2967.006491
3000.538565
3004.171179
2933.851887
3004.285288
2982.989853
2947.374721
3000.829887
2996.982776
3000.468156
2999.744284
2918.868696
2995.734069
2904.067726
2998.131340
2972.155183
2964.097280
2961.007427
3000.477218
2994.255287
2963.134462
2994.241269
2998.406623
3001.375658
2970.459331
2959.751725
2996.066108
2927.077988
2996.404944
2932.378439
2997.702699
2998.199302
3001.141078
2961.564758
2965.511033
2954.667624
2913.925865
2998.167454
3001.694197
2948.274435
2911.259331
2995.096876
2952.948399
2997.160117
2919.692733
2955.614096
2955.145991
2998.990335
2931.594393
2981.981417
2998.780279
3000.956834
2996.062473
2996.223038
2996.115677
2963.763278
2996.426089
3001.519913
2999.357504
2946.916483
3003.398317
2959.854339
2935.411419
2957.442877
2997.984251
2999.155535
3000.913034
2995.939341
3002.466377
2946.538866
2965.236396
2997.598616
3001.940255
2963.565374
2925.287408
2997.300940
2984.065800
2921.933752
2996.977490
2954.809115
2996.917690
2999.950995
2984.410126
2965.631942
2997.667181
2931.879925
3002.598606
2999.217144
2990.107534
2942.629958
2979.266877
2996.661195
3000.234497
2998.908960
3004.765094
3001.764455
3001.428760
3001.129101
2975.701942
3004.458758
2998.141982
2996.756031
2964.551559
2997.882188
2951.349862
3001.464138
3002.761122
2999.040315
3000.269852
2998.475335
2961.109070
2977.797076
2963.488685
3000.430717
3000.966352
3002.092371
2921.661986
2959.479755
2983.418478
2998.282743
3000.394920
2928.619427
3003.206161
2957.882403
2943.550553
2974.788740
2997.526577
2942.610629
2998.893257
2997.823768
2997.388005
2996.613400
2996.661837
2997.057776
2964.862525
3000.508534
2944.920806
2947.239709
2997.081167
3001.347562
3003.637650
2958.166013
3010.327465
2999.862702
2964.846868
3003.800101
3001.458314
3002.095517
2938.790432
2998.103512
2994.970459
2997.895912
2963.373256
2954.791328
2997.964402
2996.279613
3003.108600
3001.644824
2955.792420
2998.854196
2971.476015
3002.513259
2958.858452
3003.184834
3001.003573
2980.538021
2997.895903
3001.393064
2986.361968
2998.888077
2991.663757
2944.449293
2955.312491
2953.767171
2998.604236
2998.433650
2928.242588
2987.764002
2913.947098
2996.819928
2971.074990
3001.148655
2962.957087
2937.970092
3001.108610
3002.851003
2998.058260
2937.389472
2911.301299
2979.797309
2973.679880
2999.753684
2999.440027
2900.700923
3003.438276
2999.337611
2952.269579
2993.952457
2955.489937
2971.049978
3008.031696
3003.401484
2975.586333
2996.263242
2936.022699
2913.472043
2936.538283
2963.817695
2995.877624
3003.150106
2974.798501
2996.125888
2971.741096
3002.310006
2948.361711
2998.935191
2964.130170
2995.969878
2951.589533
2997.801007
2961.209632
2909.217859
2995.966166
3001.524350
2948.451508
2997.265840
3003.002763
3002.030157
2983.995181
2998.172921
2957.185283
3000.017231
2988.557623
2907.421004
2959.631857
2912.469440
2998.794400
2943.531567
2929.533611
2998.096286
3000.660555
2998.898171
3001.027946
3003.883580
2917.451890
2934.499315
2997.124872
2998.507196
2971.252470
2995.688304
2995.402153
2996.493565
2999.323892
2999.069866
2902.612583
2997.144338
3001.789956
2943.897639
2995.410097
2950.907926
2954.333483
2955.997004
3000.776199
3000.474155
2961.923842
2962.392124
2926.463397
2940.925689
2999.844279
2934.886519
2964.242030
2999.264820
2933.021930
2995.866066
2997.351657
2995.963264
3003.593066
2913.404287
2996.643234
2964.222961
2995.651517
2977.587556
2998.069088
3001.235884
2904.962836
2999.631032
2942.985145
3000.420215
3002.453547
2954.278475
2974.136556
2999.159325
2912.150592
2948.092497
2984.281011
2997.427585
3000.717786
3003.468277
2995.017155
3000.598458
2997.758259
2965.740202
3000.805283
3002.720187
2920.933863
3000.594386
2997.991060
3000.219381
2958.401890
2997.612694
2959.379318
2980.660439
2952.915028
2999.758981
3000.864446
2987.249459
2967.779126
2997.317086
2999.770589
2984.237818
2941.352251
3000.862312
2971.619464
2909.967939
2999.196997
2961.880504
3000.277483
2995.030221
2900.161035
2903.755030
2953.360193
2996.936027
3003.011078
2967.092844
2941.781607
2967.860787
3000.494119
2998.620274
2927.688610
3002.217187
2996.419448
2978.042354
3000.883584
2965.827766
2916.561808
3000.652177
3002.098091
3003.533517
2998.124754
2996.011577
3001.914585
2958.351896
2998.270173
2959.510436
3007.831929
2957.284696
2991.704730
3001.314859
2998.278769
2951.934426
2936.749293
2962.884928
2998.630350
3000.813477
2999.230967
3000.707211
2998.841795
2964.268512
2967.218610
3003.202726
3002.984938
2920.138609
2997.445409
2986.531778
2981.485213
2937.224802
2997.228722
2971.412245
3000.458388
2946.781924
2938.582384
2999.074331
3001.160621
2947.675005
2955.112670
2973.835121
3000.984712
2901.614088
2957.869793
3000.954804
2918.193121
2970.625399
3002.149356
3000.610595
2998.316595
2974.018552
2915.944837
2998.029369
2994.802155
2978.316524
2917.805664
2957.240918
3003.100936
2999.982908
3001.159376
2977.536457
2983.205233
2996.937670
3000.023931
3004.088209
2922.950332
2998.651079
2988.756422
3000.798634
2902.662153
3002.006474
2963.153181
2942.347047
2954.213594
3004.866669
2960.782979
2995.235789
2996.638290
3000.667570
2965.036227
2943.410012
3004.535307
3002.278031
3001.920770
2998.309007
2973.166118
2996.784662
3001.753546
2932.654959
3002.985706
2921.244149
2996.770725
3001.722180
2930.259294
2967.235654
2995.467165
3000.562486
2996.980028
2990.036909
3000.006520
3001.937075
3003.473440
2934.751318
2995.058551
2999.699516
2999.039392
2997.653249
2964.013029
2905.923413
2959.160072
2922.555296
2965.626692
2989.545745
2960.330208
2993.966594
2998.846468
2992.742126
2964.394652
2978.590713
2965.175437
2995.942704
2958.120527
2997.760499
2985.073955
2983.597147
3002.409134
3000.461993
3002.636825
2903.886350
2996.961799
2997.109700
2997.782759
2999.292037
2960.710568
2967.595043
2962.713245
2996.562218
3000.967838
2957.289158
2997.626956
3000.916653
2998.690080
3004.879426
3000.221135
3002.876567
2982.385064
2932.866532
3000.451204
2962.783619
2947.523513
2944.556192
3000.624759
2914.915482
2997.702605
2995.188710
3001.636679
2998.258609
3000.441048
2996.610711
2997.250597
3001.081514
3003.740781
2998.069010
2999.927232
2902.186186
2986.940085
2965.155802
2997.121075
2955.893434
3001.518395
2999.640919
2999.934333
2998.425734
2983.292870
2938.357616
2966.287897
3000.532736
2998.769898
2958.841976
2911.979802
3003.528175
2942.965586
3001.792814
2962.891828
2967.241913
2965.370212
2901.253434
2997.924424
3003.983066
3001.761334
2973.544877
2938.610317
2990.360885
2963.734662
2947.716919
2987.761964
3002.231405
2998.694000
2916.791826
2997.744152
3000.986064
3002.837404
2997.823948
3000.408690
3008.580505
2999.018582
2965.413272
2944.914725
3000.004416
2909.082823
2997.552993
2997.984660
2906.087402
2996.802207
2977.387024
2995.744691
2977.971303
2925.209099
2930.450603
2997.248171
2950.472572
2999.244070
3000.351587
2988.945922
2997.092537
2967.285777
2995.137248
2994.361894
2936.908372
2933.745938
2993.463309
2998.886486
2911.661482
2930.806484
2999.027017
2995.536741
2998.510292
2978.991327
3001.567673
2956.624792
3002.382600
2948.605870
2963.710666
3002.617432
2934.912757
2996.286200
2965.540814
2967.753240
3003.865766
2955.505919
2996.269565
2966.308737
2965.906797
2967.418895
3001.356290
2996.931323
3000.239448
2968.490427
3001.686497
3002.127730
2999.327619
2997.775720
3003.518211
3001.891436
2956.751564
3003.140169
2998.250897
2963.846211
2964.364411
2943.235022
2996.899588
3000.832589
2999.161783
3001.445928
3001.828195
2990.380761
3001.657968
2966.255039
3001.467720
2945.301583
3000.893279
2998.711769
2996.825067
2980.564920
3000.446301
2922.139067
2998.352355
2997.291412
3000.527774
2999.085056
2998.049788
3004.897398
2959.408406
3001.256486
2996.316194
2936.071740
2976.290781
2997.015564
2943.511442
3001.678428
2999.751623
2995.574393
2997.223296
2999.937645
3003.243758
2999.996095
2993.546211
2964.810439
2996.920994
2997.309367
2997.170368
3000.338620
2934.113021
2912.887776
3002.265144
2959.028565
2911.241106
2960.186638
2928.221608
3002.995703
2939.620154
2961.216629
2998.653586
2930.859275
2997.902020
2969.656085
2997.470353
2915.085791
3003.515653
3008.765031
2999.273765
2999.303517
2988.940345
2998.316790
2959.598948
3000.188987
2964.657336
2914.182333
2923.183098
2999.700317
2994.249446
2922.740807
3003.257560
2953.526583
2996.952919
2912.832626
2999.760360
2998.622232
2964.410241
3002.492805
3000.944662
2949.978136
2997.980938
2994.576219
3000.910997
2948.243279
3003.143978
3001.817879
2998.072287
3000.252100
2996.192461
2998.654303
2996.546090
2961.686467
3000.233014
3003.458322
2902.700963
2998.484363
2955.626497
2980.960142
2999.948698
2988.882861
2968.159592
2901.589604
2961.926111
2957.552171
2926.234570
2971.541668
2906.902329
2998.867340
2996.715987
2927.954881
2941.620077
2913.501224
2999.514253
2998.168396
2981.314354
2963.279971
2915.810621
2999.404989
2962.401743
2996.734855
3003.754248
2995.560458
2997.332569
2994.785142
2936.940017
3003.050047
2904.139606
3001.989199
2998.131371
2996.531584
2995.962109
2976.486604
2985.969544
2997.513384
2950.843944
2998.169486
2934.157795
2914.735361
2900.035234
2997.530577
3002.640072
2932.730877
2997.711763
2996.543528
2980.494979
3001.496085
2946.024817
2969.980563
2998.133610
2997.381986
2997.161194
2998.715743
2951.859192
2998.476939
2927.209323
2965.046315
2999.831683
2999.366722
2993.018970
2910.755460
2985.752815
2997.727903
2940.433291
2968.206869
2973.603099
3001.294684
3002.614237
2959.040415
2938.558790
2968.957950
2999.030341
2911.611855
2954.384144
2963.428163
2999.879677
2928.426173
2998.897541
2972.887144
3002.974434
2929.759433
3003.149172
2997.004134
3003.443197
2999.158243
2998.939476
2999.382220
2997.690784
2999.943786
2919.970460
3004.310830
2985.577870
2954.245450
2995.326382
2928.220908
3001.226755
2998.375835
2994.974564
2984.620409
2999.174234
2954.092987
2964.373752
2931.825720
2998.400403
3001.055396
2998.439060
2965.087196
2931.618703
3002.845647
2997.251620
2995.653380
2998.146588
2911.253915
2997.881062
2957.247137
2994.842668
2968.284972
2956.837013
2998.674464
2985.683525
2999.359077
2940.121915
3003.541614
2902.219117
2999.976914
3002.129258
2989.770528
2998.217739
2916.313507
2962.717878
2961.561943
2934.786425
2912.946864
2925.121221
3001.609116
2998.382591
2997.379786
2992.344511
3000.721173
3000.608861
2960.524670
3002.851559
2937.363439
2997.069533
2904.259785
3000.901039
2997.757513
2943.658777
3001.004431
3002.768383
2990.675172
2998.410935
3000.080638
3002.690598
2975.820353
2998.897978
2998.176897
2954.768068
3003.458164
3003.049400
2998.340275
2989.539448
2998.438411
3000.294292
3000.905988
2917.778340
2962.431584
3001.547996
2966.046993
3001.625333
3001.377616
2997.955293
2957.730088
3001.655128
2969.084259
2958.154864
2937.258498
3002.623192
3001.497911
2936.280399
2998.156850
3001.472542
2960.919298
3000.601643
3000.428231
2997.608386
2955.109177
2965.041499
3001.607552
2998.580789
2910.953243
3000.032310
3002.475547
2971.185571
3001.175254
3003.535521
2907.259926
2955.172173
2964.605532
3003.500809
2916.728318
2964.967333
3003.434127
2952.100592
2998.936828
3001.905172
2976.972765
3000.892779
2941.165036
2998.085406
2997.050109
2965.340939
2902.136158
2997.126991
3000.684631
2996.703215
3000.553705
2920.737716
2968.760581
2956.834636
2999.289966
3000.626698
2962.419296
3003.321575
2968.397028
2953.709881
2985.111490
2928.843401
2994.565506
2999.280243
3000.125308
2905.066066
3002.101173
2999.752930
3000.873138
2957.663877
2995.851245
2921.317381
3002.349732
3006.706844
2956.694294
3000.223965
2928.920945
2983.034564
2918.783186
3001.060675
2999.510044
2947.979202
2947.358892
2933.638181
3001.017611
2999.069151
3001.795775
2997.954486
2976.024014
2959.332589
3002.003356
2940.529451
2980.709272
2995.942718
2959.630313
2999.473183
3003.237351
2955.266829
2999.569233
2943.940439
3001.428250
2930.337768
2957.332665
2953.305884
3001.141604
2997.971278
2995.989433
2939.029766
3001.104134
2999.097786
2944.278594
2997.079590
3000.270187
2998.250320
2944.776416
3001.101722
3001.553128
2998.199556
3000.626539
2903.164269
3000.940520
3000.201606
2966.280242
2995.001003
3002.701391
2965.982569
3001.302546
2951.044397
3002.369750
2997.506759
3006.328816
3000.889967
2965.109198
2993.220051
2986.353626
2999.113133
2996.962462
2964.795934
2952.985357
2999.692676
2964.813077
3002.558561
3001.893713
3001.245919
2996.704886
2922.073350
2931.891174
2902.287934
2955.952354
2957.121510
2939.905069
2960.177383
3001.044917
3000.312522
2997.808585
2987.923452
3003.939916
2916.389733
2997.585894
3001.757633
3002.624857
2918.976735
2915.357532
2971.943604
2972.711335
3002.395666
2928.738718
2944.310792
2997.758280
2945.778741
2999.120934
2902.700181
2996.742794
2997.771371
2976.543732
2998.203423
2995.977194
2923.816033
3001.471274
2999.166822
2971.071917
2951.179141
3000.265552
2996.634307
2944.637980
2997.425658
2982.151495
2996.793447
2971.096747
2999.526295
2997.867828
3000.506223
2998.637916
3000.831220
2996.491579
2996.695536
2964.315722
2995.371057
2983.867238
2963.163816
2998.512521
2997.465482
2913.369114
2927.101543
2979.224177
2969.656366
3000.421326
2924.558918
2943.364664
2997.668262
2997.497672
2917.063794
2999.255877
3000.704370
2997.901181
3001.678416
2997.024191
2957.486693
2944.609869
3003.266741
2965.040333
2932.149821
3000.065312
2968.775715
3001.276135
2995.995560
2947.415983
2996.512287
3000.877006
3000.670477
2951.833752
3002.103274
2960.254182
2926.681249
2996.433503
2979.771267
3001.348254
2951.314720
2997.387738
2999.492468
2948.946333
2997.416398
2971.939490
2942.174771
2975.169581
2900.030406
2910.734132
2996.823766
2997.872488
3002.552284
3001.096206
2997.785619
3003.203351
3002.335190
2998.716403
3003.602963
2995.648194
2926.600902
2996.583422
3001.369157
3003.392376
2970.008188
2912.002908
2938.810905
3000.220728
2944.809501
2997.442903
2940.037423
2988.655487
2999.716785
2950.828680
3000.951678
2983.624087
3002.522140
2999.662158
3000.918933
2964.998198
2902.362928
2995.249441
2997.043708
2914.380587
3000.126332
2998.508741
2998.001263
2939.517340
2999.672798
3001.750536
2965.721135
3003.423848
2998.988586
2998.645346
2998.579120
2996.568939
2920.003553
2942.949837
3001.542639
2999.909635
2984.250185
2928.313576
2910.056952
2966.867959
2940.080854
3001.372204
2998.029672
2999.885518
2978.529423
2956.438445
2997.957048
2999.821658
3000.016440
2944.512862
3000.426454
2997.459880
2996.678425
2982.093620
3002.939496
2913.973954
2996.924716
2973.355199
2996.735398
3000.201328
2906.641308
2997.208607
2913.528665
2939.635026
2966.529502
2960.006851
2964.834346
2999.366282
2943.944334
2968.675448
3001.886021
2999.102812
2978.918614
2998.904167
3000.496953
2999.235727
2942.545475
2910.745292
3000.242889
2997.146650
2960.132423
2956.105446
3001.841821
2991.511753
3002.011733
3001.477926
2902.409952
3000.913463
3003.621320
2999.050962
3001.221653
2998.394803
2901.932478
2949.562550
2944.762431
2954.156458
2950.471826
2997.562174
3000.017711
3001.264673
2909.822433
2958.155115
3000.229760
2968.311559
2953.993306
3001.970920
3004.367848
2997.727964
2980.260072
2980.868201
2997.721167
3002.035047
2992.164718
2997.012456
2972.394347
3002.190411
3004.081317
3000.285525
2998.388014
3003.425524
2958.741392
2927.222920
2998.204193
3003.045026
3001.107331
2988.116441
2948.987768
3003.034129
2994.964708
3002.956326
2903.574123
3001.331230
2922.188535
3004.108311
2996.447813
2978.569630
2967.313771
2965.212885
3002.266055
2924.513543
3004.672168
2958.058886
2965.320617
3001.321354
2998.026302
2994.102324
2998.264941
2950.003098
2966.657207
2949.640106
2953.541008
2907.403323
2998.591868
2965.561757
3007.341277
3002.465537
2920.871455
2995.274409
2997.045263
2965.897624
2982.178526
2939.705909
2991.355873
3001.061584
3000.719117
2977.113536
2969.939861
2996.870664
2997.839408
2936.285177
2975.004192
2996.905944
2996.898320
2999.133627
2981.023958
2999.047858
2969.810222
2999.453778
3000.401069
3003.748462
2998.248433
2964.914352
2996.535814
2963.786657
2997.210431
2942.872301
2996.249973
3000.510057
2996.835105
2945.465792
2995.640396
3002.451904
3000.057612
2936.404511
2910.332816
2948.536485
2922.024069
2948.240807
2998.188333
2996.624094
2998.402093
2999.890975
2997.359040
2986.692833
2996.361169
3003.782841
2928.423879
2905.897425
2999.298955
2999.141925
2949.273294
3000.213836
2942.542800
2986.102036
2998.300046
2998.909485
2999.702510
2934.285647
2942.517819
2952.686795
2998.888698
3000.994294
2997.764384
2918.974460
2976.278603
2997.769002
2959.360167
3001.387586
2950.884541
2999.164572
2961.011994
2965.978089
2915.931651
2920.302183
2997.406817
2958.276372
2911.141997
2999.657708
2997.079870
2995.943126
3000.007948
3000.961467
2996.268414
2995.926610
2997.821357
3000.315746
3001.129103
2975.868520
2997.868407
3000.929115
3000.166842
2926.037479
2998.586534
3001.788378
2936.585583
2967.514968
2968.275588
2914.548762
2968.145331
2965.373879
2963.592796
2905.358623
2995.294712
2956.721139
2979.693143
2912.190746
2900.344260
2980.807788
3000.906203
2919.101904
2965.324411
2995.806672
3000.309349
2995.322294
2944.807688
2989.811908
3001.194509
2997.190404
2908.158516
2998.468517
3001.614480
2946.254297
2912.327440
2987.691993
2950.677203
2929.011830
2990.051717
2938.488937
2977.400825
2927.217220
2999.168040
3000.275269
2972.925915
2999.352224
3000.332599
2998.572447
2989.145681
2993.366679
2965.637566
2964.174939
2914.847457
2997.055563
3003.286434
2998.508287
2994.464622
2961.028858
2998.859918
2967.850305
2999.403013
2990.931382
3001.134247
3001.458795
2962.395754
3002.148314
3003.477495
2997.380129
2976.490065
2964.493610
3000.050644
2967.020993
2943.262685
2997.517373
2928.427652
2920.810854
2995.892336
2908.726706
2944.580360
2999.536920
3000.861787
2999.154998
2928.201932
2996.930441
2966.668406
2929.638797
2963.550278
2933.468181
2978.249165
2958.196241
2969.449789
3000.443749
2975.017698
3002.453884
2917.435309
2943.552443
2962.808109
2986.929319
2956.555593
2952.508684
2999.371006
2964.629840
2958.835368
3000.890641
3000.977437
3003.421681
3000.135590
2966.858376
2912.933053
2999.555050
2999.512739
2934.865535
2937.261259
2952.424038
2970.957559
2995.074525
2909.659388
2996.035962
3001.342574
2997.676226
2996.756125
2988.376104
2965.105071
2958.653364
2998.132649
2998.713550
3000.646656
2950.095190
2937.619045
2924.950813
2981.425542
2925.929355
3001.273814
2972.445695
3003.427032
2925.516594
2999.552610
2997.048566
2950.063471
2909.709609
2909.773941
2977.467044
2997.543017
2969.124218
2905.379187
2945.252735
2971.363585
2922.691571
2945.149014
2917.369173
2924.754688
2976.679244
2996.083972
2998.149803
2932.452602
3002.052216
2944.339615
2958.769154
2922.207466
2930.412016
3001.337842
2971.199970
2907.368667
2924.624989
2960.394267
2946.437374
2979.940123
2996.272081
2974.013951
2979.261202
3001.539816
3001.603212
3000.858935
3002.078835
2995.184571
2939.418144
2923.334357
2996.456426
3002.840828
2998.917323
2985.722708
2954.778716
2935.528042
2930.004333
2947.671029
2905.201845
2990.423505
3001.426181
3000.501074
2955.597647
2968.327367
3001.359240
2999.314746
2933.134875
3001.070882
3004.437508
2940.277467
2968.934345
2981.249781
2902.545057
3002.923923
2997.243508
3000.694808
2965.758019
2928.165548
2999.277353
2966.538207
2937.388932
2999.148460
2931.514998
3000.177233
2997.557156
2901.106814
2997.058853
2997.578475
2993.884188
2997.473053
3002.077569
2961.868236
3003.057434
2900.414275
3003.319535
2991.108296
3000.791970
2999.476784
2965.786591
2968.512783
2949.391159
2929.582031
2997.097123
2966.141761
2999.614293
2999.180135
2937.298046
2999.871257
2997.404238
2965.607315
2995.172507
2943.781385
3002.937251
3000.881739
2912.173464
2964.324607
2911.192808
3000.802560
2995.400302
3000.885568
2920.314814
2985.719667
2979.056963
2999.575919
3000.854579
2972.141131
2997.262911
2998.500064
2997.852794
3002.110334
2996.634766
3000.460010
3002.032774
2958.855999
2997.484017
2920.430169
2997.668912
3001.107415
2950.280600
2996.898337
2938.710932
2961.976690
2986.839466
2996.137849
2955.829716
2999.683173
2998.136981
2998.092892
2994.482138
2959.232603
2959.115132
2996.697676
2961.744011
2937.609039
2963.746404
3000.728703
3000.030188
2921.081904
2903.946139
3003.362471
2994.603625
3000.828510
2995.445810
2922.838634
2955.870818
2965.548348
2998.555183
2999.532898
2965.840769
3000.956190
2944.509820
2985.508882
2997.895262
3002.089690
2963.823091
2913.637654
3001.594726
2949.686468
2923.754532
2977.365621
2967.199778
3000.054807
2961.024243
2995.350804
2996.220670
2941.137331
2963.580767
2942.283980
3000.834692
3001.464847
2929.675377
2993.368570
2997.893281
2996.037610
2946.320882
2997.604301
2995.778353
2997.942856
2968.251329
2954.656137
2962.779710
2999.541474
2934.240711
2999.713114
2985.963643
3001.310472
2998.435233
3001.613627
2997.908861
3002.799855
2960.029055
3000.026238
2980.750879
3000.793767
2997.230350
3000.362592
2999.309766
2920.331206
3001.576497
2995.314236
3003.742397
2995.654772
2923.339375
2925.673210
2960.301570
2932.920961
2998.136136
2963.996610
2958.291516
2998.077738
2994.063371
2999.162652
3000.537687
2976.129908
2998.821735
2955.012233
2918.672315
3000.506862
2944.171004
3000.090284
3000.470825
2957.573149
3000.723026
2959.412561
2943.058739
3002.260187
3000.368206
3003.319651
3000.116486
2921.927254
2972.498840
2946.402612
3000.953870
2995.728087
2997.358089
2999.763052
3001.149336
3000.785825
2992.855991
2997.917879
3002.618739
2998.939683
2948.405716
2960.012754
3002.528862
2996.695116
2996.982013
2951.678260
2952.981900
2973.664275
2938.806655
2996.817507
2960.800944
2901.503046
2998.958335
2995.513673
2999.262558
2964.024101
2960.185135
2996.273386
2998.650778
2955.114120
2921.474449
2999.576512
2999.779824
2928.120063
3000.372168
2999.289236
2944.416939
3000.326639
2906.167772
3002.644880
3001.645704
3003.049031
2944.758346
2939.394035
2986.312543
2996.885216
3002.661703
3000.683126
2996.832800
2997.133981
2999.033958
2998.876566
2999.350485
3000.678688
2998.519063
2944.867781
2920.517942
2946.995717
3001.232883
3002.558244
2964.331289
2996.232688
2966.399686
2974.179523
3000.420741
3004.587092
2918.612040
2993.371889
2997.296345
2960.908919
2902.472434
2978.522049
2934.929295
2983.348115
2998.262480
2996.882945
3000.827386
2909.288019
2918.889617
3003.375386
2933.359761
2947.377712
3001.401955
3000.171066
2997.648430
3000.056368
2966.387592
2982.826026
2999.654868
2922.852355
2997.553556
2914.306730
2958.645698
2966.761622
2997.392915
3002.857057
3001.264397
3002.134313
2965.204480
2998.803217
2977.678433
2979.011361
3001.824468
