1	-0.000000
2	0.249545
3	-0.000000
4	0.141555
5	-0.000000
6	0.098225
7	-0.000000
8	0.075225
9	-0.000000
10	0.061260
11	-0.000000
12	0.051385
13	-0.000000
14	0.043200
15	-0.000000
16	0.039225
17	-0.000000
18	0.035085
19	-0.000000
20	0.031200
21	-0.000000
22	0.028110
23	-0.000000
24	0.025570
25	-0.000000
26	0.024120
27	-0.000000
28	0.022165
29	-0.000000
30	0.020445
31	-0.000000
32	0.019215
33	-0.000000
34	0.018385
35	-0.000000
36	0.017085
37	-0.000000
38	0.016765
39	-0.000000
40	0.015970
41	-0.000000
42	0.015240
43	-0.000000
44	0.015085
45	-0.000000
46	0.013925
47	-0.000000
48	0.013130
49	-0.000000
50	0.012945
51	-0.000000
52	0.012165
53	-0.000000
54	0.011420
55	-0.000000
56	0.011180
57	-0.000000
58	0.011215
59	-0.000000
60	0.010780
61	-0.000000
62	0.010010
63	-0.000000
64	0.010355
65	-0.000000
66	0.009525
67	-0.000000
68	0.009280
69	-0.000000
70	0.009115
71	-0.000000
72	0.009115
73	-0.000000
74	0.008455
75	-0.000000
76	0.008100
77	-0.000000
78	0.007980
79	-0.000000
80	0.007615
81	-0.000000
82	0.007610
83	-0.000000
84	0.007405
85	-0.000000
86	0.007600
87	-0.000000
88	0.007315
89	-0.000000
90	0.006935
91	-0.000000
92	0.006980
93	-0.000000
94	0.006685
95	-0.000000
96	0.006465
97	-0.000000
98	0.006375
99	-0.000000
100	0.006035
101	-0.000000
102	0.006165
103	-0.000000
104	0.005995
105	-0.000000
106	0.006050
107	-0.000000
108	0.006010
109	-0.000000
110	0.005800
111	-0.000000
112	0.005930
113	-0.000000
114	0.005660
115	-0.000000
116	0.005420
117	-0.000000
118	0.005555
119	-0.000000
120	0.005780
121	-0.000000
122	0.005205
123	-0.000000
124	0.004880
125	-0.000000
126	0.005090
127	-0.000000
128	0.004990
129	-0.000000
130	0.004950
131	-0.000000
132	0.004985
133	-0.000000
134	0.004860
135	-0.000000
136	0.004850
137	-0.000000
138	0.004765
139	-0.000000
140	0.004705
141	-0.000000
142	0.004410
143	-0.000000
144	0.004520
145	-0.000000
146	0.004480
147	-0.000000
148	0.003990
149	-0.000000
150	0.004030
151	-0.000000
152	0.004035
153	-0.000000
154	0.004100
155	-0.000000
156	0.004070
157	-0.000000
158	0.003935
159	-0.000000
160	0.003990
161	-0.000000
162	0.004000
163	-0.000000
164	0.003765
165	-0.000000
166	0.003820
167	-0.000000
168	0.003675
169	-0.000000
170	0.003660
171	-0.000000
172	0.003500
173	-0.000000
174	0.003695
175	-0.000000
176	0.003555
177	-0.000000
178	0.003275
179	-0.000000
180	0.003260
181	-0.000000
182	0.003290
183	-0.000000
184	0.003245
185	-0.000000
186	0.003475
187	-0.000000
188	0.003500
189	-0.000000
190	0.003380
191	-0.000000
192	0.003495
193	-0.000000
194	0.003245
195	-0.000000
196	0.003230
197	-0.000000
198	0.003335
199	-0.000000
200	0.003280
201	-0.000000
202	0.003195
203	-0.000000
204	0.003220
205	-0.000000
206	0.003245
207	-0.000000
208	0.002970
209	-0.000000
210	0.003085
211	-0.000000
212	0.003200
213	-0.000000
214	0.003345
215	-0.000000
216	0.003045
217	-0.000000
218	0.002725
219	-0.000000
220	0.002930
221	-0.000000
222	0.002910
223	-0.000000
224	0.002705
225	-0.000000
226	0.002770
227	-0.000000
228	0.002760
229	-0.000000
230	0.002735
231	-0.000000
232	0.002720
233	-0.000000
234	0.002745
235	-0.000000
236	0.002675
237	-0.000000
238	0.002720
239	-0.000000
240	0.002700
241	-0.000000
242	0.002520
243	-0.000000
244	0.002640
245	-0.000000
246	0.002605
247	-0.000000
248	0.002515
249	-0.000000
250	0.002610
251	-0.000000
252	0.002530
253	-0.000000
254	0.002470
255	-0.000000
256	0.002295
257	-0.000000
258	0.002460
259	-0.000000
260	0.002635
261	-0.000000
262	0.002405
263	-0.000000
264	0.002375
265	-0.000000
266	0.002415
267	-0.000000
268	0.002395
269	-0.000000
270	0.002485
271	-0.000000
272	0.002275
273	-0.000000
274	0.002325
275	-0.000000
276	0.002080
277	-0.000000
278	0.002425
279	-0.000000
280	0.002170
281	-0.000000
282	0.002180
283	-0.000000
284	0.002285
285	-0.000000
286	0.002115
287	-0.000000
288	0.002215
289	-0.000000
290	0.001970
291	-0.000000
292	0.002050
293	-0.000000
294	0.001990
295	-0.000000
296	0.001870
297	-0.000000
298	0.001925
299	-0.000000
300	0.002110
301	-0.000000
302	0.002180
303	-0.000000
304	0.002200
305	-0.000000
306	0.002030
307	-0.000000
308	0.002145
309	-0.000000
310	0.001900
311	-0.000000
312	0.001915
313	-0.000000
314	0.001900
315	-0.000000
316	0.001935
317	-0.000000
318	0.001915
319	-0.000000
320	0.001910
321	-0.000000
322	0.001905
323	-0.000000
324	0.002025
325	-0.000000
326	0.001790
327	-0.000000
328	0.001940
329	-0.000000
330	0.002000
331	-0.000000
332	0.002115
333	-0.000000
334	0.001805
335	-0.000000
336	0.001950
337	-0.000000
338	0.001795
339	-0.000000
340	0.001925
341	-0.000000
342	0.001780
343	-0.000000
344	0.001910
345	-0.000000
346	0.001805
347	-0.000000
348	0.001840
349	-0.000000
350	0.001705
351	-0.000000
352	0.001685
353	-0.000000
354	0.001720
355	-0.000000
356	0.001840
357	-0.000000
358	0.001740
359	-0.000000
360	0.001645
361	-0.000000
362	0.001760
363	-0.000000
364	0.001560
365	-0.000000
366	0.001550
367	-0.000000
368	0.001695
369	-0.000000
370	0.001615
371	-0.000000
372	0.001785
373	-0.000000
374	0.001775
375	-0.000000
376	0.001760
377	-0.000000
378	0.001570
379	-0.000000
380	0.001655
381	-0.000000
382	0.001605
383	-0.000000
384	0.001620
385	-0.000000
386	0.001580
387	-0.000000
388	0.001680
389	-0.000000
390	0.001610
391	-0.000000
392	0.001495
393	-0.000000
394	0.001525
395	-0.000000
396	0.001440
397	-0.000000
398	0.001415
399	-0.000000
400	0.001620
401	-0.000000
402	0.001650
403	-0.000000
404	0.001575
405	-0.000000
406	0.001475
407	-0.000000
408	0.001495
409	-0.000000
410	0.001410
411	-0.000000
412	0.001450
413	-0.000000
414	0.001365
415	-0.000000
416	0.001450
417	-0.000000
418	0.001540
419	-0.000000
420	0.001575
421	-0.000000
422	0.001400
423	-0.000000
424	0.001470
425	-0.000000
426	0.001355
427	-0.000000
428	0.001360
429	-0.000000
430	0.001355
431	-0.000000
432	0.001525
433	-0.000000
434	0.001490
435	-0.000000
436	0.001470
437	-0.000000
438	0.001425
439	-0.000000
440	0.001445
441	-0.000000
442	0.001570
443	-0.000000
444	0.001425
445	-0.000000
446	0.001350
447	-0.000000
448	0.001485
449	-0.000000
450	0.001325
451	-0.000000
452	0.001400
453	-0.000000
454	0.001335
455	-0.000000
456	0.001195
457	-0.000000
458	0.001360
459	-0.000000
460	0.001475
461	-0.000000
462	0.001610
463	-0.000000
464	0.001435
465	-0.000000
466	0.001300
467	-0.000000
468	0.001370
469	-0.000000
470	0.001265
471	-0.000000
472	0.001330
473	-0.000000
474	0.001425
475	-0.000000
476	0.001265
477	-0.000000
478	0.001200
479	-0.000000
480	0.001295
481	-0.000000
482	0.001280
483	-0.000000
484	0.001325
485	-0.000000
486	0.001200
487	-0.000000
488	0.001410
489	-0.000000
490	0.001245
491	-0.000000
492	0.001320
493	-0.000000
494	0.001245
495	-0.000000
496	0.001310
497	-0.000000
498	0.001185
499	-0.000000
500	0.001225
501	-0.000000
502	0.001295
503	-0.000000
504	0.001235
505	-0.000000
506	0.001265
507	-0.000000
508	0.001370
509	-0.000000
510	0.001275
511	-0.000000
512	0.001185
513	-0.000000
514	0.001385
515	-0.000000
516	0.001170
517	-0.000000
518	0.001200
519	-0.000000
520	0.001075
521	-0.000000
522	0.001215
523	-0.000000
524	0.001295
525	-0.000000
526	0.001240
527	-0.000000
528	0.001280
529	-0.000000
530	0.001230
531	-0.000000
532	0.001195
533	-0.000000
534	0.001215
535	-0.000000
536	0.001030
537	-0.000000
538	0.001220
539	-0.000000
540	0.001250
541	-0.000000
542	0.001225
543	-0.000000
544	0.001240
545	-0.000000
546	0.001125
547	-0.000000
548	0.001280
549	-0.000000
550	0.001170
551	-0.000000
552	0.001215
553	-0.000000
554	0.001140
555	-0.000000
556	0.001050
557	-0.000000
558	0.001145
559	-0.000000
560	0.001130
561	-0.000000
562	0.001050
563	-0.000000
564	0.000995
565	-0.000000
566	0.001100
567	-0.000000
568	0.001095
569	-0.000000
570	0.001090
571	-0.000000
572	0.001045
573	-0.000000
574	0.001065
575	-0.000000
576	0.001130
577	-0.000000
578	0.001120
579	-0.000000
580	0.001255
581	-0.000000
582	0.001100
583	-0.000000
584	0.001125
585	-0.000000
586	0.000990
587	-0.000000
588	0.001095
589	-0.000000
590	0.001140
591	-0.000000
592	0.001090
593	-0.000000
594	0.001060
595	-0.000000
596	0.000910
597	-0.000000
598	0.001145
599	-0.000000
600	0.001135
601	-0.000000
602	0.001180
603	-0.000000
604	0.001075
605	-0.000000
606	0.000930
607	-0.000000
608	0.001045
609	-0.000000
610	0.000960
611	-0.000000
612	0.001010
613	-0.000000
614	0.000940
615	-0.000000
616	0.000950
617	-0.000000
618	0.001135
619	-0.000000
620	0.000920
621	-0.000000
622	0.001075
623	-0.000000
624	0.001045
625	-0.000000
626	0.000935
627	-0.000000
628	0.000905
629	-0.000000
630	0.001100
631	-0.000000
632	0.001050
633	-0.000000
634	0.001055
635	-0.000000
636	0.000980
637	-0.000000
638	0.001025
639	-0.000000
640	0.000980
641	-0.000000
642	0.000985
643	-0.000000
644	0.000830
645	-0.000000
646	0.000995
647	-0.000000
648	0.001050
649	-0.000000
650	0.000950
651	-0.000000
652	0.000935
653	-0.000000
654	0.000885
655	-0.000000
656	0.000955
657	-0.000000
658	0.001075
659	-0.000000
660	0.000905
661	-0.000000
662	0.000960
663	-0.000000
664	0.001065
665	-0.000000
666	0.000900
667	-0.000000
668	0.001010
669	-0.000000
670	0.000925
671	-0.000000
672	0.000905
673	-0.000000
674	0.001000
675	-0.000000
676	0.000965
677	-0.000000
678	0.000970
679	-0.000000
680	0.001000
681	-0.000000
682	0.000880
683	-0.000000
684	0.000955
685	-0.000000
686	0.000950
687	-0.000000
688	0.000860
689	-0.000000
690	0.000855
691	-0.000000
692	0.000860
693	-0.000000
694	0.000880
695	-0.000000
696	0.000905
697	-0.000000
698	0.000895
699	-0.000000
700	0.000935
701	-0.000000
702	0.000800
703	-0.000000
704	0.000820
705	-0.000000
706	0.000890
707	-0.000000
708	0.000860
709	-0.000000
710	0.000830
711	-0.000000
712	0.000880
713	-0.000000
714	0.000905
715	-0.000000
716	0.000970
717	-0.000000
718	0.000795
719	-0.000000
720	0.000985
721	-0.000000
722	0.000865
723	-0.000000
724	0.000835
725	-0.000000
726	0.001005
727	-0.000000
728	0.001060
729	-0.000000
730	0.001030
731	-0.000000
732	0.000790
733	-0.000000
734	0.000905
735	-0.000000
736	0.001010
737	-0.000000
738	0.000890
739	-0.000000
740	0.000930
741	-0.000000
742	0.000965
743	-0.000000
744	0.000870
745	-0.000000
746	0.000790
747	-0.000000
748	0.000810
749	-0.000000
750	0.000835
751	-0.000000
752	0.000800
753	-0.000000
754	0.000815
755	-0.000000
756	0.000965
757	-0.000000
758	0.000805
759	-0.000000
760	0.000890
761	-0.000000
762	0.000920
763	-0.000000
764	0.000960
765	-0.000000
766	0.000845
767	-0.000000
768	0.000820
769	-0.000000
770	0.000835
771	-0.000000
772	0.000855
773	-0.000000
774	0.000810
775	-0.000000
776	0.000895
777	-0.000000
778	0.000915
779	-0.000000
780	0.000915
781	-0.000000
782	0.000815
783	-0.000000
784	0.000835
785	-0.000000
786	0.000855
787	-0.000000
788	0.000795
789	-0.000000
790	0.000815
791	-0.000000
792	0.000860
793	-0.000000
794	0.000995
795	-0.000000
796	0.000835
797	-0.000000
798	0.000780
799	-0.000000
800	0.000915
801	-0.000000
802	0.000800
803	-0.000000
804	0.000845
805	-0.000000
806	0.000850
807	-0.000000
808	0.000780
809	-0.000000
810	0.000765
811	-0.000000
812	0.000815
813	-0.000000
814	0.000825
815	-0.000000
816	0.000975
817	-0.000000
818	0.000830
819	-0.000000
820	0.000790
821	-0.000000
822	0.000780
823	-0.000000
824	0.000745
825	-0.000000
826	0.000775
827	-0.000000
828	0.000845
829	-0.000000
830	0.000840
831	-0.000000
832	0.000790
833	-0.000000
834	0.000860
835	-0.000000
836	0.000735
837	-0.000000
838	0.000740
839	-0.000000
840	0.000745
841	-0.000000
842	0.000740
843	-0.000000
844	0.000795
845	-0.000000
846	0.000760
847	-0.000000
848	0.000770
849	-0.000000
850	0.000795
851	-0.000000
852	0.000790
853	-0.000000
854	0.000780
855	-0.000000
856	0.000805
857	-0.000000
858	0.000835
859	-0.000000
860	0.000735
861	-0.000000
862	0.000735
863	-0.000000
864	0.000725
865	-0.000000
866	0.000810
867	-0.000000
868	0.000760
869	-0.000000
870	0.000760
871	-0.000000
872	0.000700
873	-0.000000
874	0.000810
875	-0.000000
876	0.000830
877	-0.000000
878	0.000705
879	-0.000000
880	0.000780
881	-0.000000
882	0.000795
883	-0.000000
884	0.000675
885	-0.000000
886	0.000745
887	-0.000000
888	0.000675
889	-0.000000
890	0.000735
891	-0.000000
892	0.000635
893	-0.000000
894	0.000680
895	-0.000000
896	0.000730
897	-0.000000
898	0.000665
899	-0.000000
900	0.000590
901	-0.000000
902	0.000700
903	-0.000000
904	0.000580
905	-0.000000
906	0.000625
907	-0.000000
908	0.000660
909	-0.000000
910	0.000655
911	-0.000000
912	0.000625
913	-0.000000
914	0.000755
915	-0.000000
916	0.000685
917	-0.000000
918	0.000780
919	-0.000000
920	0.000720
921	-0.000000
922	0.000695
923	-0.000000
924	0.000725
925	-0.000000
926	0.000735
927	-0.000000
928	0.000665
929	-0.000000
930	0.000645
931	-0.000000
932	0.000535
933	-0.000000
934	0.000670
935	-0.000000
936	0.000735
937	-0.000000
938	0.000705
939	-0.000000
940	0.000615
941	-0.000000
942	0.000695
943	-0.000000
944	0.000670
945	-0.000000
946	0.000630
947	-0.000000
948	0.000590
949	-0.000000
950	0.000620
951	-0.000000
952	0.000655
953	-0.000000
954	0.000590
955	-0.000000
956	0.000655
957	-0.000000
958	0.000630
959	-0.000000
960	0.000635
961	-0.000000
962	0.000660
963	-0.000000
964	0.000615
965	-0.000000
966	0.000650
967	-0.000000
968	0.000560
969	-0.000000
970	0.000620
971	-0.000000
972	0.000620
973	-0.000000
974	0.000655
975	-0.000000
976	0.000685
977	-0.000000
978	0.000690
979	-0.000000
980	0.000620
981	-0.000000
982	0.000745
983	-0.000000
984	0.000645
985	-0.000000
986	0.000595
987	-0.000000
988	0.000630
989	-0.000000
990	0.000660
991	-0.000000
992	0.000635
993	-0.000000
994	0.000690
995	-0.000000
996	0.000750
997	-0.000000
998	0.000560
999	-0.000000
1000	0.000675
