E0=1.626748	epsilon=0.010000
-6.000000	0.000000
-5.988000	0.000002
-5.976000	0.000004
-5.964000	0.000006
-5.952000	0.000009
-5.940000	0.000011
-5.928000	0.000013
-5.916000	0.000015
-5.904000	0.000018
-5.892000	0.000020
-5.880000	0.000022
-5.868000	0.000025
-5.856000	0.000027
-5.844000	0.000030
-5.832000	0.000033
-5.820000	0.000036
-5.808000	0.000038
-5.796000	0.000041
-5.784000	0.000045
-5.772000	0.000048
-5.760000	0.000051
-5.748000	0.000055
-5.736000	0.000058
-5.724000	0.000062
-5.712000	0.000066
-5.700000	0.000070
-5.688000	0.000074
-5.676000	0.000078
-5.664000	0.000083
-5.652000	0.000088
-5.640000	0.000093
-5.628000	0.000098
-5.616000	0.000104
-5.604000	0.000109
-5.592000	0.000115
-5.580000	0.000121
-5.568000	0.000128
-5.556000	0.000135
-5.544000	0.000142
-5.532000	0.000149
-5.520000	0.000157
-5.508000	0.000165
-5.496000	0.000174
-5.484000	0.000182
-5.472000	0.000192
-5.460000	0.000201
-5.448000	0.000211
-5.436000	0.000222
-5.424000	0.000233
-5.412000	0.000244
-5.400000	0.000256
-5.388000	0.000269
-5.376000	0.000282
-5.364000	0.000295
-5.352000	0.000309
-5.340000	0.000324
-5.328000	0.000340
-5.316000	0.000356
-5.304000	0.000372
-5.292000	0.000390
-5.280000	0.000408
-5.268000	0.000427
-5.256000	0.000447
-5.244000	0.000468
-5.232000	0.000489
-5.220000	0.000512
-5.208000	0.000535
-5.196000	0.000559
-5.184000	0.000584
-5.172000	0.000611
-5.160000	0.000638
-5.148000	0.000667
-5.136000	0.000696
-5.124000	0.000727
-5.112000	0.000759
-5.100000	0.000793
-5.088000	0.000827
-5.076000	0.000864
-5.064000	0.000901
-5.052000	0.000940
-5.040000	0.000981
-5.028000	0.001023
-5.016000	0.001066
-5.004000	0.001112
-4.992000	0.001159
-4.980000	0.001208
-4.968000	0.001259
-4.956000	0.001312
-4.944000	0.001366
-4.932000	0.001423
-4.920000	0.001482
-4.908000	0.001543
-4.896000	0.001607
-4.884000	0.001673
-4.872000	0.001741
-4.860000	0.001811
-4.848000	0.001885
-4.836000	0.001961
-4.824000	0.002039
-4.812000	0.002121
-4.800000	0.002205
-4.788000	0.002292
-4.776000	0.002383
-4.764000	0.002476
-4.752000	0.002573
-4.740000	0.002674
-4.728000	0.002778
-4.716000	0.002885
-4.704000	0.002996
-4.692000	0.003111
-4.680000	0.003230
-4.668000	0.003352
-4.656000	0.003479
-4.644000	0.003611
-4.632000	0.003746
-4.620000	0.003886
-4.608000	0.004031
-4.596000	0.004180
-4.584000	0.004335
-4.572000	0.004494
-4.560000	0.004659
-4.548000	0.004829
-4.536000	0.005004
-4.524000	0.005185
-4.512000	0.005371
-4.500000	0.005564
-4.488000	0.005763
-4.476000	0.005967
-4.464000	0.006178
-4.452000	0.006396
-4.440000	0.006620
-4.428000	0.006852
-4.416000	0.007090
-4.404000	0.007335
-4.392000	0.007588
-4.380000	0.007848
-4.368000	0.008117
-4.356000	0.008393
-4.344000	0.008677
-4.332000	0.008969
-4.320000	0.009270
-4.308000	0.009580
-4.296000	0.009899
-4.284000	0.010226
-4.272000	0.010564
-4.260000	0.010910
-4.248000	0.011267
-4.236000	0.011633
-4.224000	0.012010
-4.212000	0.012397
-4.200000	0.012794
-4.188000	0.013203
-4.176000	0.013622
-4.164000	0.014053
-4.152000	0.014496
-4.140000	0.014950
-4.128000	0.015416
-4.116000	0.015895
-4.104000	0.016386
-4.092000	0.016890
-4.080000	0.017407
-4.068000	0.017938
-4.056000	0.018482
-4.044000	0.019039
-4.032000	0.019611
-4.020000	0.020198
-4.008000	0.020799
-3.996000	0.021414
-3.984000	0.022045
-3.972000	0.022692
-3.960000	0.023354
-3.948000	0.024032
-3.936000	0.024726
-3.924000	0.025437
-3.912000	0.026165
-3.900000	0.026910
-3.888000	0.027672
-3.876000	0.028452
-3.864000	0.029250
-3.852000	0.030067
-3.840000	0.030902
-3.828000	0.031755
-3.816000	0.032628
-3.804000	0.033521
-3.792000	0.034433
-3.780000	0.035365
-3.768000	0.036317
-3.756000	0.037290
-3.744000	0.038284
-3.732000	0.039299
-3.720000	0.040336
-3.708000	0.041394
-3.696000	0.042475
-3.684000	0.043578
-3.672000	0.044703
-3.660000	0.045852
-3.648000	0.047024
-3.636000	0.048219
-3.624000	0.049438
-3.612000	0.050681
-3.600000	0.051949
-3.588000	0.053241
-3.576000	0.054559
-3.564000	0.055901
-3.552000	0.057269
-3.540000	0.058663
-3.528000	0.060082
-3.516000	0.061528
-3.504000	0.063001
-3.492000	0.064500
-3.480000	0.066026
-3.468000	0.067580
-3.456000	0.069161
-3.444000	0.070770
-3.432000	0.072407
-3.420000	0.074072
-3.408000	0.075766
-3.396000	0.077488
-3.384000	0.079240
-3.372000	0.081020
-3.360000	0.082830
-3.348000	0.084669
-3.336000	0.086538
-3.324000	0.088436
-3.312000	0.090365
-3.300000	0.092324
-3.288000	0.094314
-3.276000	0.096333
-3.264000	0.098384
-3.252000	0.100465
-3.240000	0.102578
-3.228000	0.104721
-3.216000	0.106896
-3.204000	0.109102
-3.192000	0.111339
-3.180000	0.113607
-3.168000	0.115907
-3.156000	0.118239
-3.144000	0.120603
-3.132000	0.122998
-3.120000	0.125424
-3.108000	0.127883
-3.096000	0.130373
-3.084000	0.132895
-3.072000	0.135449
-3.060000	0.138034
-3.048000	0.140652
-3.036000	0.143300
-3.024000	0.145981
-3.012000	0.148693
-3.000000	0.151436
-2.988000	0.154210
-2.976000	0.157016
-2.964000	0.159853
-2.952000	0.162721
-2.940000	0.165619
-2.928000	0.168548
-2.916000	0.171508
-2.904000	0.174498
-2.892000	0.177518
-2.880000	0.180567
-2.868000	0.183647
-2.856000	0.186755
-2.844000	0.189893
-2.832000	0.193059
-2.820000	0.196254
-2.808000	0.199477
-2.796000	0.202728
-2.784000	0.206006
-2.772000	0.209311
-2.760000	0.212643
-2.748000	0.216002
-2.736000	0.219386
-2.724000	0.222796
-2.712000	0.226231
-2.700000	0.229691
-2.688000	0.233174
-2.676000	0.236681
-2.664000	0.240212
-2.652000	0.243765
-2.640000	0.247340
-2.628000	0.250936
-2.616000	0.254554
-2.604000	0.258192
-2.592000	0.261849
-2.580000	0.265526
-2.568000	0.269221
-2.556000	0.272934
-2.544000	0.276664
-2.532000	0.280410
-2.520000	0.284172
-2.508000	0.287949
-2.496000	0.291740
-2.484000	0.295545
-2.472000	0.299362
-2.460000	0.303192
-2.448000	0.307032
-2.436000	0.310883
-2.424000	0.314743
-2.412000	0.318612
-2.400000	0.322488
-2.388000	0.326371
-2.376000	0.330260
-2.364000	0.334155
-2.352000	0.338053
-2.340000	0.341954
-2.328000	0.345858
-2.316000	0.349762
-2.304000	0.353667
-2.292000	0.357571
-2.280000	0.361473
-2.268000	0.365372
-2.256000	0.369268
-2.244000	0.373158
-2.232000	0.377042
-2.220000	0.380919
-2.208000	0.384788
-2.196000	0.388648
-2.184000	0.392497
-2.172000	0.396334
-2.160000	0.400159
-2.148000	0.403970
-2.136000	0.407766
-2.124000	0.411545
-2.112000	0.415308
-2.100000	0.419051
-2.088000	0.422775
-2.076000	0.426477
-2.064000	0.430158
-2.052000	0.433815
-2.040000	0.437447
-2.028000	0.441053
-2.016000	0.444633
-2.004000	0.448183
-1.992000	0.451704
-1.980000	0.455194
-1.968000	0.458652
-1.956000	0.462076
-1.944000	0.465466
-1.932000	0.468819
-1.920000	0.472136
-1.908000	0.475413
-1.896000	0.478651
-1.884000	0.481847
-1.872000	0.485001
-1.860000	0.488111
-1.848000	0.491177
-1.836000	0.494195
-1.824000	0.497167
-1.812000	0.500089
-1.800000	0.502961
-1.788000	0.505782
-1.776000	0.508549
-1.764000	0.511263
-1.752000	0.513922
-1.740000	0.516524
-1.728000	0.519068
-1.716000	0.521553
-1.704000	0.523978
-1.692000	0.526342
-1.680000	0.528642
-1.668000	0.530879
-1.656000	0.533050
-1.644000	0.535155
-1.632000	0.537193
-1.620000	0.539161
-1.608000	0.541060
-1.596000	0.542888
-1.584000	0.544643
-1.572000	0.546325
-1.560000	0.547933
-1.548000	0.549465
-1.536000	0.550920
-1.524000	0.552298
-1.512000	0.553596
-1.500000	0.554815
-1.488000	0.555953
-1.476000	0.557009
-1.464000	0.557982
-1.452000	0.558871
-1.440000	0.559675
-1.428000	0.560394
-1.416000	0.561025
-1.404000	0.561570
-1.392000	0.562025
-1.380000	0.562392
-1.368000	0.562668
-1.356000	0.562853
-1.344000	0.562946
-1.332000	0.562947
-1.320000	0.562855
-1.308000	0.562668
-1.296000	0.562387
-1.284000	0.562010
-1.272000	0.561537
-1.260000	0.560968
-1.248000	0.560302
-1.236000	0.559537
-1.224000	0.558674
-1.212000	0.557713
-1.200000	0.556652
-1.188000	0.555491
-1.176000	0.554230
-1.164000	0.552868
-1.152000	0.551406
-1.140000	0.549841
-1.128000	0.548176
-1.116000	0.546408
-1.104000	0.544538
-1.092000	0.542565
-1.080000	0.540490
-1.068000	0.538312
-1.056000	0.536032
-1.044000	0.533648
-1.032000	0.531161
-1.020000	0.528571
-1.008000	0.525877
-0.996000	0.523081
-0.984000	0.520181
-0.972000	0.517179
-0.960000	0.514074
-0.948000	0.510866
-0.936000	0.507555
-0.924000	0.504142
-0.912000	0.500627
-0.900000	0.497011
-0.888000	0.493293
-0.876000	0.489474
-0.864000	0.485554
-0.852000	0.481534
-0.840000	0.477414
-0.828000	0.473195
-0.816000	0.468877
-0.804000	0.464460
-0.792000	0.459946
-0.780000	0.455335
-0.768000	0.450628
-0.756000	0.445825
-0.744000	0.440926
-0.732000	0.435934
-0.720000	0.430848
-0.708000	0.425669
-0.696000	0.420399
-0.684000	0.415037
-0.672000	0.409586
-0.660000	0.404045
-0.648000	0.398416
-0.636000	0.392700
-0.624000	0.386898
-0.612000	0.381010
-0.600000	0.375039
-0.588000	0.368984
-0.576000	0.362848
-0.564000	0.356632
-0.552000	0.350336
-0.540000	0.343961
-0.528000	0.337510
-0.516000	0.330984
-0.504000	0.324383
-0.492000	0.317709
-0.480000	0.310963
-0.468000	0.304147
-0.456000	0.297262
-0.444000	0.290310
-0.432000	0.283292
-0.420000	0.276210
-0.408000	0.269065
-0.396000	0.261858
-0.384000	0.254591
-0.372000	0.247266
-0.360000	0.239885
-0.348000	0.232448
-0.336000	0.224958
-0.324000	0.217417
-0.312000	0.209825
-0.300000	0.202184
-0.288000	0.194497
-0.276000	0.186765
-0.264000	0.178990
-0.252000	0.171174
-0.240000	0.163317
-0.228000	0.155423
-0.216000	0.147493
-0.204000	0.139528
-0.192000	0.131531
-0.180000	0.123503
-0.168000	0.115446
-0.156000	0.107363
-0.144000	0.099254
-0.132000	0.091122
-0.120000	0.082969
-0.108000	0.074797
-0.096000	0.066607
-0.084000	0.058402
-0.072000	0.050182
-0.060000	0.041952
-0.048000	0.033711
-0.036000	0.025462
-0.024000	0.017208
-0.012000	0.008949
0.000000	0.000688
0.012000	-0.007572
0.024000	-0.015832
0.036000	-0.024087
0.048000	-0.032337
0.060000	-0.040579
0.072000	-0.048811
0.084000	-0.057033
0.096000	-0.065241
0.108000	-0.073433
0.120000	-0.081609
0.132000	-0.089765
0.144000	-0.097901
0.156000	-0.106013
0.168000	-0.114101
0.180000	-0.122162
0.192000	-0.130195
0.204000	-0.138197
0.216000	-0.146167
0.228000	-0.154104
0.240000	-0.162004
0.252000	-0.169867
0.264000	-0.177690
0.276000	-0.185473
0.288000	-0.193212
0.300000	-0.200906
0.312000	-0.208555
0.324000	-0.216155
0.336000	-0.223705
0.348000	-0.231204
0.360000	-0.238649
0.372000	-0.246040
0.384000	-0.253375
0.396000	-0.260651
0.408000	-0.267868
0.420000	-0.275023
0.432000	-0.282116
0.444000	-0.289145
0.456000	-0.296108
0.468000	-0.303004
0.480000	-0.309832
0.492000	-0.316589
0.504000	-0.323275
0.516000	-0.329889
0.528000	-0.336428
0.540000	-0.342892
0.552000	-0.349279
0.564000	-0.355588
0.576000	-0.361818
0.588000	-0.367967
0.600000	-0.374035
0.612000	-0.380021
0.624000	-0.385922
0.636000	-0.391739
0.648000	-0.397469
0.660000	-0.403113
0.672000	-0.408668
0.684000	-0.414135
0.696000	-0.419511
0.708000	-0.424797
0.720000	-0.429991
0.732000	-0.435093
0.744000	-0.440101
0.756000	-0.445015
0.768000	-0.449834
0.780000	-0.454557
0.792000	-0.459185
0.804000	-0.463715
0.816000	-0.468147
0.828000	-0.472482
0.840000	-0.476718
0.852000	-0.480854
0.864000	-0.484891
0.876000	-0.488827
0.888000	-0.492663
0.900000	-0.496398
0.912000	-0.500032
0.924000	-0.503563
0.936000	-0.506993
0.948000	-0.510321
0.960000	-0.513546
0.972000	-0.516668
0.984000	-0.519688
0.996000	-0.522605
1.008000	-0.525418
1.020000	-0.528129
1.032000	-0.530736
1.044000	-0.533240
1.056000	-0.535641
1.068000	-0.537939
1.080000	-0.540134
1.092000	-0.542227
1.104000	-0.544216
1.116000	-0.546103
1.128000	-0.547888
1.140000	-0.549571
1.152000	-0.551152
1.164000	-0.552632
1.176000	-0.554010
1.188000	-0.555288
1.200000	-0.556465
1.212000	-0.557543
1.224000	-0.558521
1.236000	-0.559400
1.248000	-0.560181
1.260000	-0.560864
1.272000	-0.561449
1.284000	-0.561938
1.296000	-0.562331
1.308000	-0.562628
1.320000	-0.562830
1.332000	-0.562938
1.344000	-0.562953
1.356000	-0.562875
1.368000	-0.562705
1.380000	-0.562444
1.392000	-0.562092
1.404000	-0.561652
1.416000	-0.561122
1.428000	-0.560505
1.440000	-0.559801
1.452000	-0.559011
1.464000	-0.558136
1.476000	-0.557177
1.488000	-0.556134
1.500000	-0.555010
1.512000	-0.553805
1.524000	-0.552519
1.536000	-0.551155
1.548000	-0.549713
1.560000	-0.548193
1.572000	-0.546598
1.584000	-0.544929
1.596000	-0.543185
1.608000	-0.541370
1.620000	-0.539483
1.632000	-0.537526
1.644000	-0.535500
1.656000	-0.533406
1.668000	-0.531245
1.680000	-0.529019
1.692000	-0.526729
1.704000	-0.524376
1.716000	-0.521962
1.728000	-0.519486
1.740000	-0.516952
1.752000	-0.514359
1.764000	-0.511710
1.776000	-0.509005
1.788000	-0.506247
1.800000	-0.503435
1.812000	-0.500571
1.824000	-0.497657
1.836000	-0.494694
1.848000	-0.491683
1.860000	-0.488625
1.872000	-0.485523
1.884000	-0.482376
1.896000	-0.479186
1.908000	-0.475956
1.920000	-0.472685
1.932000	-0.469375
1.944000	-0.466027
1.956000	-0.462644
1.968000	-0.459225
1.980000	-0.455773
1.992000	-0.452288
2.004000	-0.448772
2.016000	-0.445226
2.028000	-0.441652
2.040000	-0.438050
2.052000	-0.434422
2.064000	-0.430769
2.076000	-0.427092
2.088000	-0.423393
2.100000	-0.419673
2.112000	-0.415933
2.124000	-0.412174
2.136000	-0.408397
2.148000	-0.404604
2.160000	-0.400795
2.172000	-0.396973
2.184000	-0.393137
2.196000	-0.389290
2.208000	-0.385432
2.220000	-0.381565
2.232000	-0.377689
2.244000	-0.373806
2.256000	-0.369916
2.268000	-0.366022
2.280000	-0.362123
2.292000	-0.358221
2.304000	-0.354318
2.316000	-0.350413
2.328000	-0.346508
2.340000	-0.342605
2.352000	-0.338703
2.364000	-0.334804
2.376000	-0.330909
2.388000	-0.327019
2.400000	-0.323135
2.412000	-0.319257
2.424000	-0.315387
2.436000	-0.311526
2.448000	-0.307673
2.460000	-0.303831
2.472000	-0.300000
2.484000	-0.296180
2.496000	-0.292373
2.508000	-0.288580
2.520000	-0.284800
2.532000	-0.281036
2.544000	-0.277287
2.556000	-0.273554
2.568000	-0.269838
2.580000	-0.266140
2.592000	-0.262461
2.604000	-0.258800
2.616000	-0.255159
2.628000	-0.251538
2.640000	-0.247938
2.652000	-0.244359
2.664000	-0.240802
2.676000	-0.237268
2.688000	-0.233757
2.700000	-0.230269
2.712000	-0.226806
2.724000	-0.223367
2.736000	-0.219953
2.748000	-0.216564
2.760000	-0.213201
2.772000	-0.209865
2.784000	-0.206555
2.796000	-0.203272
2.808000	-0.200017
2.820000	-0.196789
2.832000	-0.193590
2.844000	-0.190418
2.856000	-0.187276
2.868000	-0.184163
2.880000	-0.181078
2.892000	-0.178024
2.904000	-0.174999
2.916000	-0.172004
2.928000	-0.169039
2.940000	-0.166105
2.952000	-0.163202
2.964000	-0.160329
2.976000	-0.157487
2.988000	-0.154676
3.000000	-0.151896
3.012000	-0.149148
3.024000	-0.146430
3.036000	-0.143745
3.048000	-0.141091
3.060000	-0.138468
3.072000	-0.135878
3.084000	-0.133319
3.096000	-0.130791
3.108000	-0.128296
3.120000	-0.125832
3.132000	-0.123400
3.144000	-0.121000
3.156000	-0.118631
3.168000	-0.116294
3.180000	-0.113989
3.192000	-0.111715
3.204000	-0.109472
3.216000	-0.107261
3.228000	-0.105081
3.240000	-0.102933
3.252000	-0.100815
3.264000	-0.098729
3.276000	-0.096673
3.288000	-0.094648
3.300000	-0.092654
3.312000	-0.090690
3.324000	-0.088756
3.336000	-0.086852
3.348000	-0.084978
3.360000	-0.083134
3.372000	-0.081320
3.384000	-0.079534
3.396000	-0.077778
3.408000	-0.076051
3.420000	-0.074353
3.432000	-0.072683
3.444000	-0.071041
3.456000	-0.069427
3.468000	-0.067842
3.480000	-0.066283
3.492000	-0.064752
3.504000	-0.063249
3.516000	-0.061772
3.528000	-0.060321
3.540000	-0.058897
3.552000	-0.057499
3.564000	-0.056127
3.576000	-0.054781
3.588000	-0.053459
3.600000	-0.052163
3.612000	-0.050891
3.624000	-0.049644
3.636000	-0.048421
3.648000	-0.047221
3.660000	-0.046046
3.672000	-0.044893
3.684000	-0.043764
3.696000	-0.042657
3.708000	-0.041573
3.720000	-0.040511
3.732000	-0.039471
3.744000	-0.038452
3.756000	-0.037454
3.768000	-0.036478
3.780000	-0.035522
3.792000	-0.034587
3.804000	-0.033671
3.816000	-0.032776
3.828000	-0.031899
3.840000	-0.031043
3.852000	-0.030205
3.864000	-0.029385
3.876000	-0.028584
3.888000	-0.027801
3.900000	-0.027036
3.912000	-0.026288
3.924000	-0.025557
3.936000	-0.024844
3.948000	-0.024147
3.960000	-0.023466
3.972000	-0.022801
3.984000	-0.022152
3.996000	-0.021518
4.008000	-0.020900
4.020000	-0.020297
4.032000	-0.019708
4.044000	-0.019134
4.056000	-0.018574
4.068000	-0.018027
4.080000	-0.017495
4.092000	-0.016976
4.104000	-0.016469
4.116000	-0.015976
4.128000	-0.015495
4.140000	-0.015027
4.152000	-0.014571
4.164000	-0.014126
4.176000	-0.013693
4.188000	-0.013272
4.200000	-0.012861
4.212000	-0.012462
4.224000	-0.012073
4.236000	-0.011695
4.248000	-0.011327
4.260000	-0.010969
4.272000	-0.010621
4.284000	-0.010282
4.296000	-0.009953
4.308000	-0.009633
4.320000	-0.009321
4.332000	-0.009019
4.344000	-0.008725
4.356000	-0.008439
4.368000	-0.008162
4.380000	-0.007893
4.392000	-0.007631
4.404000	-0.007377
4.416000	-0.007130
4.428000	-0.006891
4.440000	-0.006659
4.452000	-0.006433
4.464000	-0.006214
4.476000	-0.006002
4.488000	-0.005796
4.500000	-0.005597
4.512000	-0.005403
4.524000	-0.005216
4.536000	-0.005034
4.548000	-0.004858
4.560000	-0.004687
4.572000	-0.004521
4.584000	-0.004361
4.596000	-0.004206
4.608000	-0.004056
4.620000	-0.003910
4.632000	-0.003769
4.644000	-0.003633
4.656000	-0.003501
4.668000	-0.003373
4.680000	-0.003250
4.692000	-0.003130
4.704000	-0.003015
4.716000	-0.002903
4.728000	-0.002795
4.740000	-0.002691
4.752000	-0.002590
4.764000	-0.002492
4.776000	-0.002398
4.788000	-0.002307
4.800000	-0.002219
4.812000	-0.002135
4.824000	-0.002053
4.836000	-0.001974
4.848000	-0.001897
4.860000	-0.001824
4.872000	-0.001752
4.884000	-0.001684
4.896000	-0.001618
4.908000	-0.001554
4.920000	-0.001492
4.932000	-0.001433
4.944000	-0.001376
4.956000	-0.001321
4.968000	-0.001268
4.980000	-0.001217
4.992000	-0.001167
5.004000	-0.001120
5.016000	-0.001074
5.028000	-0.001030
5.040000	-0.000988
5.052000	-0.000947
5.064000	-0.000908
5.076000	-0.000870
5.088000	-0.000834
5.100000	-0.000799
5.112000	-0.000765
5.124000	-0.000733
5.136000	-0.000702
5.148000	-0.000672
5.160000	-0.000643
5.172000	-0.000616
5.184000	-0.000589
5.196000	-0.000564
5.208000	-0.000539
5.220000	-0.000516
5.232000	-0.000493
5.244000	-0.000472
5.256000	-0.000451
5.268000	-0.000431
5.280000	-0.000412
5.292000	-0.000393
5.304000	-0.000376
5.316000	-0.000359
5.328000	-0.000343
5.340000	-0.000327
5.352000	-0.000312
5.364000	-0.000298
5.376000	-0.000285
5.388000	-0.000271
5.400000	-0.000259
5.412000	-0.000247
5.424000	-0.000235
5.436000	-0.000224
5.448000	-0.000214
5.460000	-0.000204
5.472000	-0.000194
5.484000	-0.000185
5.496000	-0.000176
5.508000	-0.000168
5.520000	-0.000159
5.532000	-0.000152
5.544000	-0.000144
5.556000	-0.000137
5.568000	-0.000130
5.580000	-0.000124
5.592000	-0.000118
5.604000	-0.000112
5.616000	-0.000106
5.628000	-0.000101
5.640000	-0.000095
5.652000	-0.000091
5.664000	-0.000086
5.676000	-0.000081
5.688000	-0.000077
5.700000	-0.000073
5.712000	-0.000069
5.724000	-0.000065
5.736000	-0.000061
5.748000	-0.000058
5.760000	-0.000054
5.772000	-0.000051
5.784000	-0.000048
5.796000	-0.000045
5.808000	-0.000042
5.820000	-0.000040
5.832000	-0.000037
5.844000	-0.000034
5.856000	-0.000032
5.868000	-0.000030
5.880000	-0.000027
5.892000	-0.000025
5.904000	-0.000023
5.916000	-0.000021
5.928000	-0.000019
5.940000	-0.000017
5.952000	-0.000015
5.964000	-0.000013
5.976000	-0.000011
5.988000	-0.000010
