E0=3.228912	epsilon=0.030000
-6.000000	0.000000
-5.988000	0.000000
-5.976000	0.000000
-5.964000	0.000000
-5.952000	0.000001
-5.940000	0.000001
-5.928000	0.000001
-5.916000	0.000001
-5.904000	0.000001
-5.892000	0.000002
-5.880000	0.000002
-5.868000	0.000002
-5.856000	0.000002
-5.844000	0.000003
-5.832000	0.000003
-5.820000	0.000003
-5.808000	0.000003
-5.796000	0.000004
-5.784000	0.000004
-5.772000	0.000004
-5.760000	0.000005
-5.748000	0.000005
-5.736000	0.000006
-5.724000	0.000006
-5.712000	0.000007
-5.700000	0.000007
-5.688000	0.000008
-5.676000	0.000008
-5.664000	0.000009
-5.652000	0.000010
-5.640000	0.000010
-5.628000	0.000011
-5.616000	0.000012
-5.604000	0.000013
-5.592000	0.000014
-5.580000	0.000015
-5.568000	0.000016
-5.556000	0.000017
-5.544000	0.000019
-5.532000	0.000020
-5.520000	0.000022
-5.508000	0.000023
-5.496000	0.000025
-5.484000	0.000027
-5.472000	0.000028
-5.460000	0.000031
-5.448000	0.000033
-5.436000	0.000035
-5.424000	0.000037
-5.412000	0.000040
-5.400000	0.000043
-5.388000	0.000046
-5.376000	0.000049
-5.364000	0.000052
-5.352000	0.000056
-5.340000	0.000060
-5.328000	0.000064
-5.316000	0.000068
-5.304000	0.000073
-5.292000	0.000078
-5.280000	0.000083
-5.268000	0.000089
-5.256000	0.000094
-5.244000	0.000101
-5.232000	0.000107
-5.220000	0.000114
-5.208000	0.000122
-5.196000	0.000130
-5.184000	0.000138
-5.172000	0.000147
-5.160000	0.000156
-5.148000	0.000166
-5.136000	0.000177
-5.124000	0.000188
-5.112000	0.000200
-5.100000	0.000212
-5.088000	0.000226
-5.076000	0.000240
-5.064000	0.000254
-5.052000	0.000270
-5.040000	0.000286
-5.028000	0.000304
-5.016000	0.000322
-5.004000	0.000342
-4.992000	0.000362
-4.980000	0.000384
-4.968000	0.000407
-4.956000	0.000431
-4.944000	0.000456
-4.932000	0.000483
-4.920000	0.000511
-4.908000	0.000541
-4.896000	0.000572
-4.884000	0.000605
-4.872000	0.000639
-4.860000	0.000676
-4.848000	0.000714
-4.836000	0.000755
-4.824000	0.000797
-4.812000	0.000841
-4.800000	0.000888
-4.788000	0.000937
-4.776000	0.000989
-4.764000	0.001043
-4.752000	0.001100
-4.740000	0.001160
-4.728000	0.001222
-4.716000	0.001288
-4.704000	0.001357
-4.692000	0.001429
-4.680000	0.001505
-4.668000	0.001584
-4.656000	0.001667
-4.644000	0.001754
-4.632000	0.001845
-4.620000	0.001941
-4.608000	0.002040
-4.596000	0.002144
-4.584000	0.002254
-4.572000	0.002368
-4.560000	0.002487
-4.548000	0.002611
-4.536000	0.002741
-4.524000	0.002877
-4.512000	0.003019
-4.500000	0.003167
-4.488000	0.003322
-4.476000	0.003483
-4.464000	0.003651
-4.452000	0.003826
-4.440000	0.004009
-4.428000	0.004200
-4.416000	0.004398
-4.404000	0.004605
-4.392000	0.004820
-4.380000	0.005045
-4.368000	0.005278
-4.356000	0.005521
-4.344000	0.005773
-4.332000	0.006036
-4.320000	0.006310
-4.308000	0.006594
-4.296000	0.006889
-4.284000	0.007196
-4.272000	0.007514
-4.260000	0.007845
-4.248000	0.008189
-4.236000	0.008545
-4.224000	0.008916
-4.212000	0.009299
-4.200000	0.009698
-4.188000	0.010111
-4.176000	0.010539
-4.164000	0.010982
-4.152000	0.011442
-4.140000	0.011918
-4.128000	0.012411
-4.116000	0.012922
-4.104000	0.013450
-4.092000	0.013997
-4.080000	0.014563
-4.068000	0.015148
-4.056000	0.015753
-4.044000	0.016379
-4.032000	0.017025
-4.020000	0.017693
-4.008000	0.018383
-3.996000	0.019096
-3.984000	0.019832
-3.972000	0.020591
-3.960000	0.021375
-3.948000	0.022184
-3.936000	0.023018
-3.924000	0.023878
-3.912000	0.024765
-3.900000	0.025679
-3.888000	0.026621
-3.876000	0.027591
-3.864000	0.028591
-3.852000	0.029620
-3.840000	0.030679
-3.828000	0.031769
-3.816000	0.032891
-3.804000	0.034045
-3.792000	0.035231
-3.780000	0.036451
-3.768000	0.037705
-3.756000	0.038993
-3.744000	0.040317
-3.732000	0.041676
-3.720000	0.043073
-3.708000	0.044506
-3.696000	0.045977
-3.684000	0.047486
-3.672000	0.049034
-3.660000	0.050622
-3.648000	0.052250
-3.636000	0.053919
-3.624000	0.055629
-3.612000	0.057381
-3.600000	0.059176
-3.588000	0.061013
-3.576000	0.062895
-3.564000	0.064820
-3.552000	0.066790
-3.540000	0.068806
-3.528000	0.070867
-3.516000	0.072975
-3.504000	0.075130
-3.492000	0.077331
-3.480000	0.079581
-3.468000	0.081879
-3.456000	0.084225
-3.444000	0.086620
-3.432000	0.089065
-3.420000	0.091560
-3.408000	0.094105
-3.396000	0.096700
-3.384000	0.099346
-3.372000	0.102043
-3.360000	0.104792
-3.348000	0.107592
-3.336000	0.110445
-3.324000	0.113349
-3.312000	0.116306
-3.300000	0.119315
-3.288000	0.122376
-3.276000	0.125490
-3.264000	0.128657
-3.252000	0.131877
-3.240000	0.135149
-3.228000	0.138474
-3.216000	0.141852
-3.204000	0.145282
-3.192000	0.148764
-3.180000	0.152299
-3.168000	0.155886
-3.156000	0.159524
-3.144000	0.163214
-3.132000	0.166955
-3.120000	0.170748
-3.108000	0.174590
-3.096000	0.178483
-3.084000	0.182425
-3.072000	0.186416
-3.060000	0.190456
-3.048000	0.194544
-3.036000	0.198679
-3.024000	0.202860
-3.012000	0.207088
-3.000000	0.211361
-2.988000	0.215677
-2.976000	0.220038
-2.964000	0.224441
-2.952000	0.228885
-2.940000	0.233370
-2.928000	0.237895
-2.916000	0.242458
-2.904000	0.247059
-2.892000	0.251696
-2.880000	0.256367
-2.868000	0.261073
-2.856000	0.265811
-2.844000	0.270580
-2.832000	0.275378
-2.820000	0.280205
-2.808000	0.285058
-2.796000	0.289936
-2.784000	0.294838
-2.772000	0.299762
-2.760000	0.304706
-2.748000	0.309668
-2.736000	0.314647
-2.724000	0.319641
-2.712000	0.324648
-2.700000	0.329665
-2.688000	0.334692
-2.676000	0.339726
-2.664000	0.344766
-2.652000	0.349808
-2.640000	0.354850
-2.628000	0.359892
-2.616000	0.364930
-2.604000	0.369962
-2.592000	0.374987
-2.580000	0.380001
-2.568000	0.385002
-2.556000	0.389988
-2.544000	0.394956
-2.532000	0.399905
-2.520000	0.404831
-2.508000	0.409732
-2.496000	0.414606
-2.484000	0.419450
-2.472000	0.424261
-2.460000	0.429036
-2.448000	0.433774
-2.436000	0.438471
-2.424000	0.443125
-2.412000	0.447732
-2.400000	0.452291
-2.388000	0.456799
-2.376000	0.461252
-2.364000	0.465648
-2.352000	0.469984
-2.340000	0.474258
-2.328000	0.478466
-2.316000	0.482606
-2.304000	0.486675
-2.292000	0.490670
-2.280000	0.494589
-2.268000	0.498428
-2.256000	0.502185
-2.244000	0.505856
-2.232000	0.509440
-2.220000	0.512933
-2.208000	0.516332
-2.196000	0.519636
-2.184000	0.522840
-2.172000	0.525942
-2.160000	0.528940
-2.148000	0.531831
-2.136000	0.534612
-2.124000	0.537281
-2.112000	0.539834
-2.100000	0.542270
-2.088000	0.544585
-2.076000	0.546777
-2.064000	0.548844
-2.052000	0.550783
-2.040000	0.552592
-2.028000	0.554269
-2.016000	0.555810
-2.004000	0.557214
-1.992000	0.558479
-1.980000	0.559601
-1.968000	0.560580
-1.956000	0.561413
-1.944000	0.562098
-1.932000	0.562633
-1.920000	0.563016
-1.908000	0.563245
-1.896000	0.563318
-1.884000	0.563234
-1.872000	0.562990
-1.860000	0.562586
-1.848000	0.562020
-1.836000	0.561290
-1.824000	0.560395
-1.812000	0.559333
-1.800000	0.558103
-1.788000	0.556705
-1.776000	0.555136
-1.764000	0.553397
-1.752000	0.551485
-1.740000	0.549400
-1.728000	0.547142
-1.716000	0.544710
-1.704000	0.542102
-1.692000	0.539319
-1.680000	0.536360
-1.668000	0.533224
-1.656000	0.529912
-1.644000	0.526423
-1.632000	0.522758
-1.620000	0.518915
-1.608000	0.514896
-1.596000	0.510700
-1.584000	0.506329
-1.572000	0.501781
-1.560000	0.497058
-1.548000	0.492160
-1.536000	0.487088
-1.524000	0.481843
-1.512000	0.476425
-1.500000	0.470836
-1.488000	0.465077
-1.476000	0.459148
-1.464000	0.453052
-1.452000	0.446788
-1.440000	0.440360
-1.428000	0.433768
-1.416000	0.427014
-1.404000	0.420099
-1.392000	0.413027
-1.380000	0.405797
-1.368000	0.398414
-1.356000	0.390878
-1.344000	0.383192
-1.332000	0.375358
-1.320000	0.367379
-1.308000	0.359257
-1.296000	0.350994
-1.284000	0.342594
-1.272000	0.334059
-1.260000	0.325392
-1.248000	0.316596
-1.236000	0.307674
-1.224000	0.298629
-1.212000	0.289464
-1.200000	0.280182
-1.188000	0.270788
-1.176000	0.261283
-1.164000	0.251672
-1.152000	0.241959
-1.140000	0.232146
-1.128000	0.222238
-1.116000	0.212239
-1.104000	0.202151
-1.092000	0.191980
-1.080000	0.181729
-1.068000	0.171403
-1.056000	0.161004
-1.044000	0.150539
-1.032000	0.140010
-1.020000	0.129421
-1.008000	0.118778
-0.996000	0.108085
-0.984000	0.097346
-0.972000	0.086566
-0.960000	0.075748
-0.948000	0.064898
-0.936000	0.054020
-0.924000	0.043119
-0.912000	0.032200
-0.900000	0.021266
-0.888000	0.010323
-0.876000	-0.000624
-0.864000	-0.011571
-0.852000	-0.022513
-0.840000	-0.033445
-0.828000	-0.044362
-0.816000	-0.055260
-0.804000	-0.066134
-0.792000	-0.076979
-0.780000	-0.087789
-0.768000	-0.098561
-0.756000	-0.109290
-0.744000	-0.119970
-0.732000	-0.130597
-0.720000	-0.141165
-0.708000	-0.151671
-0.696000	-0.162110
-0.684000	-0.172476
-0.672000	-0.182764
-0.660000	-0.192971
-0.648000	-0.203092
-0.636000	-0.213121
-0.624000	-0.223055
-0.612000	-0.232888
-0.600000	-0.242616
-0.588000	-0.252234
-0.576000	-0.261739
-0.564000	-0.271125
-0.552000	-0.280388
-0.540000	-0.289524
-0.528000	-0.298529
-0.516000	-0.307398
-0.504000	-0.316127
-0.492000	-0.324712
-0.480000	-0.333149
-0.468000	-0.341434
-0.456000	-0.349563
-0.444000	-0.357532
-0.432000	-0.365338
-0.420000	-0.372976
-0.408000	-0.380443
-0.396000	-0.387736
-0.384000	-0.394851
-0.372000	-0.401784
-0.360000	-0.408532
-0.348000	-0.415093
-0.336000	-0.421462
-0.324000	-0.427637
-0.312000	-0.433615
-0.300000	-0.439393
-0.288000	-0.444968
-0.276000	-0.450338
-0.264000	-0.455499
-0.252000	-0.460450
-0.240000	-0.465188
-0.228000	-0.469710
-0.216000	-0.474015
-0.204000	-0.478100
-0.192000	-0.481964
-0.180000	-0.485604
-0.168000	-0.489019
-0.156000	-0.492208
-0.144000	-0.495168
-0.132000	-0.497898
-0.120000	-0.500396
-0.108000	-0.502663
-0.096000	-0.504696
-0.084000	-0.506494
-0.072000	-0.508057
-0.060000	-0.509384
-0.048000	-0.510475
-0.036000	-0.511327
-0.024000	-0.511943
-0.012000	-0.512320
0.000000	-0.512459
0.012000	-0.512360
0.024000	-0.512022
0.036000	-0.511446
0.048000	-0.510633
0.060000	-0.509582
0.072000	-0.508295
0.084000	-0.506771
0.096000	-0.505012
0.108000	-0.503018
0.120000	-0.500790
0.132000	-0.498330
0.144000	-0.495639
0.156000	-0.492717
0.168000	-0.489567
0.180000	-0.486189
0.192000	-0.482586
0.204000	-0.478760
0.216000	-0.474711
0.228000	-0.470443
0.240000	-0.465956
0.252000	-0.461254
0.264000	-0.456339
0.276000	-0.451212
0.288000	-0.445877
0.300000	-0.440336
0.312000	-0.434592
0.324000	-0.428647
0.336000	-0.422505
0.348000	-0.416168
0.360000	-0.409639
0.372000	-0.402922
0.384000	-0.396019
0.396000	-0.388934
0.408000	-0.381671
0.420000	-0.374233
0.432000	-0.366623
0.444000	-0.358845
0.456000	-0.350902
0.468000	-0.342800
0.480000	-0.334541
0.492000	-0.326129
0.504000	-0.317568
0.516000	-0.308862
0.528000	-0.300017
0.540000	-0.291034
0.552000	-0.281920
0.564000	-0.272677
0.576000	-0.263311
0.588000	-0.253826
0.600000	-0.244226
0.612000	-0.234516
0.624000	-0.224700
0.636000	-0.214783
0.648000	-0.204770
0.660000	-0.194664
0.672000	-0.184471
0.684000	-0.174196
0.696000	-0.163842
0.708000	-0.153416
0.720000	-0.142921
0.732000	-0.132362
0.744000	-0.121745
0.756000	-0.111073
0.768000	-0.100353
0.780000	-0.089587
0.792000	-0.078783
0.804000	-0.067944
0.816000	-0.057074
0.828000	-0.046180
0.840000	-0.035265
0.852000	-0.024335
0.864000	-0.013395
0.876000	-0.002448
0.888000	0.008499
0.900000	0.019443
0.912000	0.030378
0.924000	0.041301
0.936000	0.052205
0.948000	0.063087
0.960000	0.073942
0.972000	0.084765
0.984000	0.095552
0.996000	0.106299
1.008000	0.117000
1.020000	0.127651
1.032000	0.138249
1.044000	0.148788
1.056000	0.159265
1.068000	0.169675
1.080000	0.180014
1.092000	0.190277
1.104000	0.200462
1.116000	0.210563
1.128000	0.220578
1.140000	0.230501
1.152000	0.240330
1.164000	0.250060
1.176000	0.259689
1.188000	0.269211
1.200000	0.278624
1.212000	0.287925
1.224000	0.297110
1.236000	0.306175
1.248000	0.315118
1.260000	0.323935
1.272000	0.332624
1.284000	0.341181
1.296000	0.349604
1.308000	0.357889
1.320000	0.366035
1.332000	0.374038
1.344000	0.381897
1.356000	0.389607
1.368000	0.397168
1.380000	0.404578
1.392000	0.411833
1.404000	0.418932
1.416000	0.425872
1.428000	0.432653
1.440000	0.439272
1.452000	0.445728
1.464000	0.452019
1.476000	0.458144
1.488000	0.464101
1.500000	0.469888
1.512000	0.475506
1.524000	0.480952
1.536000	0.486226
1.548000	0.491327
1.560000	0.496254
1.572000	0.501006
1.584000	0.505583
1.596000	0.509984
1.608000	0.514209
1.620000	0.518258
1.632000	0.522129
1.644000	0.525825
1.656000	0.529343
1.668000	0.532684
1.680000	0.535849
1.692000	0.538838
1.704000	0.541650
1.716000	0.544287
1.728000	0.546749
1.740000	0.549036
1.752000	0.551150
1.764000	0.553090
1.776000	0.554858
1.788000	0.556455
1.800000	0.557882
1.812000	0.559140
1.824000	0.560229
1.836000	0.561152
1.848000	0.561910
1.860000	0.562503
1.872000	0.562934
1.884000	0.563204
1.896000	0.563315
1.908000	0.563268
1.920000	0.563064
1.932000	0.562707
1.944000	0.562198
1.956000	0.561538
1.968000	0.560729
1.980000	0.559775
1.992000	0.558676
2.004000	0.557435
2.016000	0.556054
2.028000	0.554535
2.040000	0.552881
2.052000	0.551094
2.064000	0.549176
2.076000	0.547130
2.088000	0.544959
2.100000	0.542664
2.112000	0.540248
2.124000	0.537714
2.136000	0.535065
2.148000	0.532302
2.160000	0.529430
2.172000	0.526449
2.184000	0.523364
2.196000	0.520177
2.208000	0.516890
2.220000	0.513506
2.232000	0.510028
2.244000	0.506460
2.256000	0.502803
2.268000	0.499060
2.280000	0.495234
2.292000	0.491329
2.304000	0.487346
2.316000	0.483289
2.328000	0.479161
2.340000	0.474964
2.352000	0.470701
2.364000	0.466375
2.376000	0.461988
2.388000	0.457545
2.400000	0.453046
2.412000	0.448495
2.424000	0.443896
2.436000	0.439249
2.448000	0.434560
2.460000	0.429828
2.472000	0.425059
2.484000	0.420254
2.496000	0.415415
2.508000	0.410547
2.520000	0.405650
2.532000	0.400728
2.544000	0.395783
2.556000	0.390817
2.568000	0.385834
2.580000	0.380835
2.592000	0.375823
2.604000	0.370800
2.616000	0.365769
2.628000	0.360732
2.640000	0.355691
2.652000	0.350648
2.664000	0.345606
2.676000	0.340566
2.688000	0.335531
2.700000	0.330503
2.712000	0.325483
2.724000	0.320474
2.736000	0.315478
2.748000	0.310497
2.760000	0.305531
2.772000	0.300584
2.784000	0.295657
2.796000	0.290752
2.808000	0.285869
2.820000	0.281012
2.832000	0.276180
2.844000	0.271377
2.856000	0.266603
2.868000	0.261860
2.880000	0.257149
2.892000	0.252472
2.904000	0.247829
2.916000	0.243222
2.928000	0.238653
2.940000	0.234122
2.952000	0.229630
2.964000	0.225179
2.976000	0.220769
2.988000	0.216401
3.000000	0.212077
3.012000	0.207797
3.024000	0.203562
3.036000	0.199373
3.048000	0.195230
3.060000	0.191134
3.072000	0.187086
3.084000	0.183087
3.096000	0.179136
3.108000	0.175236
3.120000	0.171385
3.132000	0.167584
3.144000	0.163834
3.156000	0.160136
3.168000	0.156488
3.180000	0.152893
3.192000	0.149350
3.204000	0.145858
3.216000	0.142420
3.228000	0.139033
3.240000	0.135699
3.252000	0.132418
3.264000	0.129190
3.276000	0.126014
3.288000	0.122892
3.300000	0.119821
3.312000	0.116803
3.324000	0.113838
3.336000	0.110925
3.348000	0.108064
3.360000	0.105255
3.372000	0.102498
3.384000	0.099792
3.396000	0.097137
3.408000	0.094534
3.420000	0.091980
3.432000	0.089477
3.444000	0.087024
3.456000	0.084621
3.468000	0.082266
3.480000	0.079961
3.492000	0.077703
3.504000	0.075493
3.516000	0.073331
3.528000	0.071216
3.540000	0.069146
3.552000	0.067123
3.564000	0.065145
3.576000	0.063212
3.588000	0.061324
3.600000	0.059479
3.612000	0.057677
3.624000	0.055918
3.636000	0.054201
3.648000	0.052525
3.660000	0.050891
3.672000	0.049296
3.684000	0.047741
3.696000	0.046226
3.708000	0.044748
3.720000	0.043309
3.732000	0.041907
3.744000	0.040541
3.756000	0.039211
3.768000	0.037917
3.780000	0.036657
3.792000	0.035432
3.804000	0.034240
3.816000	0.033081
3.828000	0.031954
3.840000	0.030859
3.852000	0.029794
3.864000	0.028760
3.876000	0.027756
3.888000	0.026781
3.900000	0.025834
3.912000	0.024916
3.924000	0.024024
3.936000	0.023160
3.948000	0.022321
3.960000	0.021508
3.972000	0.020720
3.984000	0.019957
3.996000	0.019217
4.008000	0.018500
4.020000	0.017807
4.032000	0.017135
4.044000	0.016485
4.056000	0.015856
4.068000	0.015247
4.080000	0.014659
4.092000	0.014090
4.104000	0.013540
4.116000	0.013009
4.128000	0.012495
4.140000	0.011999
4.152000	0.011520
4.164000	0.011058
4.176000	0.010611
4.188000	0.010181
4.200000	0.009765
4.212000	0.009365
4.224000	0.008979
4.236000	0.008606
4.248000	0.008247
4.260000	0.007902
4.272000	0.007569
4.284000	0.007248
4.296000	0.006939
4.308000	0.006642
4.320000	0.006356
4.332000	0.006081
4.344000	0.005817
4.356000	0.005562
4.368000	0.005318
4.380000	0.005083
4.392000	0.004857
4.404000	0.004640
4.416000	0.004432
4.428000	0.004232
4.440000	0.004040
4.452000	0.003856
4.464000	0.003680
4.476000	0.003510
4.488000	0.003348
4.500000	0.003192
4.512000	0.003043
4.524000	0.002900
4.536000	0.002764
4.548000	0.002632
4.560000	0.002507
4.572000	0.002387
4.584000	0.002272
4.596000	0.002162
4.608000	0.002057
4.620000	0.001957
4.632000	0.001861
4.644000	0.001769
4.656000	0.001681
4.668000	0.001598
4.680000	0.001518
4.692000	0.001442
4.704000	0.001369
4.716000	0.001299
4.728000	0.001233
4.740000	0.001170
4.752000	0.001110
4.764000	0.001053
4.776000	0.000998
4.788000	0.000946
4.800000	0.000896
4.812000	0.000849
4.824000	0.000804
4.836000	0.000761
4.848000	0.000721
4.860000	0.000682
4.872000	0.000645
4.884000	0.000610
4.896000	0.000577
4.908000	0.000546
4.920000	0.000516
4.932000	0.000487
4.944000	0.000460
4.956000	0.000435
4.968000	0.000411
4.980000	0.000388
4.992000	0.000366
5.004000	0.000345
5.016000	0.000325
5.028000	0.000307
5.040000	0.000289
5.052000	0.000273
5.064000	0.000257
5.076000	0.000242
5.088000	0.000228
5.100000	0.000214
5.112000	0.000202
5.124000	0.000190
5.136000	0.000179
5.148000	0.000168
5.160000	0.000158
5.172000	0.000148
5.184000	0.000140
5.196000	0.000131
5.208000	0.000123
5.220000	0.000116
5.232000	0.000108
5.244000	0.000102
5.256000	0.000095
5.268000	0.000090
5.280000	0.000084
5.292000	0.000079
5.304000	0.000074
5.316000	0.000069
5.328000	0.000065
5.340000	0.000061
5.352000	0.000057
5.364000	0.000053
5.376000	0.000050
5.388000	0.000046
5.400000	0.000043
5.412000	0.000041
5.424000	0.000038
5.436000	0.000035
5.448000	0.000033
5.460000	0.000031
5.472000	0.000029
5.484000	0.000027
5.496000	0.000025
5.508000	0.000023
5.520000	0.000022
5.532000	0.000020
5.544000	0.000019
5.556000	0.000018
5.568000	0.000016
5.580000	0.000015
5.592000	0.000014
5.604000	0.000013
5.616000	0.000012
5.628000	0.000011
5.640000	0.000011
5.652000	0.000010
5.664000	0.000009
5.676000	0.000009
5.688000	0.000008
5.700000	0.000007
5.712000	0.000007
5.724000	0.000006
5.736000	0.000006
5.748000	0.000005
5.760000	0.000005
5.772000	0.000005
5.784000	0.000004
5.796000	0.000004
5.808000	0.000004
5.820000	0.000003
5.832000	0.000003
5.844000	0.000003
5.856000	0.000003
5.868000	0.000002
5.880000	0.000002
5.892000	0.000002
5.904000	0.000002
5.916000	0.000002
5.928000	0.000001
5.940000	0.000001
5.952000	0.000001
5.964000	0.000001
5.976000	0.000001
5.988000	0.000001
